INSTANCE_FILE: big_instance/200.40.3.txt
INSTANCE_BASE: 200.40.3
SOLVER: light
TRAFFIC: light
SIGMA: 0.9,0.7,0.8,0.9,0.7,0.8,0.9,0.7,0.8,0.9,0.7,0.8
RUN: 1
---SOLVER OUTPUT---
Initial solution cost: 42296.819653
Improved solution cost: 22469.462433
Worst solution cost: 22469.462433
Mean solution cost: 22469.462433
Mean elapsed time: 2447.120283 seconds
Final solution feasibility: FEASIBLE
Solution Details:
Truck Routes:
Truck 1: 0 193 13 138 34 184 196 127 0 129 55 117 124 82 0 126 125 0 145 0 |Truck Time: 22469.462433|22469.462433,0.000000,0.000000,0.000000
Truck 2: 0 150 24 0 29 98 37 61 56 1 144 0 73 60 99 168 52 0 161 175 80 87 0 86 154 18 191 0 |Truck Time: 22430.994105|22430.994105,0.000000,0.000000,0.000000
Truck 3: 0 166 21 109 178 167 0 71 198 94 120 0 151 135 105 39 72 84 0 42 43 11 57 149 0 90 68 19 0 |Truck Time: 22398.140609|22398.140609,0.000000,0.000000,0.000000
Truck 4: 0 70 142 66 88 0 159 140 181 92 0 58 121 65 185 0 77 177 14 114 97 0 180 189 0 |Truck Time: 22465.662436|22465.662436,0.000000,0.000000,0.000000
Truck 5: 0 171 33 183 22 32 93 0 112 89 4 153 64 0 104 188 133 46 44 0 200 170 190 148 20 0 |Truck Time: 22429.511686|22429.511686,0.000000,0.000000,0.000000
Truck 6: 0 152 23 113 132 75 0 197 6 91 169 7 0 25 41 40 106 45 0 194 63 31 0 115 187 182 158 0 |Truck Time: 22444.281291|22444.281291,0.000000,0.000000,0.000000
Drone Routes:
Drone 1: 0 50 160 131 199 0 16 111 53 0 122 0 195 0 119 165 0 30 147 0 143 107 0 67 164 0 136 36 0 79 28 0 |Drone Time: 22413.578274|22413.578274,0.000000,0.000000,0.000000
Drone 2: 0 38 141 0 51 118 0 96 0 76 5 0 108 0 102 0 48 78 0 74 0 15 134 174 59 0 |Drone Time: 22442.487534|22442.487534,0.000000,0.000000,0.000000
Drone 3: 0 172 95 179 103 0 69 100 176 0 157 137 3 0 128 123 83 0 186 17 0 49 2 0 130 116 0 173 85 0 35 27 0 |Drone Time: 22395.593925|22395.593925,0.000000,0.000000,0.000000
Drone 4: 0 155 0 9 0 12 0 156 47 0 101 192 110 0 139 81 0 54 10 0 62 146 0 163 162 0 8 26 0 |Drone Time: 22465.226524|22465.226524,0.000000,0.000000,0.000000
Total validation: Makespan=22469.462433, Deadline violation=0.000000, Energy violation=0.000000, Capacity violation=0.000000
