INSTANCE_FILE: big_instance/200.40.3.txt
INSTANCE_BASE: 200.40.3
SOLVER: light
TRAFFIC: light
SIGMA: 0.9,0.7,0.8,0.9,0.7,0.8,0.9,0.7,0.8,0.9,0.7,0.8
RUN: 5
---SOLVER OUTPUT---
Initial solution cost: 42296.819653
Improved solution cost: 22485.606325
Worst solution cost: 22485.606325
Mean solution cost: 22485.606325
Mean elapsed time: 2380.016154 seconds
Final solution feasibility: FEASIBLE
Solution Details:
Truck Routes:
Truck 1: 0 21 166 109 75 0 126 82 125 64 0 99 60 168 0 129 55 124 0 |Truck Time: 22377.903175|22377.903175,0.000000,0.000000,0.000000
Truck 2: 0 32 22 93 66 142 0 73 181 92 50 53 161 0 1 56 2 133 46 0 113 88 128 144 0 42 182 187 154 18 191 152 0 |Truck Time: 22453.173158|22453.173158,0.000000,0.000000,0.000000
Truck 3: 0 31 198 24 0 149 158 57 0 138 193 192 101 165 159 0 140 150 87 80 175 0 171 177 14 114 97 28 0 |Truck Time: 22475.524299|22475.524299,0.000000,0.000000,0.000000
Truck 4: 0 3 189 0 29 106 45 0 58 121 65 185 0 26 34 184 196 127 0 188 98 37 61 104 0 |Truck Time: 22485.606325|22485.606325,0.000000,0.000000,0.000000
Truck 5: 0 39 84 0 120 148 190 94 20 180 0 115 77 108 43 11 0 23 0 112 78 72 105 151 83 0 |Truck Time: 22427.003992|22427.003992,0.000000,0.000000,0.000000
Truck 6: 0 176 19 194 71 63 0 33 183 41 40 25 0 62 197 6 91 169 7 10 70 0 89 4 153 0 44 0 |Truck Time: 22024.373309|22024.373309,0.000000,0.000000,0.000000
Drone Routes:
Drone 1: 0 8 137 13 110 0 157 139 186 0 170 0 195 0 12 0 5 0 30 147 0 16 96 0 74 0 38 141 0 |Drone Time: 22485.370053|22485.370053,0.000000,0.000000,0.000000
Drone 2: 0 172 95 49 0 15 100 174 0 136 36 76 0 17 0 167 178 0 122 0 156 0 54 0 67 164 0 27 35 0 |Drone Time: 22483.777250|22483.777250,0.000000,0.000000,0.000000
Drone 3: 0 48 117 173 0 119 0 146 0 79 0 160 116 130 0 162 163 0 102 0 107 143 0 85 135 0 |Drone Time: 22482.421900|22482.421900,0.000000,0.000000,0.000000
Drone 4: 0 9 0 103 179 118 132 0 134 199 131 59 0 81 0 123 86 0 200 69 68 90 0 51 0 155 0 52 111 0 145 47 0 |Drone Time: 22480.725113|22480.725113,0.000000,0.000000,0.000000
Total validation: Makespan=22485.606325, Deadline violation=0.000000, Energy violation=0.000000, Capacity violation=0.000000
