INSTANCE_FILE: big_instance/200.20.4.txt
INSTANCE_BASE: 200.20.4
SOLVER: light
TRAFFIC: light
SIGMA: 0.9,0.7,0.8,0.9,0.7,0.8,0.9,0.7,0.8,0.9,0.7,0.8
RUN: 5
---SOLVER OUTPUT---
Initial solution cost: 17641.737697
Improved solution cost: 7541.901271
Worst solution cost: 7541.901271
Mean solution cost: 7541.901271
Mean elapsed time: 1761.975921 seconds
Final solution feasibility: FEASIBLE
Solution Details:
Truck Routes:
Truck 1: 0 171 20 162 108 50 122 118 185 29 0 174 161 109 79 182 155 100 10 157 0 |Truck Time: 7526.071248|7526.071248,0.000000,0.000000,0.000000
Truck 2: 0 138 119 111 91 23 31 178 180 183 54 83 131 166 0 25 103 105 58 7 194 9 153 104 0 |Truck Time: 7504.866381|7504.866381,0.000000,0.000000,0.000000
Truck 3: 0 137 189 159 140 168 77 129 14 95 30 0 102 106 116 78 177 165 26 148 97 0 |Truck Time: 7540.450696|7540.450696,0.000000,0.000000,0.000000
Truck 4: 0 45 126 114 188 107 11 135 200 170 142 196 0 85 199 152 56 99 192 128 2 125 110 0 |Truck Time: 7541.901271|7541.901271,0.000000,0.000000,0.000000
Truck 5: 0 169 172 113 39 179 187 40 190 44 22 143 36 0 94 71 186 64 88 150 81 46 15 24 124 0 |Truck Time: 7508.587734|7508.587734,0.000000,0.000000,0.000000
Truck 6: 0 82 145 123 67 127 90 184 59 35 0 47 93 72 49 41 89 65 74 57 63 28 1 191 0 |Truck Time: 7506.186865|7506.186865,0.000000,0.000000,0.000000
Drone Routes:
Drone 1: 0 8 120 163 154 0 133 17 115 0 62 16 0 52 55 0 12 175 92 0 160 98 0 |Drone Time: 7501.504423|7501.504423,0.000000,0.000000,0.000000
Drone 2: 0 76 4 37 0 144 197 86 0 70 3 121 0 27 0 69 101 18 132 0 151 173 0 |Drone Time: 7528.261349|7528.261349,0.000000,0.000000,0.000000
Drone 3: 0 96 181 0 51 158 195 156 66 0 134 136 0 75 139 176 84 32 117 146 0 21 141 19 0 5 0 |Drone Time: 7519.036769|7519.036769,0.000000,0.000000,0.000000
Drone 4: 0 149 198 53 0 193 112 80 43 87 6 42 0 38 130 48 61 0 13 68 147 0 73 0 34 33 60 167 0 164 0 |Drone Time: 7516.899450|7516.899450,0.000000,0.000000,0.000000
Total validation: Makespan=7541.901271, Deadline violation=0.000000, Energy violation=0.000000, Capacity violation=0.000000
