INSTANCE_FILE: big_instance/200.20.2.txt
INSTANCE_BASE: 200.20.2
SOLVER: light
TRAFFIC: light
SIGMA: 0.9,0.7,0.8,0.9,0.7,0.8,0.9,0.7,0.8,0.9,0.7,0.8
RUN: 2
---SOLVER OUTPUT---
Initial solution cost: 17425.702742
Improved solution cost: 7554.007199
Worst solution cost: 7554.007199
Mean solution cost: 7554.007199
Mean elapsed time: 1627.738048 seconds
Final solution feasibility: FEASIBLE
Solution Details:
Truck Routes:
Truck 1: 0 106 42 103 68 144 29 146 0 147 200 113 138 145 79 98 155 130 110 0 |Truck Time: 7554.007199|7554.007199,0.000000,0.000000,0.000000
Truck 2: 0 150 54 136 198 56 97 178 111 78 126 165 47 0 148 175 154 5 199 93 117 35 157 15 0 |Truck Time: 7516.107656|7516.107656,0.000000,0.000000,0.000000
Truck 3: 0 36 52 107 77 71 160 119 140 64 41 3 172 2 0 193 74 182 143 24 70 121 125 0 |Truck Time: 7534.966624|7534.966624,0.000000,0.000000,0.000000
Truck 4: 0 184 50 120 189 34 89 9 141 90 82 28 0 80 1 186 159 191 32 44 27 40 192 177 142 59 0 |Truck Time: 7505.949781|7505.949781,0.000000,0.000000,0.000000
Truck 5: 0 57 122 118 21 102 73 156 166 127 39 185 76 0 151 179 43 8 171 105 83 0 |Truck Time: 7534.594953|7534.594953,0.000000,0.000000,0.000000
Truck 6: 0 132 99 183 17 197 176 187 104 10 48 134 53 0 91 31 114 101 174 96 164 194 112 131 0 |Truck Time: 7547.330524|7547.330524,0.000000,0.000000,0.000000
Drone Routes:
Drone 1: 0 13 66 168 0 69 170 23 0 7 14 30 0 67 169 180 109 0 62 149 0 161 181 22 0 |Drone Time: 7524.954477|7524.954477,0.000000,0.000000,0.000000
Drone 2: 0 95 65 167 0 60 116 129 92 0 139 94 163 0 25 0 123 88 85 45 188 0 115 4 0 |Drone Time: 7524.137700|7524.137700,0.000000,0.000000,0.000000
Drone 3: 0 152 19 37 33 11 61 0 16 86 100 196 0 38 108 173 6 63 0 162 128 195 0 18 87 0 |Drone Time: 7502.327972|7502.327972,0.000000,0.000000,0.000000
Drone 4: 0 158 133 135 58 0 153 46 49 0 124 12 190 0 75 55 26 0 84 0 137 51 0 20 0 81 0 72 0 |Drone Time: 7529.018703|7529.018703,0.000000,0.000000,0.000000
Total validation: Makespan=7554.007199, Deadline violation=0.000000, Energy violation=0.000000, Capacity violation=0.000000
