INSTANCE_FILE: big_instance/200.20.3.txt
INSTANCE_BASE: 200.20.3
SOLVER: light
TRAFFIC: light
SIGMA: 0.9,0.7,0.8,0.9,0.7,0.8,0.9,0.7,0.8,0.9,0.7,0.8
RUN: 5
---SOLVER OUTPUT---
Initial solution cost: 17069.250257
Improved solution cost: 7694.814467
Worst solution cost: 7694.814467
Mean solution cost: 7694.814467
Mean elapsed time: 1243.481298 seconds
Final solution feasibility: FEASIBLE
Solution Details:
Truck Routes:
Truck 1: 0 78 183 42 98 63 147 179 189 143 90 0 177 59 200 187 185 77 103 4 0 |Truck Time: 7643.671463|7643.671463,0.000000,0.000000,0.000000
Truck 2: 0 51 133 112 95 152 8 150 55 157 186 97 57 140 0 64 83 75 91 27 138 50 22 125 86 44 169 0 |Truck Time: 7689.006787|7689.006787,0.000000,0.000000,0.000000
Truck 3: 0 149 163 93 154 168 46 48 119 172 36 0 191 139 29 81 80 38 2 102 79 188 87 0 |Truck Time: 7682.854012|7682.854012,0.000000,0.000000,0.000000
Truck 4: 0 43 111 115 159 28 71 34 15 153 92 0 66 12 69 121 128 123 166 20 1 24 116 17 99 0 |Truck Time: 7694.814467|7694.814467,0.000000,0.000000,0.000000
Truck 5: 0 117 62 94 198 126 141 173 33 54 144 0 181 195 40 178 31 196 61 0 |Truck Time: 7678.632973|7678.632973,0.000000,0.000000,0.000000
Truck 6: 0 109 16 132 45 6 53 5 171 3 25 124 32 197 182 0 104 165 10 113 60 101 158 135 76 26 105 0 |Truck Time: 7670.139054|7670.139054,0.000000,0.000000,0.000000
Drone Routes:
Drone 1: 0 73 88 18 82 0 180 127 39 0 107 145 0 175 162 0 85 148 0 49 129 0 |Drone Time: 7692.144530|7692.144530,0.000000,0.000000,0.000000
Drone 2: 0 67 156 142 194 58 110 0 134 174 161 65 151 0 120 0 11 108 0 176 14 0 30 100 0 13 167 0 |Drone Time: 7690.153298|7690.153298,0.000000,0.000000,0.000000
Drone 3: 0 47 74 155 19 0 146 136 56 0 164 72 199 52 0 131 118 193 0 130 0 106 0 68 190 0 |Drone Time: 7624.306122|7624.306122,0.000000,0.000000,0.000000
Drone 4: 0 23 122 114 35 7 41 0 70 84 89 0 96 170 37 160 21 0 184 0 137 192 9 0 |Drone Time: 7604.745090|7604.745090,0.000000,0.000000,0.000000
Total validation: Makespan=7694.814467, Deadline violation=0.000000, Energy violation=0.000000, Capacity violation=0.000000
