INSTANCE_FILE: big_instance/200.40.2.txt
INSTANCE_BASE: 200.40.2
SOLVER: light
TRAFFIC: light
SIGMA: 0.9,0.7,0.8,0.9,0.7,0.8,0.9,0.7,0.8,0.9,0.7,0.8
RUN: 2
---SOLVER OUTPUT---
Initial solution cost: 41852.247064
Improved solution cost: 22830.621884
Worst solution cost: 22830.621884
Mean solution cost: 22830.621884
Mean elapsed time: 1388.374829 seconds
Final solution feasibility: FEASIBLE
Solution Details:
Truck Routes:
Truck 1: 0 135 41 0 112 165 109 193 0 178 186 0 85 0 |Truck Time: 22630.570015|22630.570015,0.000000,0.000000,0.000000
Truck 2: 0 166 180 128 0 97 78 116 175 153 148 40 0 157 67 8 70 0 200 51 10 172 162 38 106 0 |Truck Time: 22785.958792|22785.958792,0.000000,0.000000,0.000000
Truck 3: 0 127 163 167 123 11 0 188 19 0 125 197 164 15 114 0 100 60 87 105 0 191 69 42 0 |Truck Time: 22773.801474|22773.801474,0.000000,0.000000,0.000000
Truck 4: 0 137 46 161 192 0 14 0 17 31 113 0 54 96 0 18 177 198 0 |Truck Time: 22812.418445|22812.418445,0.000000,0.000000,0.000000
Truck 5: 0 39 101 174 133 2 5 52 0 94 73 91 0 68 30 140 145 72 29 170 0 122 12 107 44 0 194 84 131 187 132 0 |Truck Time: 22444.839046|22444.839046,0.000000,0.000000,0.000000
Truck 6: 0 173 159 24 134 0 139 48 88 3 179 0 59 22 151 93 9 63 0 89 168 7 130 98 0 92 20 110 34 0 |Truck Time: 22790.511838|22790.511838,0.000000,0.000000,0.000000
Drone Routes:
Drone 1: 0 108 0 83 76 120 0 149 0 47 0 129 0 195 86 0 49 28 0 37 13 1 0 74 154 0 80 90 0 155 0 |Drone Time: 22830.621884|22830.621884,0.000000,0.000000,0.000000
Drone 2: 0 171 21 4 118 0 66 53 64 0 143 0 136 50 0 77 65 176 0 104 56 102 0 79 117 0 45 82 0 160 0 124 119 0 |Drone Time: 22826.306518|22826.306518,0.000000,0.000000,0.000000
Drone 3: 0 196 158 27 0 103 185 16 0 152 36 99 0 138 146 75 182 126 0 181 0 32 0 95 190 0 61 62 0 169 189 0 |Drone Time: 22825.715698|22825.715698,0.000000,0.000000,0.000000
Drone 4: 0 144 81 0 23 0 43 156 141 183 25 0 55 71 35 0 57 0 111 0 121 150 26 0 6 147 0 142 33 0 58 199 184 115 0 |Drone Time: 22782.114486|22782.114486,0.000000,0.000000,0.000000
Total validation: Makespan=22830.621884, Deadline violation=0.000000, Energy violation=0.000000, Capacity violation=0.000000
