INSTANCE_FILE: big_instance/200.40.4.txt
INSTANCE_BASE: 200.40.4
SOLVER: light
TRAFFIC: light
SIGMA: 0.9,0.7,0.8,0.9,0.7,0.8,0.9,0.7,0.8,0.9,0.7,0.8
RUN: 3
---SOLVER OUTPUT---
Initial solution cost: 41353.934297
Improved solution cost: 22504.302926
Worst solution cost: 22504.302926
Mean solution cost: 22504.302926
Mean elapsed time: 1821.855304 seconds
Final solution feasibility: FEASIBLE
Solution Details:
Truck Routes:
Truck 1: 0 66 0 159 151 32 107 0 36 47 45 56 0 100 73 83 198 15 0 |Truck Time: 22397.758967|22397.758967,0.000000,0.000000,0.000000
Truck 2: 0 49 178 0 199 193 43 97 0 180 185 21 187 102 50 62 142 196 65 0 190 19 156 164 55 0 54 26 22 80 2 0 |Truck Time: 22502.117249|22502.117249,0.000000,0.000000,0.000000
Truck 3: 0 165 134 29 128 3 86 0 18 148 61 0 41 78 109 27 69 0 74 10 166 104 0 75 139 191 20 0 |Truck Time: 22411.351976|22411.351976,0.000000,0.000000,0.000000
Truck 4: 0 84 0 93 90 145 129 0 14 160 140 5 132 146 72 0 147 138 119 92 0 63 31 143 0 |Truck Time: 22485.222416|22485.222416,0.000000,0.000000,0.000000
Truck 5: 0 81 23 194 123 0 8 114 0 163 120 118 168 0 88 85 182 161 0 68 141 94 28 181 89 0 |Truck Time: 22455.579605|22455.579605,0.000000,0.000000,0.000000
Truck 6: 0 171 131 70 40 0 126 153 0 155 95 87 59 133 0 105 173 0 116 64 137 42 0 |Truck Time: 22141.877549|22141.877549,0.000000,0.000000,0.000000
Drone Routes:
Drone 1: 0 76 11 0 96 0 189 0 152 57 0 106 122 0 25 0 35 0 9 103 0 183 115 0 136 48 195 0 |Drone Time: 22483.707160|22483.707160,0.000000,0.000000,0.000000
Drone 2: 0 172 58 127 124 0 77 0 16 179 117 188 0 192 91 130 0 150 0 174 0 144 53 0 1 30 0 37 101 0 |Drone Time: 22504.302926|22504.302926,0.000000,0.000000,0.000000
Drone 3: 0 162 98 17 0 184 112 121 0 110 0 67 0 33 135 0 24 108 0 176 79 0 167 169 177 0 38 0 158 149 0 |Drone Time: 22474.086016|22474.086016,0.000000,0.000000,0.000000
Drone 4: 0 13 82 99 0 113 71 0 34 0 6 46 200 7 0 186 0 60 4 170 0 154 52 157 175 39 111 0 44 51 197 0 12 0 125 0 |Drone Time: 22459.424861|22459.424861,0.000000,0.000000,0.000000
Total validation: Makespan=22504.302926, Deadline violation=0.000000, Energy violation=0.000000, Capacity violation=0.000000
