INSTANCE_FILE: big_instance/200.10.2.txt
INSTANCE_BASE: 200.10.2
SOLVER: heavy
TRAFFIC: heavy
SIGMA: 0.6,0.4,0.5,0.6,0.4,0.5,0.6,0.4,0.5,0.6,0.4,0.5
RUN: 5
---SOLVER OUTPUT---
Initial solution cost: 10951.554196
Improved solution cost: 5663.882227
Worst solution cost: 5663.882227
Mean solution cost: 5663.882227
Mean elapsed time: 1513.399470 seconds
Final solution feasibility: FEASIBLE
Solution Details:
Truck Routes:
Truck 1: 0 19 30 115 85 129 113 131 6 0 147 87 140 5 117 103 141 20 0 |Truck Time: 5591.333656|5591.333656,0.000000,0.000000,0.000000
Truck 2: 0 157 194 90 98 58 150 123 82 112 17 18 110 34 66 128 151 41 0 133 38 76 193 175 13 0 |Truck Time: 5651.638753|5651.638753,0.000000,0.000000,0.000000
Truck 3: 0 181 120 158 56 137 122 64 182 96 173 48 180 0 91 189 200 125 188 198 164 54 0 |Truck Time: 5660.913129|5660.913129,0.000000,0.000000,0.000000
Truck 4: 0 4 130 49 172 9 197 33 127 160 102 36 0 65 93 166 42 135 60 153 119 114 154 14 0 |Truck Time: 5654.847020|5654.847020,0.000000,0.000000,0.000000
Truck 5: 0 126 162 83 10 55 161 51 183 8 0 138 32 149 95 111 78 171 94 187 0 |Truck Time: 5659.292664|5659.292664,0.000000,0.000000,0.000000
Truck 6: 0 3 100 176 22 57 2 7 195 47 63 156 21 40 185 81 31 0 106 174 74 199 136 0 |Truck Time: 5651.548302|5651.548302,0.000000,0.000000,0.000000
Drone Routes:
Drone 1: 0 77 15 165 0 184 155 107 0 1 62 68 0 134 0 27 0 169 0 53 97 39 25 0 59 50 0 79 132 0 |Drone Time: 5657.100967|5657.100967,0.000000,0.000000,0.000000
Drone 2: 0 145 89 72 67 73 35 0 121 142 88 0 61 0 86 69 23 0 124 37 46 0 179 0 70 0 191 44 0 190 0 192 0 |Drone Time: 5629.106286|5629.106286,0.000000,0.000000,0.000000
Drone 3: 0 92 118 108 170 0 101 84 24 0 80 0 148 0 168 11 0 163 75 0 26 0 105 152 0 |Drone Time: 5663.882227|5663.882227,0.000000,0.000000,0.000000
Drone 4: 0 99 0 12 104 0 196 167 109 0 159 178 71 16 146 177 0 28 186 45 0 52 139 0 43 144 0 29 116 0 143 0 |Drone Time: 5663.347830|5663.347830,0.000000,0.000000,0.000000
Total validation: Makespan=5663.882227, Deadline violation=0.000000, Energy violation=0.000000, Capacity violation=0.000000
