INSTANCE_FILE: big_instance/200.30.2.txt
INSTANCE_BASE: 200.30.2
SOLVER: light
TRAFFIC: light
SIGMA: 0.9,0.7,0.8,0.9,0.7,0.8,0.9,0.7,0.8,0.9,0.7,0.8
RUN: 1
---SOLVER OUTPUT---
Initial solution cost: 27957.480651
Improved solution cost: 13387.584097
Worst solution cost: 13387.584097
Mean solution cost: 13387.584097
Mean elapsed time: 1574.409479 seconds
Final solution feasibility: FEASIBLE
Solution Details:
Truck Routes:
Truck 1: 0 153 21 24 45 129 0 151 2 29 111 0 193 104 53 6 100 51 0 |Truck Time: 13360.326490|13360.326490,0.000000,0.000000,0.000000
Truck 2: 0 32 39 38 156 175 136 90 19 18 0 171 65 158 82 182 101 40 0 87 126 170 58 164 160 110 0 |Truck Time: 13383.462173|13383.462173,0.000000,0.000000,0.000000
Truck 3: 0 103 185 44 48 0 74 16 130 122 107 0 80 190 165 96 150 47 61 112 142 177 0 7 0 |Truck Time: 13320.936052|13320.936052,0.000000,0.000000,0.000000
Truck 4: 0 34 11 194 4 102 26 86 135 89 0 161 146 140 20 133 85 196 0 132 3 115 17 83 149 113 43 162 54 0 |Truck Time: 13387.584097|13387.584097,0.000000,0.000000,0.000000
Truck 5: 0 174 49 138 72 180 131 77 68 55 198 10 183 0 167 176 27 117 186 184 169 148 0 71 118 69 0 |Truck Time: 13367.060526|13367.060526,0.000000,0.000000,0.000000
Truck 6: 0 31 14 60 50 23 0 33 91 56 5 0 63 36 159 144 154 8 125 134 0 |Truck Time: 13384.375384|13384.375384,0.000000,0.000000,0.000000
Drone Routes:
Drone 1: 0 195 179 108 78 120 35 0 9 22 42 0 147 192 64 166 0 188 94 114 0 143 66 0 1 15 0 84 92 0 |Drone Time: 13367.156409|13367.156409,0.000000,0.000000,0.000000
Drone 2: 0 99 139 41 52 0 73 0 81 106 200 0 59 181 199 123 0 37 173 0 124 178 0 62 0 172 0 |Drone Time: 13370.501436|13370.501436,0.000000,0.000000,0.000000
Drone 3: 0 28 168 152 70 155 0 67 46 79 0 189 191 116 0 141 25 0 127 12 0 187 145 0 30 137 0 |Drone Time: 13322.656890|13322.656890,0.000000,0.000000,0.000000
Drone 4: 0 157 13 57 0 197 105 109 0 93 95 0 98 76 0 128 97 0 119 0 121 163 88 0 75 0 |Drone Time: 13335.532243|13335.532243,0.000000,0.000000,0.000000
Total validation: Makespan=13387.584097, Deadline violation=0.000000, Energy violation=0.000000, Capacity violation=0.000000
