INSTANCE_FILE: big_instance/200.30.4.txt
INSTANCE_BASE: 200.30.4
SOLVER: light
TRAFFIC: light
SIGMA: 0.9,0.7,0.8,0.9,0.7,0.8,0.9,0.7,0.8,0.9,0.7,0.8
RUN: 3
---SOLVER OUTPUT---
Initial solution cost: 28823.147714
Improved solution cost: 13565.494128
Worst solution cost: 13565.494128
Mean solution cost: 13565.494128
Mean elapsed time: 1649.813090 seconds
Final solution feasibility: FEASIBLE
Solution Details:
Truck Routes:
Truck 1: 0 47 8 95 134 49 113 0 118 6 110 58 173 33 0 194 114 22 54 13 11 45 168 67 124 0 |Truck Time: 13384.662207|13384.662207,0.000000,0.000000,0.000000
Truck 2: 0 122 138 43 145 98 37 198 73 101 0 159 123 135 172 68 87 0 4 24 116 41 190 151 0 |Truck Time: 13555.098081|13555.098081,0.000000,0.000000,0.000000
Truck 3: 0 31 12 126 60 158 185 0 174 176 85 147 0 175 161 196 94 167 140 30 106 20 0 |Truck Time: 13496.805113|13496.805113,0.000000,0.000000,0.000000
Truck 4: 0 36 136 164 0 191 29 19 34 112 79 56 0 119 28 170 154 163 69 76 125 0 |Truck Time: 13565.494128|13565.494128,0.000000,0.000000,0.000000
Truck 5: 0 197 40 121 149 104 39 64 195 50 0 25 77 171 53 23 61 166 0 35 127 141 9 117 153 17 18 3 0 |Truck Time: 13549.185781|13549.185781,0.000000,0.000000,0.000000
Truck 6: 0 72 179 62 102 131 177 80 0 89 143 38 186 83 155 84 0 96 144 162 27 16 0 |Truck Time: 13550.984539|13550.984539,0.000000,0.000000,0.000000
Drone Routes:
Drone 1: 0 71 88 188 90 200 0 78 142 0 120 59 129 0 46 0 2 181 75 0 14 52 183 100 0 148 105 0 10 184 0 |Drone Time: 13457.742530|13457.742530,0.000000,0.000000,0.000000
Drone 2: 0 42 130 169 109 0 192 111 115 108 91 0 150 139 74 199 0 81 7 0 187 133 146 0 55 21 178 0 107 0 |Drone Time: 13524.025362|13524.025362,0.000000,0.000000,0.000000
Drone 3: 0 57 103 48 0 182 193 0 97 65 0 132 15 189 44 0 160 156 0 66 86 5 0 63 165 0 157 0 |Drone Time: 13520.531805|13520.531805,0.000000,0.000000,0.000000
Drone 4: 0 51 32 0 128 1 0 180 0 99 0 82 152 0 137 0 93 0 92 70 0 26 0 |Drone Time: 13548.279519|13548.279519,0.000000,0.000000,0.000000
Total validation: Makespan=13565.494128, Deadline violation=0.000000, Energy violation=0.000000, Capacity violation=0.000000
