INSTANCE_FILE: big_instance/200.30.3.txt
INSTANCE_BASE: 200.30.3
SOLVER: heavy
TRAFFIC: heavy
SIGMA: 0.6,0.4,0.5,0.6,0.4,0.5,0.6,0.4,0.5,0.6,0.4,0.5
RUN: 1
---SOLVER OUTPUT---
Initial solution cost: 40288.816094
Improved solution cost: 24237.724212
Worst solution cost: 24237.724212
Mean solution cost: 24237.724212
Mean elapsed time: 1472.207748 seconds
Final solution feasibility: FEASIBLE
Solution Details:
Truck Routes:
Truck 1: 0 176 174 162 144 0 6 102 0 24 58 15 0 198 0 78 163 85 0 |Truck Time: 23883.744135|23883.744135,0.000000,0.000000,0.000000
Truck 2: 0 3 127 41 0 20 49 167 98 52 0 17 170 0 45 134 188 90 181 0 |Truck Time: 24126.113910|24126.113910,0.000000,0.000000,0.000000
Truck 3: 0 72 139 194 187 199 133 0 80 112 73 4 55 147 71 0 153 130 60 0 109 193 9 8 103 0 |Truck Time: 23907.483895|23907.483895,0.000000,0.000000,0.000000
Truck 4: 0 191 186 145 152 0 83 47 0 36 39 183 95 68 180 104 0 117 35 0 172 89 76 38 7 0 |Truck Time: 24237.724212|24237.724212,0.000000,0.000000,0.000000
Truck 5: 0 96 84 116 0 161 101 184 178 28 0 66 182 0 42 114 124 0 16 0 |Truck Time: 24198.042331|24198.042331,0.000000,0.000000,0.000000
Truck 6: 0 123 128 94 108 0 86 158 10 0 67 22 0 166 136 175 1 82 0 |Truck Time: 24225.369720|24225.369720,0.000000,0.000000,0.000000
Drone Routes:
Drone 1: 0 192 29 0 200 146 0 62 143 0 140 110 0 179 0 141 159 169 190 0 119 0 149 0 150 155 189 0 23 25 0 40 137 0 59 27 0 115 0 122 92 0 |Drone Time: 24233.693961|24233.693961,0.000000,0.000000,0.000000
Drone 2: 0 74 81 79 0 173 0 14 0 33 142 0 107 131 0 160 0 129 0 87 51 0 88 0 105 0 30 111 0 63 0 43 37 0 93 138 0 |Drone Time: 24097.274577|24097.274577,0.000000,0.000000,0.000000
Drone 3: 0 31 48 151 135 0 26 54 120 5 32 0 99 168 56 0 44 0 46 97 0 11 0 106 0 77 0 165 185 65 0 75 0 50 61 0 126 0 157 195 0 |Drone Time: 24209.364516|24209.364516,0.000000,0.000000,0.000000
Drone 4: 0 70 0 148 0 69 0 21 196 0 132 125 91 57 0 177 0 34 197 18 0 164 0 154 13 0 113 118 0 64 0 171 0 12 2 0 19 156 100 53 0 121 0 |Drone Time: 24220.590230|24220.590230,0.000000,0.000000,0.000000
Total validation: Makespan=24237.724212, Deadline violation=0.000000, Energy violation=0.000000, Capacity violation=0.000000
