INSTANCE_FILE: big_instance/200.20.3.txt
INSTANCE_BASE: 200.20.3
SOLVER: heavy
TRAFFIC: heavy
SIGMA: 0.6,0.4,0.5,0.6,0.4,0.5,0.6,0.4,0.5,0.6,0.4,0.5
RUN: 4
---SOLVER OUTPUT---
Initial solution cost: 23304.851808
Improved solution cost: 12043.572879
Worst solution cost: 12043.572879
Mean solution cost: 12043.572879
Mean elapsed time: 1345.942550 seconds
Final solution feasibility: FEASIBLE
Solution Details:
Truck Routes:
Truck 1: 0 195 40 200 59 177 0 159 63 179 189 34 90 153 120 0 |Truck Time: 11278.793549|11278.793549,0.000000,0.000000,0.000000
Truck 2: 0 69 121 135 66 104 0 152 95 57 0 181 196 167 186 157 97 140 0 |Truck Time: 12038.094278|12038.094278,0.000000,0.000000,0.000000
Truck 3: 0 73 172 154 168 93 141 173 0 92 44 169 190 33 87 0 51 112 109 16 171 76 3 25 26 124 0 |Truck Time: 11836.452597|11836.452597,0.000000,0.000000,0.000000
Truck 4: 0 116 166 123 20 1 24 17 99 0 14 4 145 180 100 0 119 18 138 27 22 125 86 137 0 |Truck Time: 12043.572879|12043.572879,0.000000,0.000000,0.000000
Truck 5: 0 45 6 53 150 8 0 94 62 117 68 36 0 64 79 80 38 83 0 |Truck Time: 12029.235810|12029.235810,0.000000,0.000000,0.000000
Truck 6: 0 10 165 128 101 60 113 72 105 0 111 42 43 11 183 115 28 0 144 54 182 197 199 32 0 |Truck Time: 12041.385974|12041.385974,0.000000,0.000000,0.000000
Drone Routes:
Drone 1: 0 96 170 37 35 102 0 70 84 89 0 58 194 13 55 0 191 184 0 52 82 75 50 0 23 2 0 149 46 74 0 156 31 0 176 0 |Drone Time: 12006.896263|12006.896263,0.000000,0.000000,0.000000
Drone 2: 0 107 146 136 56 0 118 193 160 0 133 12 21 0 19 161 155 0 41 7 29 0 91 88 0 30 127 0 185 0 78 0 39 103 0 |Drone Time: 12014.022279|12014.022279,0.000000,0.000000,0.000000
Drone 3: 0 163 198 0 192 9 114 122 0 143 71 151 0 77 0 162 174 0 147 0 65 175 98 0 139 188 0 15 0 178 110 0 |Drone Time: 12030.804021|12030.804021,0.000000,0.000000,0.000000
Drone 4: 0 106 0 130 0 187 142 67 61 0 5 132 131 164 0 81 0 108 126 47 0 158 0 134 129 49 0 85 148 0 48 0 |Drone Time: 12015.664986|12015.664986,0.000000,0.000000,0.000000
Total validation: Makespan=12043.572879, Deadline violation=0.000000, Energy violation=0.000000, Capacity violation=0.000000
