trucks_count 1
drones_count 1
customers 100
depot 0 0
Coordinate X Coordinate Y Dronable Demand
X Y Dronable Demand Drone_service Truck_service Lw
-639.398 -999.142 1 1.22 60 60 3600
-3592.739 -3443.595 1 0.88 60 60 3600
-3922.181 -1229.908 1 1.65 60 60 3600
-3627.668 2059.965 1 0.47 60 60 3600
-398.085 -2153.263 1 1.29 60 60 3600
-3590.895 4058.881 1 0.64 60 60 3600
3948.827 -2836.667 1 0.59 60 60 3600
4546.659 -2293.919 1 0.33 60 60 3600
-1563.998 -1520.230 1 1.20 60 60 3600
-1879.442 4637.090 1 0.32 60 60 3600
-3007.641 4850.491 1 0.58 60 60 3600
-268.064 -197.693 1 0.34 60 60 3600
836.045 -263.149 1 1.97 60 60 3600
-2258.165 750.108 1 0.54 60 60 3600
-4961.680 -2520.485 1 0.50 60 60 3600
1974.367 3001.666 1 0.62 60 60 3600
-2678.303 1035.710 1 0.72 60 60 3600
1592.380 -3438.474 1 1.61 60 60 3600
-1484.267 289.510 1 0.97 60 60 3600
-3929.321 -4440.310 1 1.33 60 60 3600
-2490.469 4808.824 1 1.91 60 60 3600
-4275.807 217.185 1 1.66 60 60 3600
3352.838 -3030.431 1 1.58 60 60 3600
1079.365 2136.832 1 0.34 60 60 3600
-1873.871 -269.539 1 1.38 60 60 3600
-4.583 561.654 1 1.33 60 60 3600
66.117 -4185.009 1 0.62 60 60 3600
-4736.288 2898.973 1 1.71 60 60 3600
-4751.627 -4440.043 1 0.31 60 60 3600
-3099.719 2195.731 1 0.97 60 60 3600
805.606 -901.169 1 1.13 60 60 3600
-2919.835 -2011.808 1 1.00 60 60 3600
761.375 1492.144 1 0.48 60 60 3600
-1806.403 1256.157 1 2.00 60 60 3600
-4919.580 -1317.194 1 0.44 60 60 3600
-2157.410 2325.864 1 1.13 60 60 3600
-1912.261 3331.752 1 1.95 60 60 3600
-1137.979 826.952 1 1.37 60 60 3600
967.739 -4006.373 1 1.51 60 60 3600
-4561.148 -3136.925 1 1.92 60 60 3600
836.659 -3366.384 1 1.15 60 60 3600
450.629 955.348 1 1.99 60 60 3600
711.034 312.731 1 1.67 60 60 3600
2203.833 -3756.382 1 1.30 60 60 3600
-101.389 1595.405 1 0.57 60 60 3600
1858.262 -1643.462 1 0.32 60 60 3600
1900.726 2182.362 1 1.07 60 60 3600
-4884.921 291.903 1 0.39 60 60 3600
195.400 -4825.099 1 0.67 60 60 3600
-4252.954 -660.974 1 0.77 60 60 3600
-1415.968 -3512.691 1 0.85 60 60 3600
2472.677 -3087.104 1 1.23 60 60 3600
-901.903 2219.487 1 1.89 60 60 3600
-2644.423 2978.022 1 0.24 60 60 3600
-3540.298 -2747.867 1 0.87 60 60 3600
-1150.554 -680.566 1 0.21 60 60 3600
2755.540 -2013.411 1 0.21 60 60 3600
-4371.490 -3702.570 1 0.54 60 60 3600
2872.217 -2562.375 1 1.66 60 60 3600
-4033.776 3647.934 1 1.37 60 60 3600
1136.493 -4687.385 1 0.49 60 60 3600
867.898 3233.568 1 1.66 60 60 3600
1262.211 -1112.888 1 1.46 60 60 3600
-4161.603 -1941.109 1 0.43 60 60 3600
1272.873 -2847.799 1 1.97 60 60 3600
-4392.878 4827.247 1 0.61 60 60 3600
-4343.160 2560.427 1 1.57 60 60 3600
-2105.676 -1181.350 1 0.20 60 60 3600
-850.938 -2555.896 1 1.37 60 60 3600
515.572 2813.168 1 1.26 60 60 3600
-1951.160 3913.132 1 1.33 60 60 3600
2151.071 778.071 1 0.80 60 60 3600
-1527.354 4264.413 1 1.67 60 60 3600
4260.374 -1206.508 1 1.65 60 60 3600
-3655.541 -137.736 1 1.84 60 60 3600
2981.161 -3647.177 1 0.31 60 60 3600
3754.955 -2009.460 1 0.99 60 60 3600
1789.214 -4419.604 1 0.57 60 60 3600
157.820 -3374.599 1 1.90 60 60 3600
1266.440 469.214 1 1.54 60 60 3600
-2941.940 -3469.121 1 1.49 60 60 3600
2329.136 -4941.216 1 1.56 60 60 3600
438.356 -2956.926 1 1.79 60 60 3600
1242.247 1238.012 1 1.22 60 60 3600
-2286.817 1589.705 1 0.77 60 60 3600
1591.487 -277.443 1 1.40 60 60 3600
1173.490 2763.675 1 1.41 60 60 3600
521.579 2073.469 1 1.57 60 60 3600
-2895.335 -4994.283 1 1.47 60 60 3600
-3571.673 4635.821 1 1.47 60 60 3600
2873.765 -4896.577 1 0.75 60 60 3600
-4844.838 4112.651 1 1.88 60 60 3600
-1515.008 1927.016 1 1.23 60 60 3600
-3349.056 3171.318 1 0.75 60 60 3600
1232.758 -2183.353 1 1.71 60 60 3600
-3234.322 1535.793 1 1.42 60 60 3600
555.666 -2042.254 1 1.30 60 60 3600
-3355.239 -919.704 1 0.26 60 60 3600
-3185.457 945.396 1 1.42 60 60 3600
2533.192 -795.571 1 0.67 60 60 3600
