INSTANCE_FILE: big_instance/200.40.4.txt
INSTANCE_BASE: 200.40.4
SOLVER: light
TRAFFIC: light
SIGMA: 0.9,0.7,0.8,0.9,0.7,0.8,0.9,0.7,0.8,0.9,0.7,0.8
RUN: 4
---SOLVER OUTPUT---
Initial solution cost: 41353.934297
Improved solution cost: 22359.384982
Worst solution cost: 22359.384982
Mean solution cost: 22359.384982
Mean elapsed time: 1882.999295 seconds
Final solution feasibility: FEASIBLE
Solution Details:
Truck Routes:
Truck 1: 0 171 194 81 23 128 0 93 141 135 145 100 0 181 0 155 122 0 |Truck Time: 22216.024850|22216.024850,0.000000,0.000000,0.000000
Truck 2: 0 74 185 21 0 159 151 32 107 105 0 131 26 22 0 90 73 83 198 98 0 |Truck Time: 22359.384982|22359.384982,0.000000,0.000000,0.000000
Truck 3: 0 61 55 20 86 0 17 182 31 75 63 143 161 153 0 190 138 119 19 156 191 0 129 15 0 137 42 0 |Truck Time: 22309.695486|22309.695486,0.000000,0.000000,0.000000
Truck 4: 0 4 0 36 47 64 56 0 199 166 180 104 173 0 147 18 149 148 132 146 0 |Truck Time: 22327.070752|22327.070752,0.000000,0.000000,0.000000
Truck 5: 0 193 163 136 118 120 116 97 114 0 187 102 130 50 62 142 196 84 0 14 160 140 5 80 0 41 152 78 69 0 123 40 0 |Truck Time: 22340.081769|22340.081769,0.000000,0.000000,0.000000
Truck 6: 0 3 54 2 72 0 8 43 49 178 29 165 0 95 87 59 133 169 0 126 139 110 0 85 57 88 109 27 0 |Truck Time: 22227.037024|22227.037024,0.000000,0.000000,0.000000
Drone Routes:
Drone 1: 0 45 0 186 0 168 0 111 115 183 0 24 0 150 0 164 103 9 0 170 66 0 189 0 70 12 0 44 125 99 0 |Drone Time: 22044.825230|22044.825230,0.000000,0.000000,0.000000
Drone 2: 0 174 0 35 177 0 67 0 79 176 0 34 16 0 10 200 0 158 113 0 94 28 89 0 25 92 0 |Drone Time: 22236.293161|22236.293161,0.000000,0.000000,0.000000
Drone 3: 0 121 112 184 0 162 76 11 0 195 7 48 6 0 188 117 179 0 144 53 0 77 134 0 108 96 0 71 33 68 0 38 0 65 0 |Drone Time: 22339.855179|22339.855179,0.000000,0.000000,0.000000
Drone 4: 0 124 127 58 172 0 154 52 157 175 39 0 101 37 0 1 30 60 0 197 51 0 167 106 0 91 192 0 82 13 46 0 |Drone Time: 22290.892199|22290.892199,0.000000,0.000000,0.000000
Total validation: Makespan=22359.384982, Deadline violation=0.000000, Energy violation=0.000000, Capacity violation=0.000000
