INSTANCE_FILE: big_instance/200.20.3.txt
INSTANCE_BASE: 200.20.3
SOLVER: heavy
TRAFFIC: heavy
SIGMA: 0.6,0.4,0.5,0.6,0.4,0.5,0.6,0.4,0.5,0.6,0.4,0.5
RUN: 5
---SOLVER OUTPUT---
Initial solution cost: 23304.851808
Improved solution cost: 12042.873999
Worst solution cost: 12042.873999
Mean solution cost: 12042.873999
Mean elapsed time: 1248.445723 seconds
Final solution feasibility: FEASIBLE
Solution Details:
Truck Routes:
Truck 1: 0 63 189 179 34 28 0 159 42 183 111 115 151 78 0 94 0 |Truck Time: 12026.985147|12026.985147,0.000000,0.000000,0.000000
Truck 2: 0 128 158 113 121 69 171 25 0 124 104 10 165 76 0 73 172 126 198 130 62 0 |Truck Time: 12042.873999|12042.873999,0.000000,0.000000,0.000000
Truck 3: 0 154 168 93 141 163 36 0 105 32 197 182 54 87 0 145 180 100 143 15 90 153 92 0 144 52 17 116 199 0 |Truck Time: 12025.654014|12025.654014,0.000000,0.000000,0.000000
Truck 4: 0 169 190 33 0 86 83 38 80 79 188 0 119 18 138 27 22 82 125 137 64 0 |Truck Time: 11948.638149|11948.638149,0.000000,0.000000,0.000000
Truck 5: 0 40 195 200 59 177 110 0 120 0 181 167 196 186 157 97 152 95 0 |Truck Time: 11911.334784|11911.334784,0.000000,0.000000,0.000000
Truck 6: 0 4 103 77 106 14 0 123 166 20 1 24 99 0 45 6 53 150 16 109 51 0 |Truck Time: 11893.447354|11893.447354,0.000000,0.000000,0.000000
Drone Routes:
Drone 1: 0 134 147 174 0 164 72 3 133 0 155 65 49 0 13 55 112 0 50 9 0 81 0 66 0 149 173 0 29 191 0 43 68 0 23 2 0 |Drone Time: 12031.057632|12031.057632,0.000000,0.000000,0.000000
Drone 2: 0 8 0 122 114 35 96 7 41 0 170 101 160 0 162 0 57 156 142 187 0 178 0 185 0 47 108 11 0 12 21 0 |Drone Time: 12035.564476|12035.564476,0.000000,0.000000,0.000000
Drone 3: 0 74 46 88 0 135 0 117 71 107 0 132 5 0 44 102 139 0 37 60 0 129 0 31 0 48 0 140 176 0 30 127 0 |Drone Time: 12012.230667|12012.230667,0.000000,0.000000,0.000000
Drone 4: 0 39 56 136 146 0 98 175 161 19 0 70 84 89 0 131 118 193 0 75 91 192 0 58 194 67 61 0 184 0 148 85 0 26 0 |Drone Time: 11974.297188|11974.297188,0.000000,0.000000,0.000000
Total validation: Makespan=12042.873999, Deadline violation=0.000000, Energy violation=0.000000, Capacity violation=0.000000
