INSTANCE_FILE: big_instance/200.10.3.txt
INSTANCE_BASE: 200.10.3
SOLVER: heavy
TRAFFIC: heavy
SIGMA: 0.6,0.4,0.5,0.6,0.4,0.5,0.6,0.4,0.5,0.6,0.4,0.5
RUN: 5
---SOLVER OUTPUT---
Initial solution cost: 10408.006638
Improved solution cost: 5433.673548
Worst solution cost: 5433.673548
Mean solution cost: 5433.673548
Mean elapsed time: 1049.981621 seconds
Final solution feasibility: FEASIBLE
Solution Details:
Truck Routes:
Truck 1: 0 133 82 80 140 161 21 124 40 6 0 164 35 128 0 |Truck Time: 5322.367859|5322.367859,0.000000,0.000000,0.000000
Truck 2: 0 23 5 49 188 68 130 112 170 31 73 36 47 3 186 2 0 79 137 108 55 106 39 93 0 |Truck Time: 5345.157373|5345.157373,0.000000,0.000000,0.000000
Truck 3: 0 102 110 179 143 25 7 50 66 200 91 67 0 158 16 46 98 15 193 96 183 76 0 |Truck Time: 5430.157599|5430.157599,0.000000,0.000000,0.000000
Truck 4: 0 136 147 175 87 90 129 181 54 168 10 185 34 126 99 127 0 149 138 150 123 115 0 |Truck Time: 5424.651506|5424.651506,0.000000,0.000000,0.000000
Truck 5: 0 155 42 100 59 190 65 0 4 104 182 199 103 84 184 14 1 97 132 58 160 17 176 0 |Truck Time: 5428.734133|5428.734133,0.000000,0.000000,0.000000
Truck 6: 0 191 197 95 198 134 0 43 173 101 24 88 71 114 92 62 154 8 180 0 |Truck Time: 5433.673548|5433.673548,0.000000,0.000000,0.000000
Drone Routes:
Drone 1: 0 13 111 78 0 159 113 178 142 33 194 0 63 38 0 89 177 57 0 70 0 187 52 0 69 148 0 61 119 18 0 |Drone Time: 5428.301494|5428.301494,0.000000,0.000000,0.000000
Drone 2: 0 116 109 44 192 0 72 195 37 144 0 107 118 117 83 0 53 145 29 146 0 157 9 0 162 0 131 41 0 |Drone Time: 5420.054036|5420.054036,0.000000,0.000000,0.000000
Drone 3: 0 64 174 48 189 28 105 0 27 0 152 77 56 85 163 125 0 172 0 30 122 81 169 0 19 32 51 0 11 135 75 151 0 167 20 0 26 86 0 |Drone Time: 5410.433104|5410.433104,0.000000,0.000000,0.000000
Drone 4: 0 74 60 165 0 22 94 0 12 45 171 139 0 166 0 120 0 153 0 141 121 0 156 196 0 |Drone Time: 5405.805849|5405.805849,0.000000,0.000000,0.000000
Total validation: Makespan=5433.673548, Deadline violation=0.000000, Energy violation=0.000000, Capacity violation=0.000000
