INSTANCE_FILE: big_instance/200.10.4.txt
INSTANCE_BASE: 200.10.4
SOLVER: light
TRAFFIC: light
SIGMA: 0.9,0.7,0.8,0.9,0.7,0.8,0.9,0.7,0.8,0.9,0.7,0.8
RUN: 2
---SOLVER OUTPUT---
Initial solution cost: 7653.980454
Improved solution cost: 3849.406101
Worst solution cost: 3849.406101
Mean solution cost: 3849.406101
Mean elapsed time: 1826.218385 seconds
Final solution feasibility: FEASIBLE
Solution Details:
Truck Routes:
Truck 1: 0 188 95 92 45 154 156 25 58 137 39 127 199 22 105 187 186 182 104 0 99 115 0 |Truck Time: 3743.667980|3743.667980,0.000000,0.000000,0.000000
Truck 2: 0 196 181 197 111 193 80 60 144 98 66 33 61 94 9 65 86 140 200 17 143 96 46 0 24 42 106 0 |Truck Time: 3740.266812|3740.266812,0.000000,0.000000,0.000000
Truck 3: 0 138 7 85 168 174 130 194 8 175 63 49 72 70 112 37 54 178 161 167 64 90 1 10 0 |Truck Time: 3849.406101|3849.406101,0.000000,0.000000,0.000000
Truck 4: 0 28 57 117 126 47 180 134 14 185 119 179 124 113 55 170 195 56 82 198 110 108 162 52 48 69 0 |Truck Time: 3842.178626|3842.178626,0.000000,0.000000,0.000000
Truck 5: 0 43 128 160 16 153 73 81 78 0 79 87 59 136 41 176 26 148 84 13 157 0 |Truck Time: 3848.803930|3848.803930,0.000000,0.000000,0.000000
Truck 6: 0 51 118 30 34 97 23 77 0 158 120 36 131 151 171 19 184 166 114 40 116 169 145 101 189 0 |Truck Time: 3845.878020|3845.878020,0.000000,0.000000,0.000000
Drone Routes:
Drone 1: 0 21 121 32 125 109 0 159 76 29 83 147 0 50 165 133 0 74 75 190 0 135 100 0 |Drone Time: 3806.706187|3806.706187,0.000000,0.000000,0.000000
Drone 2: 0 11 67 177 152 0 150 173 44 0 91 103 15 5 0 132 53 122 0 68 0 20 0 |Drone Time: 3845.504502|3845.504502,0.000000,0.000000,0.000000
Drone 3: 0 3 93 71 0 12 149 62 38 0 4 192 2 123 6 0 172 146 191 183 0 129 18 0 |Drone Time: 3799.449153|3799.449153,0.000000,0.000000,0.000000
Drone 4: 0 164 139 27 155 0 89 107 31 0 163 0 88 141 0 35 142 0 102 0 |Drone Time: 3846.535597|3846.535597,0.000000,0.000000,0.000000
Total validation: Makespan=3849.406101, Deadline violation=0.000000, Energy violation=0.000000, Capacity violation=0.000000
