INSTANCE_FILE: big_instance/200.30.1.txt
INSTANCE_BASE: 200.30.1
SOLVER: light
TRAFFIC: light
SIGMA: 0.9,0.7,0.8,0.9,0.7,0.8,0.9,0.7,0.8,0.9,0.7,0.8
RUN: 2
---SOLVER OUTPUT---
Initial solution cost: 28813.288766
Improved solution cost: 13157.436572
Worst solution cost: 13157.436572
Mean solution cost: 13157.436572
Mean elapsed time: 1609.349122 seconds
Final solution feasibility: FEASIBLE
Solution Details:
Truck Routes:
Truck 1: 0 132 139 186 164 62 112 0 176 83 117 134 46 87 0 197 173 55 158 198 0 |Truck Time: 13127.489609|13127.489609,0.000000,0.000000,0.000000
Truck 2: 0 157 103 152 42 171 91 122 59 199 0 68 80 14 195 196 97 26 0 174 156 50 70 6 30 191 54 150 0 |Truck Time: 13103.182723|13103.182723,0.000000,0.000000,0.000000
Truck 3: 0 115 56 9 190 136 124 0 19 65 145 4 76 28 0 123 24 166 135 12 3 94 38 167 0 |Truck Time: 13156.128573|13156.128573,0.000000,0.000000,0.000000
Truck 4: 0 39 47 200 127 82 0 66 92 168 15 17 102 181 0 143 79 188 109 60 37 177 0 |Truck Time: 13123.716345|13123.716345,0.000000,0.000000,0.000000
Truck 5: 0 64 7 29 153 154 194 129 0 113 99 23 27 151 31 137 1 67 0 96 53 116 89 40 0 |Truck Time: 13155.080976|13155.080976,0.000000,0.000000,0.000000
Truck 6: 0 52 101 185 165 0 144 107 119 8 114 128 90 33 0 187 163 130 74 88 84 126 159 175 172 69 77 0 |Truck Time: 13134.881789|13134.881789,0.000000,0.000000,0.000000
Drone Routes:
Drone 1: 0 58 149 110 34 0 48 0 32 0 2 11 0 170 147 0 61 0 142 98 0 131 111 0 |Drone Time: 13124.451244|13124.451244,0.000000,0.000000,0.000000
Drone 2: 0 44 25 95 0 78 0 179 73 75 0 121 140 21 45 0 192 72 0 161 0 51 182 0 |Drone Time: 13157.436572|13157.436572,0.000000,0.000000,0.000000
Drone 3: 0 184 155 162 0 183 193 22 133 0 125 108 5 63 189 160 146 0 120 0 180 49 20 0 169 81 13 0 35 16 0 100 118 0 |Drone Time: 13140.321325|13140.321325,0.000000,0.000000,0.000000
Drone 4: 0 105 148 57 104 0 85 0 41 138 93 10 0 43 86 36 0 18 0 106 0 141 0 178 71 0 |Drone Time: 13157.228598|13157.228598,0.000000,0.000000,0.000000
Total validation: Makespan=13157.436572, Deadline violation=0.000000, Energy violation=0.000000, Capacity violation=0.000000
