INSTANCE_FILE: big_instance/200.30.4.txt
INSTANCE_BASE: 200.30.4
SOLVER: heavy
TRAFFIC: heavy
SIGMA: 0.6,0.4,0.5,0.6,0.4,0.5,0.6,0.4,0.5,0.6,0.4,0.5
RUN: 2
---SOLVER OUTPUT---
Initial solution cost: 40167.507379
Improved solution cost: 23699.768148
Worst solution cost: 23699.768148
Mean solution cost: 23699.768148
Mean elapsed time: 1314.817810 seconds
Final solution feasibility: FEASIBLE
Solution Details:
Truck Routes:
Truck 1: 0 146 95 166 0 174 136 36 44 0 149 33 0 110 6 0 |Truck Time: 23388.342447|23388.342447,0.000000,0.000000,0.000000
Truck 2: 0 171 53 61 0 40 64 194 0 83 188 154 170 71 155 0 184 73 101 80 0 56 79 23 0 |Truck Time: 23693.612796|23693.612796,0.000000,0.000000,0.000000
Truck 3: 0 192 0 54 22 114 124 151 137 0 140 24 20 125 143 157 89 0 87 107 0 141 127 77 0 |Truck Time: 23575.773094|23575.773094,0.000000,0.000000,0.000000
Truck 4: 0 120 86 28 119 185 3 0 145 74 102 62 109 0 121 173 0 43 138 122 37 198 0 |Truck Time: 23678.715755|23678.715755,0.000000,0.000000,0.000000
Truck 5: 0 35 0 19 29 191 81 46 0 135 159 0 60 18 17 84 31 25 0 |Truck Time: 23699.768148|23699.768148,0.000000,0.000000,0.000000
Truck 6: 0 70 0 96 8 47 156 0 200 67 168 41 161 175 190 4 0 50 195 26 0 179 118 177 199 197 0 |Truck Time: 23301.877255|23301.877255,0.000000,0.000000,0.000000
Drone Routes:
Drone 1: 0 45 0 163 0 99 0 88 69 90 0 144 0 94 0 30 13 0 49 0 128 0 52 11 0 132 113 63 165 0 186 106 0 39 100 0 178 21 0 |Drone Time: 23695.192567|23695.192567,0.000000,0.000000,0.000000
Drone 2: 0 111 115 108 0 134 0 93 0 150 139 131 0 5 2 82 0 158 126 0 147 187 0 51 32 0 9 0 167 0 117 0 196 0 153 0 55 78 142 0 |Drone Time: 23692.410710|23692.410710,0.000000,0.000000,0.000000
Drone 3: 0 76 0 189 85 27 0 181 152 0 68 0 104 0 34 112 160 0 91 183 14 0 98 0 15 0 57 103 48 0 16 0 58 72 0 193 182 0 38 116 0 |Drone Time: 23688.691080|23688.691080,0.000000,0.000000,0.000000
Drone 4: 0 7 0 105 0 164 133 0 176 0 162 0 65 0 1 92 172 0 97 123 0 180 0 169 130 42 10 0 129 59 0 66 75 0 148 12 0 |Drone Time: 23674.807779|23674.807779,0.000000,0.000000,0.000000
Total validation: Makespan=23699.768148, Deadline violation=0.000000, Energy violation=0.000000, Capacity violation=0.000000
