INSTANCE_FILE: big_instance/200.10.1.txt
INSTANCE_BASE: 200.10.1
SOLVER: light
TRAFFIC: light
SIGMA: 0.9,0.7,0.8,0.9,0.7,0.8,0.9,0.7,0.8,0.9,0.7,0.8
RUN: 1
---SOLVER OUTPUT---
Initial solution cost: 7550.198650
Improved solution cost: 4008.079336
Worst solution cost: 4008.079336
Mean solution cost: 4008.079336
Mean elapsed time: 1877.431695 seconds
Final solution feasibility: FEASIBLE
Solution Details:
Truck Routes:
Truck 1: 0 160 197 139 200 88 96 82 158 67 187 74 36 164 116 26 128 43 188 113 114 100 75 140 144 0 |Truck Time: 3993.705616|3993.705616,0.000000,0.000000,0.000000
Truck 2: 0 131 19 125 115 65 198 52 49 143 60 0 18 132 149 94 98 45 37 184 25 155 31 0 |Truck Time: 4005.522526|4005.522526,0.000000,0.000000,0.000000
Truck 3: 0 177 16 109 108 162 186 142 70 4 150 87 112 10 7 101 59 163 120 154 0 62 86 0 |Truck Time: 4002.837693|4002.837693,0.000000,0.000000,0.000000
Truck 4: 0 173 14 151 58 44 41 181 2 157 13 137 22 102 69 24 147 124 0 68 42 169 129 161 0 |Truck Time: 4002.673256|4002.673256,0.000000,0.000000,0.000000
Truck 5: 0 180 126 134 33 168 9 111 122 78 30 73 191 152 176 190 167 29 0 148 196 166 194 195 0 |Truck Time: 4008.079336|4008.079336,0.000000,0.000000,0.000000
Truck 6: 0 175 117 130 156 159 12 92 133 27 91 141 23 107 17 76 104 28 6 72 0 56 118 51 0 |Truck Time: 3975.509248|3975.509248,0.000000,0.000000,0.000000
Drone Routes:
Drone 1: 0 83 182 81 0 39 0 123 0 47 79 97 192 0 178 0 32 119 0 20 121 0 |Drone Time: 3983.165457|3983.165457,0.000000,0.000000,0.000000
Drone 2: 0 135 0 5 146 179 54 35 0 3 0 8 153 99 66 106 0 53 50 84 64 0 136 11 0 |Drone Time: 3992.004050|3992.004050,0.000000,0.000000,0.000000
Drone 3: 0 40 103 61 174 0 57 55 48 0 95 193 110 77 85 0 21 183 105 0 89 0 145 46 0 171 0 |Drone Time: 3988.549255|3988.549255,0.000000,0.000000,0.000000
Drone 4: 0 38 71 93 138 170 0 189 165 63 127 0 185 0 34 90 80 0 172 199 1 0 15 0 |Drone Time: 3930.881346|3930.881346,0.000000,0.000000,0.000000
Total validation: Makespan=4008.079336, Deadline violation=0.000000, Energy violation=0.000000, Capacity violation=0.000000
