INSTANCE_FILE: big_instance/200.10.3.txt
INSTANCE_BASE: 200.10.3
SOLVER: light
TRAFFIC: light
SIGMA: 0.9,0.7,0.8,0.9,0.7,0.8,0.9,0.7,0.8,0.9,0.7,0.8
RUN: 3
---SOLVER OUTPUT---
Initial solution cost: 8028.301096
Improved solution cost: 3629.448882
Worst solution cost: 3629.448882
Mean solution cost: 3629.448882
Mean elapsed time: 1743.184441 seconds
Final solution feasibility: FEASIBLE
Solution Details:
Truck Routes:
Truck 1: 0 148 100 42 171 130 68 112 170 198 134 188 36 155 59 18 3 61 23 0 79 0 |Truck Time: 3570.242095|3570.242095,0.000000,0.000000,0.000000
Truck 2: 0 127 110 99 91 185 34 126 108 86 26 137 0 63 38 191 153 44 197 95 49 0 |Truck Time: 3616.348051|3616.348051,0.000000,0.000000,0.000000
Truck 3: 0 102 136 87 90 129 181 54 74 10 66 50 200 7 143 25 89 128 35 177 164 150 123 149 0 |Truck Time: 3629.448882|3629.448882,0.000000,0.000000,0.000000
Truck 4: 0 76 4 104 182 199 84 103 80 82 120 117 161 21 124 40 33 70 6 15 193 96 0 27 0 |Truck Time: 3563.843782|3563.843782,0.000000,0.000000,0.000000
Truck 5: 0 39 20 167 141 106 93 0 5 65 190 69 13 133 1 14 140 184 97 58 160 17 2 0 |Truck Time: 3629.164046|3629.164046,0.000000,0.000000,0.000000
Truck 6: 0 154 62 92 72 195 166 157 9 24 88 71 114 101 180 8 144 162 41 52 46 16 183 158 0 |Truck Time: 3626.205005|3626.205005,0.000000,0.000000,0.000000
Drone Routes:
Drone 1: 0 78 111 47 0 116 156 73 31 0 53 196 139 109 115 0 22 94 0 172 0 194 176 0 |Drone Time: 3623.118803|3623.118803,0.000000,0.000000,0.000000
Drone 2: 0 119 12 57 192 0 81 118 122 83 132 0 131 75 187 0 121 105 147 165 0 151 173 43 0 |Drone Time: 3617.222648|3617.222648,0.000000,0.000000,0.000000
Drone 3: 0 85 56 37 125 135 0 169 107 98 142 178 113 163 159 0 64 174 168 48 28 0 67 55 0 |Drone Time: 3613.408525|3613.408525,0.000000,0.000000,0.000000
Drone 4: 0 146 145 29 45 0 138 179 189 51 0 175 60 77 152 0 30 186 11 0 32 19 0 |Drone Time: 3586.215636|3586.215636,0.000000,0.000000,0.000000
Total validation: Makespan=3629.448882, Deadline violation=0.000000, Energy violation=0.000000, Capacity violation=0.000000
