INSTANCE_FILE: big_instance/200.10.2.txt
INSTANCE_BASE: 200.10.2
SOLVER: light
TRAFFIC: light
SIGMA: 0.9,0.7,0.8,0.9,0.7,0.8,0.9,0.7,0.8,0.9,0.7,0.8
RUN: 2
---SOLVER OUTPUT---
Initial solution cost: 7914.494247
Improved solution cost: 4188.301154
Worst solution cost: 4188.301154
Mean solution cost: 4188.301154
Mean elapsed time: 1992.946863 seconds
Final solution feasibility: FEASIBLE
Solution Details:
Truck Routes:
Truck 1: 0 65 93 100 176 57 2 7 195 47 63 156 21 40 149 95 111 78 0 20 25 148 0 |Truck Time: 4154.970858|4154.970858,0.000000,0.000000,0.000000
Truck 2: 0 69 50 140 87 147 191 150 12 104 17 112 82 123 89 200 110 34 66 94 0 99 14 0 |Truck Time: 4184.320835|4184.320835,0.000000,0.000000,0.000000
Truck 3: 0 192 70 52 139 62 188 58 198 164 54 128 41 0 138 32 144 48 180 3 166 153 119 114 74 199 0 |Truck Time: 4183.575006|4183.575006,0.000000,0.000000,0.000000
Truck 4: 0 154 30 115 85 131 129 113 84 55 161 92 51 88 160 127 33 102 36 133 38 76 193 175 0 31 190 136 187 0 |Truck Time: 4188.301154|4188.301154,0.000000,0.000000,0.000000
Truck 5: 0 90 98 125 189 91 151 0 19 181 27 120 158 56 137 122 64 182 96 173 135 60 109 174 106 0 |Truck Time: 4180.380985|4180.380985,0.000000,0.000000,0.000000
Truck 6: 0 4 130 49 9 172 80 134 45 46 152 168 37 5 103 141 169 0 157 68 143 0 |Truck Time: 4186.342635|4186.342635,0.000000,0.000000,0.000000
Drone Routes:
Drone 1: 0 28 183 0 29 167 6 170 0 43 171 67 81 35 0 97 39 10 0 118 24 108 0 |Drone Time: 4183.704652|4183.704652,0.000000,0.000000,0.000000
Drone 2: 0 71 22 163 42 77 0 124 117 105 186 0 1 194 132 0 146 177 185 0 79 23 0 126 116 0 |Drone Time: 4161.535164|4161.535164,0.000000,0.000000,0.000000
Drone 3: 0 8 142 197 121 0 162 0 101 196 53 0 15 178 0 26 0 16 75 165 0 |Drone Time: 4177.504703|4177.504703,0.000000,0.000000,0.000000
Drone 4: 0 107 155 184 0 11 145 72 18 73 0 13 61 0 59 83 159 0 44 86 0 179 0 |Drone Time: 4178.130657|4178.130657,0.000000,0.000000,0.000000
Total validation: Makespan=4188.301154, Deadline violation=0.000000, Energy violation=0.000000, Capacity violation=0.000000
