INSTANCE_FILE: big_instance/200.10.1.txt
INSTANCE_BASE: 200.10.1
SOLVER: light
TRAFFIC: light
SIGMA: 0.9,0.7,0.8,0.9,0.7,0.8,0.9,0.7,0.8,0.9,0.7,0.8
RUN: 3
---SOLVER OUTPUT---
Initial solution cost: 7550.198650
Improved solution cost: 4064.487362
Worst solution cost: 4064.487362
Mean solution cost: 4064.487362
Mean elapsed time: 1870.593085 seconds
Final solution feasibility: FEASIBLE
Solution Details:
Truck Routes:
Truck 1: 0 135 88 96 82 187 74 164 116 43 188 113 158 199 100 75 46 140 144 18 105 0 62 174 0 |Truck Time: 4048.356628|4048.356628,0.000000,0.000000,0.000000
Truck 2: 0 190 176 167 139 152 191 73 30 78 122 111 9 197 126 0 131 68 57 150 108 109 19 120 16 177 154 15 0 |Truck Time: 4064.487362|4064.487362,0.000000,0.000000,0.000000
Truck 3: 0 72 6 95 160 28 104 76 91 107 17 134 110 33 168 85 50 29 0 169 42 25 184 155 129 0 |Truck Time: 4064.221506|4064.221506,0.000000,0.000000,0.000000
Truck 4: 0 151 58 5 32 119 44 41 2 157 181 127 165 63 13 137 22 102 69 34 147 83 0 180 51 171 56 0 |Truck Time: 4038.649925|4038.649925,0.000000,0.000000,0.000000
Truck 5: 0 130 117 175 182 189 121 123 159 92 133 27 0 89 124 90 24 148 196 166 194 3 195 0 |Truck Time: 4051.047010|4051.047010,0.000000,0.000000,0.000000
Truck 6: 0 35 94 4 70 142 186 7 10 59 125 115 52 198 49 143 60 146 14 173 0 53 178 86 0 |Truck Time: 4062.328645|4062.328645,0.000000,0.000000,0.000000
Drone Routes:
Drone 1: 0 149 0 65 101 8 0 54 162 87 0 145 0 26 128 0 193 97 156 0 |Drone Time: 4063.974202|4063.974202,0.000000,0.000000,0.000000
Drone 2: 0 141 23 77 0 31 103 0 39 0 118 11 21 0 179 185 0 12 192 0 |Drone Time: 4037.697599|4037.697599,0.000000,0.000000,0.000000
Drone 3: 0 170 138 93 71 0 48 55 45 0 172 200 84 64 0 183 1 114 61 153 0 161 0 38 132 0 |Drone Time: 4023.963023|4023.963023,0.000000,0.000000,0.000000
Drone 4: 0 112 99 66 106 0 136 20 79 0 37 0 80 81 47 0 67 36 40 98 0 163 0 |Drone Time: 4035.871725|4035.871725,0.000000,0.000000,0.000000
Total validation: Makespan=4064.487362, Deadline violation=0.000000, Energy violation=0.000000, Capacity violation=0.000000
