INSTANCE_FILE: big_instance/200.40.4.txt
INSTANCE_BASE: 200.40.4
SOLVER: light
TRAFFIC: light
SIGMA: 0.9,0.7,0.8,0.9,0.7,0.8,0.9,0.7,0.8,0.9,0.7,0.8
RUN: 1
---SOLVER OUTPUT---
Initial solution cost: 41353.934297
Improved solution cost: 22147.290400
Worst solution cost: 22147.290400
Mean solution cost: 22147.290400
Mean elapsed time: 1932.447657 seconds
Final solution feasibility: FEASIBLE
Solution Details:
Truck Routes:
Truck 1: 0 89 139 0 190 119 132 0 80 26 37 133 169 0 100 145 28 94 108 0 44 0 |Truck Time: 21997.124050|21997.124050,0.000000,0.000000,0.000000
Truck 2: 0 110 86 134 97 114 65 0 74 185 21 180 173 6 0 90 93 141 35 68 0 85 78 88 109 0 126 20 0 |Truck Time: 22095.480232|22095.480232,0.000000,0.000000,0.000000
Truck 3: 0 75 31 182 17 63 143 161 0 81 23 194 3 128 40 0 138 147 18 149 148 5 146 0 155 171 70 54 177 72 0 123 0 |Truck Time: 22071.933649|22071.933649,0.000000,0.000000,0.000000
Truck 4: 0 159 151 0 165 43 49 178 29 0 162 73 83 198 98 15 0 95 87 59 184 131 0 |Truck Time: 21467.388384|21467.388384,0.000000,0.000000,0.000000
Truck 5: 0 69 41 32 107 105 196 84 0 2 0 55 92 19 156 61 0 187 102 50 62 99 142 0 199 166 200 104 46 8 0 |Truck Time: 21938.108648|21938.108648,0.000000,0.000000,0.000000
Truck 6: 0 129 181 153 0 14 160 140 22 0 193 136 118 120 168 0 36 47 137 45 56 0 |Truck Time: 22053.093968|22053.093968,0.000000,0.000000,0.000000
Drone Routes:
Drone 1: 0 64 157 175 39 111 0 163 53 116 0 66 0 150 0 38 0 101 0 34 0 121 112 0 30 1 0 10 51 0 |Drone Time: 22147.290400|22147.290400,0.000000,0.000000,0.000000
Drone 2: 0 195 188 117 179 16 0 154 52 127 124 0 48 7 0 144 58 172 0 24 0 103 9 164 0 125 0 170 4 60 0 76 11 0 189 0 |Drone Time: 22130.611892|22130.611892,0.000000,0.000000,0.000000
Drone 3: 0 42 0 174 0 13 82 0 191 0 67 0 186 0 25 0 77 0 152 57 0 96 0 |Drone Time: 22147.057928|22147.057928,0.000000,0.000000,0.000000
Drone 4: 0 130 91 192 0 33 135 0 167 0 122 106 0 27 197 0 79 176 0 113 158 0 12 71 0 115 183 0 |Drone Time: 22147.120921|22147.120921,0.000000,0.000000,0.000000
Total validation: Makespan=22147.290400, Deadline violation=0.000000, Energy violation=0.000000, Capacity violation=0.000000
