INSTANCE_FILE: big_instance/200.30.2.txt
INSTANCE_BASE: 200.30.2
SOLVER: heavy
TRAFFIC: heavy
SIGMA: 0.6,0.4,0.5,0.6,0.4,0.5,0.6,0.4,0.5,0.6,0.4,0.5
RUN: 4
---SOLVER OUTPUT---
Initial solution cost: 37146.593154
Improved solution cost: 22982.724818
Worst solution cost: 22982.724818
Mean solution cost: 22982.724818
Mean elapsed time: 937.018258 seconds
Final solution feasibility: FEASIBLE
Solution Details:
Truck Routes:
Truck 1: 0 153 82 182 0 63 21 129 125 0 87 0 16 0 |Truck Time: 22982.724818|22982.724818,0.000000,0.000000,0.000000
Truck 2: 0 55 89 0 27 188 61 112 0 167 193 176 117 0 160 80 150 47 0 76 0 |Truck Time: 22971.411067|22971.411067,0.000000,0.000000,0.000000
Truck 3: 0 151 5 0 7 171 183 33 0 10 189 79 68 0 146 140 73 0 174 49 72 46 0 |Truck Time: 22971.131631|22971.131631,0.000000,0.000000,0.000000
Truck 4: 0 69 56 0 40 172 54 0 23 60 139 14 41 31 0 4 1 11 34 158 0 177 18 148 142 196 178 0 |Truck Time: 22980.231456|22980.231456,0.000000,0.000000,0.000000
Truck 5: 0 74 91 161 0 181 59 67 135 75 0 103 48 20 133 0 180 131 77 116 0 65 134 101 0 |Truck Time: 22974.945216|22974.945216,0.000000,0.000000,0.000000
Truck 6: 0 32 39 90 19 0 186 132 113 43 155 162 184 169 0 86 102 0 126 165 190 96 197 0 |Truck Time: 22585.765463|22585.765463,0.000000,0.000000,0.000000
Drone Routes:
Drone 1: 0 62 0 98 0 128 97 0 200 0 71 123 57 0 173 0 93 95 0 26 0 36 42 22 0 192 109 0 159 81 0 78 29 0 |Drone Time: 22928.696863|22928.696863,0.000000,0.000000,0.000000
Drone 2: 0 6 0 106 144 154 0 24 45 0 136 0 110 0 164 25 168 0 92 147 0 52 185 0 137 0 157 2 0 94 170 0 120 130 108 0 107 179 122 111 0 13 35 0 |Drone Time: 22773.035897|22773.035897,0.000000,0.000000,0.000000
Drone 3: 0 51 0 58 0 124 0 141 0 149 0 138 191 0 84 99 0 44 0 175 156 28 0 119 0 8 9 0 187 118 0 127 38 0 15 30 0 |Drone Time: 22948.913464|22948.913464,0.000000,0.000000,0.000000
Drone 4: 0 105 50 0 83 17 3 0 121 163 88 0 145 0 198 0 104 37 53 0 195 166 143 64 85 0 66 0 12 0 115 152 70 0 194 199 0 114 100 0 |Drone Time: 22973.741673|22973.741673,0.000000,0.000000,0.000000
Total validation: Makespan=22982.724818, Deadline violation=0.000000, Energy violation=0.000000, Capacity violation=0.000000
