INSTANCE_FILE: big_instance/200.30.3.txt
INSTANCE_BASE: 200.30.3
SOLVER: heavy
TRAFFIC: heavy
SIGMA: 0.6,0.4,0.5,0.6,0.4,0.5,0.6,0.4,0.5,0.6,0.4,0.5
RUN: 3
---SOLVER OUTPUT---
Initial solution cost: 40288.816094
Improved solution cost: 24397.661755
Worst solution cost: 24397.661755
Mean solution cost: 24397.661755
Mean elapsed time: 1638.065497 seconds
Final solution feasibility: FEASIBLE
Solution Details:
Truck Routes:
Truck 1: 0 200 114 178 28 124 0 73 112 117 4 198 0 80 83 71 0 20 163 85 0 |Truck Time: 24287.345217|24287.345217,0.000000,0.000000,0.000000
Truck 2: 0 61 128 0 84 96 171 143 0 60 82 130 170 0 62 42 140 101 161 0 116 0 |Truck Time: 24376.059894|24376.059894,0.000000,0.000000,0.000000
Truck 3: 0 181 108 123 0 68 41 47 0 72 139 196 194 187 6 102 199 133 0 78 22 174 144 176 52 0 103 8 10 0 |Truck Time: 24275.174663|24275.174663,0.000000,0.000000,0.000000
Truck 4: 0 49 167 162 0 45 134 90 0 172 94 7 0 95 51 113 89 76 38 0 |Truck Time: 23777.791735|23777.791735,0.000000,0.000000,0.000000
Truck 5: 0 191 186 145 152 0 48 173 0 127 3 0 166 24 175 1 0 |Truck Time: 24397.661755|24397.661755,0.000000,0.000000,0.000000
Truck 6: 0 35 65 17 0 142 9 0 39 36 104 0 86 109 158 79 0 |Truck Time: 24251.338662|24251.338662,0.000000,0.000000,0.000000
Drone Routes:
Drone 1: 0 14 0 179 0 160 0 93 98 0 33 135 151 74 0 126 169 192 0 182 0 99 168 56 0 75 0 149 0 180 26 183 0 193 81 0 122 92 0 43 37 0 |Drone Time: 24389.069365|24389.069365,0.000000,0.000000,0.000000
Drone 2: 0 156 100 107 0 32 5 54 0 155 150 165 0 177 0 129 0 70 0 77 0 88 0 110 34 0 2 66 0 59 27 0 125 190 0 25 23 0 |Drone Time: 24395.083168|24395.083168,0.000000,0.000000,0.000000
Drone 3: 0 131 53 185 0 50 141 159 91 57 0 106 0 148 0 21 15 136 0 119 0 138 157 188 154 0 120 118 132 0 63 0 111 30 0 40 137 0 12 31 0 105 19 0 |Drone Time: 24371.721907|24371.721907,0.000000,0.000000,0.000000
Drone 4: 0 16 153 55 0 97 0 44 0 64 0 121 0 115 0 69 0 13 0 29 0 58 0 146 0 164 0 11 0 147 189 87 0 46 67 195 0 18 197 184 0 |Drone Time: 24373.192355|24373.192355,0.000000,0.000000,0.000000
Total validation: Makespan=24397.661755, Deadline violation=0.000000, Energy violation=0.000000, Capacity violation=0.000000
