trucks_count 1
drones_count 1
customers 100
depot 0 0
Coordinate X Coordinate Y Dronable Demand
X Y Dronable Demand Drone_service Truck_service Lw
-3173.152 -3898.738 1 0.63 60 60 3600
1842.029 -1206.141 1 0.85 60 60 3600
4617.283 -2815.027 1 1.15 60 60 3600
-2258.165 750.108 1 1.49 60 60 3600
594.700 -4498.797 1 0.91 60 60 3600
2150.187 -3518.168 1 1.63 60 60 3600
-4984.721 3470.546 1 0.42 60 60 3600
7177.678 -3855.646 1 0.47 60 60 3600
6126.201 -1050.850 1 1.57 60 60 3600
-4412.125 -4008.488 1 0.34 60 60 3600
-5727.098 4305.245 1 0.45 60 60 3600
-1652.376 1540.980 1 1.81 60 60 3600
-4961.680 -2520.485 1 1.03 60 60 3600
-4976.964 -1982.194 1 0.58 60 60 3600
-3118.862 -5902.665 1 0.54 60 60 3600
-5433.285 -5144.947 1 1.79 60 60 3600
1429.582 2746.075 1 0.66 60 60 3600
-5628.900 1653.670 1 0.90 60 60 3600
-3349.056 3171.318 1 1.84 60 60 3600
-4195.327 -3160.275 1 0.57 60 60 3600
-6612.789 -6767.243 1 0.25 60 60 3600
-5708.825 -4383.010 1 0.62 60 60 3600
1199.440 3325.028 1 1.19 60 60 3600
-3646.572 6731.242 1 1.55 60 60 3600
-6342.916 2736.145 1 1.06 60 60 3600
-3583.936 4271.226 1 0.53 60 60 3600
7443.617 -593.124 1 0.90 60 60 3600
1266.440 469.214 1 1.45 60 60 3600
-4125.978 -1573.931 1 1.51 60 60 3600
-3185.633 5293.811 1 1.01 60 60 3600
-3185.457 945.396 1 1.27 60 60 3600
-3120.992 -3347.326 1 1.08 60 60 3600
-629.214 -3028.104 1 0.39 60 60 3600
-5550.758 3115.735 1 1.42 60 60 3600
-2639.040 -2452.101 1 1.09 60 60 3600
-1214.800 -2024.699 1 2.00 60 60 3600
-3122.208 1969.340 1 0.96 60 60 3600
-5905.278 3722.207 1 0.52 60 60 3600
-3540.298 -2747.867 1 1.51 60 60 3600
-6860.120 -6310.508 1 0.71 60 60 3600
-1603.479 2928.306 1 1.07 60 60 3600
683.629 3128.459 1 0.23 60 60 3600
5759.726 33.596 1 1.81 60 60 3600
-3795.590 -6954.684 1 1.22 60 60 3600
-5762.781 6353.873 1 0.99 60 60 3600
3754.955 -2009.460 1 1.41 60 60 3600
-2630.321 -6722.837 1 1.77 60 60 3600
6023.950 -3699.431 1 1.01 60 60 3600
-6375.382 -2644.206 1 1.05 60 60 3600
-3860.024 -2066.845 1 1.96 60 60 3600
1001.504 -1384.810 1 1.25 60 60 3600
-729.325 -1749.962 1 0.64 60 60 3600
-2737.769 6919.729 1 0.54 60 60 3600
-2930.238 -126.348 1 0.58 60 60 3600
-7176.810 5369.988 1 1.22 60 60 3600
774.127 1860.135 1 1.57 60 60 3600
555.666 -2042.254 1 0.99 60 60 3600
-6083.921 2107.881 1 0.41 60 60 3600
-6389.521 7185.712 1 0.77 60 60 3600
-1400.971 818.859 1 1.58 60 60 3600
2144.201 182.966 1 0.35 60 60 3600
-1873.871 -269.539 1 1.89 60 60 3600
-5812.234 -3421.810 1 1.68 60 60 3600
2298.977 -862.051 1 1.04 60 60 3600
1592.380 -3438.474 1 1.08 60 60 3600
-4736.600 2201.999 1 0.87 60 60 3600
-2157.410 2325.864 1 0.68 60 60 3600
5362.831 -1334.449 1 1.38 60 60 3600
5544.502 -4016.014 1 0.46 60 60 3600
836.659 -3366.384 1 1.41 60 60 3600
-5553.408 6817.059 1 1.80 60 60 3600
-4824.905 4992.680 1 1.00 60 60 3600
317.231 -148.078 1 0.29 60 60 3600
-1768.180 -5131.986 1 1.58 60 60 3600
3033.799 -2952.474 1 0.61 60 60 3600
1591.487 -277.443 1 0.30 60 60 3600
7053.264 -1785.361 1 1.57 60 60 3600
-7217.871 4317.312 1 0.88 60 60 3600
-1415.968 -3512.691 1 0.44 60 60 3600
6777.801 -2904.239 1 0.62 60 60 3600
-2298.104 2860.000 1 0.53 60 60 3600
-168.764 -2413.963 1 1.64 60 60 3600
2637.845 -2625.427 1 1.44 60 60 3600
6522.236 -5962.305 1 1.48 60 60 3600
-1672.647 6281.014 1 0.59 60 60 3600
-4252.954 -660.974 1 0.55 60 60 3600
6009.857 -1718.436 1 0.83 60 60 3600
-2509.996 -5046.091 1 1.89 60 60 3600
2295.412 -4529.221 1 0.85 60 60 3600
-5023.225 -4812.564 1 1.34 60 60 3600
-5080.737 7280.194 1 1.66 60 60 3600
-3233.169 3854.366 1 0.57 60 60 3600
-3685.845 1689.871 1 0.48 60 60 3600
-6544.261 -3444.252 1 0.70 60 60 3600
6573.682 -106.511 1 0.38 60 60 3600
-2447.246 -1294.563 1 1.02 60 60 3600
-2371.631 5019.530 1 0.53 60 60 3600
-6220.087 -1625.239 1 0.53 60 60 3600
-3773.683 6110.466 1 1.39 60 60 3600
-3707.586 87.542 1 1.45 60 60 3600
