Initial solution cost: 8176.251044
Improved solution cost: 6264.228090
Worst solution cost: 6264.228090
Mean solution cost: 6264.228090
Mean elapsed time: 419.128492 seconds
Final solution feasibility: FEASIBLE
Solution Details:
Truck Routes:
Truck 1: 0 62 97 108 92 80 23 0 53 78 106 117 125 123 121 110 116 119 114 107 99 86 81 89 93 91 0 |Truck Time: 6258.418726|6258.418726,0.000000,0.000000,0.000000
Truck 2: 0 17 56 65 63 90 103 105 96 102 109 115 112 95 71 0 3 7 13 40 54 66 74 64 51 50 35 1 0 |Truck Time: 6258.828307|6258.828307,0.000000,0.000000,0.000000
Truck 3: 0 8 9 26 42 49 46 59 77 67 76 83 87 70 6 0 16 28 43 27 60 85 101 98 72 57 47 0 |Truck Time: 6259.764276|6259.764276,0.000000,0.000000,0.000000
Drone Routes:
Drone 1: 0 69 0 37 0 31 21 0 22 41 0 25 18 0 55 2 0 5 0 48 15 0 19 0 36 33 0 32 34 0 68 61 0 |Drone Time: 6253.124576|6253.124576,0.000000,0.000000,0.000000
Drone 2: 0 39 0 124 0 118 111 0 45 29 0 113 79 0 122 120 0 10 20 0 |Drone Time: 6264.228090|6264.228090,0.000000,0.000000,0.000000
Drone 3: 0 100 104 0 14 0 88 73 0 58 0 4 0 38 24 0 12 82 0 94 84 0 52 44 0 75 0 11 30 0 |Drone Time: 6246.397272|6246.397272,0.000000,0.000000,0.000000
Total validation: Makespan=6264.228090, Deadline violation=0.000000, Energy violation=0.000000, Capacity violation=0.000000
