Input Data:
Number of customers: 50
Number of trucks: 3
Number of drones: 3
Truck capacities: 500
Drone capacities: 2.27
Drone energy capacity: 7.2e+06
Truck speed segments (sigma): 0.9 0.8 0.4 0.6 0.9 0.8 0.6 0.8 0.8 0.7 0.5 0.8 0.9 0.8 0.4 0.6 0.9 0.8 0.6 0.8 0.8 0.7 0.5 0.8 
Customers:
ID	X	Y	ServeTruck	ServeDrone	ServedByDrone	Deadline	Demand
0	0	0	0		0		0		0		0
1	3668.04	-7965.49	60		60		1		2700		0.167782
2	-5074.14	-4638.49	60		60		1		2100		0.516701
3	-4963.14	4821.1	60		60		1		1400		0.637305
4	-5470.39	-746.977	60		60		1		1200		12.1314
5	7856.15	3211.66	60		60		1		2300		0.151529
6	6990.64	-3233.8	60		60		1		2400		0.671971
7	-2821.68	-5706.87	60		60		1		1300		25.9958
8	-4805.59	-4409.57	60		60		1		1800		14.2735
9	4300.91	4010.48	60		60		1		1200		0.255685
10	4038.03	5578.55	60		60		1		1600		0.0450259
11	2046.81	-2290.37	60		60		1		1200		0.449635
12	7420.2	-6794.21	60		60		1		3200		0.383896
13	-7827.07	167.215	60		60		1		1500		1.03401
14	-5684.98	1600.07	60		60		1		1800		0.89613
15	-90.6879	-5772.98	60		60		1		1400		0.101741
16	5317.06	1181.63	60		60		1		1200		0.200769
17	895.911	1949.81	60		60		1		1200		0.368969
18	-3997.28	5577.57	60		60		1		1700		0.451137
19	-3164.91	-183.329	60		60		1		1200		0.398202
20	2931.68	-6290.6	60		60		1		2100		8.34101
21	-6507.63	-527.871	60		60		1		1900		0.676258
22	-2215.17	3738.29	60		60		1		1200		0.499104
23	-7243.68	1874.23	60		60		1		1500		0.0645134
24	-6023.85	-3907	60		60		1		1900		0.583738
25	1837.93	3450.51	60		60		1		1200		0.379768
26	-7597.7	4152.69	60		60		1		1700		0.26813
27	2339.69	-4518.71	60		60		1		1200		0.860167
28	753.012	828.615	60		60		1		1200		0.793937
29	2975.14	-1484.65	60		60		1		1200		0.841474
30	-5319.77	7663.84	60		60		1		2900		0.361926
31	-2031.47	619.109	60		60		1		1200		0.902982
32	-1077.72	-4604.61	60		60		1		1300		0.30386
33	-4850.92	-5848.27	60		60		1		1900		0.963709
34	3793.81	-2009.31	60		60		1		1200		0.180438
35	-7903.8	4007.28	60		60		1		2100		24.6326
36	-255.183	-2850.15	60		60		1		1200		1.12281
37	8023.33	4288.5	60		60		1		2100		12.7268
38	-1713.25	7331.88	60		60		1		1500		0.731296
39	-6570.18	-5451.75	60		60		1		2400		1.56926
40	-7925.66	6810.35	60		60		1		2100		15.5415
41	6843.04	-4230.77	60		60		1		1700		0.89896
42	4075.79	8022.66	60		60		1		1800		0.925312
43	5924.89	3863.82	60		60		1		1700		0.159794
44	-6454.42	1232.03	60		60		1		2000		0.299988
45	4366.25	6872.61	60		60		1		2400		0.920352
46	2087.07	-7653.8	60		60		1		1900		11.5298
47	-1829.38	-963.537	60		60		1		1200		27.0738
48	-6302.19	5705.77	60		60		1		2300		0.89212
49	2368.67	-6686.35	60		60		1		2000		0.318667
50	5438.89	7145.1	60		60		1		1900		0.343801
Served by Drone:
Customer 1: Yes
Customer 2: Yes
Customer 3: Yes
Customer 4: No
Customer 5: Yes
Customer 6: Yes
Customer 7: No
Customer 8: No
Customer 9: Yes
Customer 10: Yes
Customer 11: Yes
Customer 12: Yes
Customer 13: Yes
Customer 14: Yes
Customer 15: Yes
Customer 16: Yes
Customer 17: Yes
Customer 18: Yes
Customer 19: Yes
Customer 20: No
Customer 21: Yes
Customer 22: Yes
Customer 23: Yes
Customer 24: Yes
Customer 25: Yes
Customer 26: Yes
Customer 27: Yes
Customer 28: Yes
Customer 29: Yes
Customer 30: Yes
Customer 31: Yes
Customer 32: Yes
Customer 33: Yes
Customer 34: Yes
Customer 35: No
Customer 36: Yes
Customer 37: No
Customer 38: Yes
Customer 39: Yes
Customer 40: No
Customer 41: Yes
Customer 42: Yes
Customer 43: Yes
Customer 44: Yes
Customer 45: Yes
Customer 46: No
Customer 47: No
Customer 48: Yes
Customer 49: Yes
Customer 50: Yes
Distance Matrix (Euclidean, meters):
               0       1       2       3       4       5       6       7       8       9      10      11      12      13      14      15      16      17      18      19      20      21      22      23      24      25      26      27      28      29      30      31      32      33      34      35      36      37      38      39      40      41      42      43      44      45      46      47      48      49      50
       0     0.0  8769.5  6874.8  6919.2  5521.2  8487.3  7702.4  6366.3  6522.1  5880.6  6886.6  3071.7 10060.8  7828.9  5905.9  5773.7  5446.8  2145.8  6862.0  3170.2  6940.2  6529.0  4345.3  7482.2  7179.9  3909.5  8658.5  5088.5  1119.7  3325.0  9329.2  2123.7  4729.1  7598.3  4293.1  8861.6  2861.6  9097.5  7529.4  8537.5 10449.7  8045.3  8998.6  7073.4  6571.0  8142.3  7933.3  2067.6  8501.4  7093.5  8979.6
       1  8769.5     0.0  9353.9 15427.1 11645.5 11936.0  5781.8  6871.5  9189.5 11992.7 13549.1  5902.2  3930.7 14081.1 13378.3  4351.5  9294.6 10295.5 15561.9 10356.2  1829.6 12604.1 13099.3 14693.1 10507.3 11561.8 16545.9  3693.9  9264.7  6517.8 18029.3 10304.4  5815.3  8778.1  5957.5 16651.0  6446.6 13005.0 16216.3 10542.3 18781.4  4901.9 15993.4 12042.7 13676.9 14854.5  1611.4  8902.2 16920.7  1823.3 15214.0
       2  6874.8  9353.9     0.0  9460.2  3911.6 15126.7 12146.3  2493.0   352.9 12755.2 13690.1  7498.1 12679.0  5538.4  6268.4  5111.0 11910.1  8890.9 10272.7  4847.0  8174.5  4353.4  8851.2  6864.6  1198.8 10640.0  9146.2  7414.8  7990.3  8645.1 12304.8  6074.6  3996.6  1230.2  9249.5  9097.0  5140.1 15850.4 12433.2  1702.8 11798.6 11924.2 15621.3 13902.1  6030.6 14887.1  7770.1  4902.4 10416.9  7719.4 15791.7
       3  6919.2 15427.1  9460.2     0.0  5591.1 12919.9 14414.4 10743.6  9232.0  9299.4  9033.0  9985.6 16978.3  5464.5  3300.9 11660.8 10905.4  6524.8  1226.8  5317.7 13630.8  5567.5  2953.6  3726.2  8792.3  6937.8  2718.0 11855.9  6972.4 10138.0  2865.0  5123.6 10195.1 10670.0 11105.8  3051.2  9000.7 12997.4  4106.8 10397.8  3568.4 14876.9  9589.2 10930.0  3886.6  9552.3 14329.3  6578.9  1604.9 13644.7 10658.5
       4  5521.2 11645.5  3911.6  5591.1     0.0 13902.1 12706.8  5622.8  3722.4 10867.9 11420.3  7674.0 14238.6  2527.8  2356.8  7362.2 10958.5  6913.9  6493.8  2373.4 10066.1  1060.1  5542.0  3164.7  3208.1  8428.0  5341.5  8673.1  6419.8  8477.7  8412.2  3700.3  5846.1  5138.8  9349.8  5340.8  5623.3 14402.7  8909.8  4831.6  7946.2 12796.8 12962.9 12292.8  2210.1 12442.6 10238.1  3647.5  6506.1  9835.0 13464.7
       5  8487.3 11936.0 15126.7 12919.9 13902.1     0.0  6503.3 13912.4 14778.4  3643.9  4492.2  8001.3 10015.4 15976.0 13636.7 11994.8  3250.8  7073.7 12087.2 11532.1 10702.5 14842.6 10085.1 15158.9 15599.0  6023.0 15482.5  9496.8  7492.2  6773.4 13907.8 10221.9 11870.5 15606.1  6615.2 15780.0 10126.2  1089.7 10418.7 16827.8 16186.9  7511.1  6118.6  2038.4 14446.8  5057.9 12302.1 10547.1 14376.3 11317.4  4616.8
       6  7702.4  5781.8 12146.3 14414.4 12706.8  6503.3     0.0 10119.2 11854.7  7727.5  9293.8  5033.0  3586.2 15203.0 13566.1  7522.8  4722.0  8001.0 14084.6 10603.8  5081.3 13766.8 11548.0 15123.1 13031.9  8439.8 16351.8  4825.2  7443.9  4379.9 16441.0  9810.4  8184.0 12126.8  3423.3 16561.3  7256.0  7592.9 13689.1 13741.0 17982.8  1007.8 11627.7  7177.2 14167.3 10441.6  6601.6  9107.5 16019.2  5769.1 10494.3
       7  6366.3  6871.5  2493.0 10743.6  5622.8 13912.4 10119.2     0.0  2370.4 12048.2 13206.7  5947.7 10299.4  7717.4  7847.9  2731.8 10662.6  8511.5 11345.5  5534.2  5782.9  6356.7  9464.6  8776.5  3673.3 10274.7 10955.4  5296.4  7449.2  7171.5 13602.1  6375.1  2063.1  2034.2  7578.7 10963.2  3840.3 14748.6 13085.8  3757.2 13517.8  9776.8 15364.7 12965.4  7832.3 14488.3  5280.8  4846.0 11931.6  5282.0 15277.8
       8  6522.1  9189.5   352.9  9232.0  3722.4 14778.4 11854.7  2370.4     0.0 12402.6 13340.6  7172.6 12456.2  5484.2  6073.6  4908.1 11564.1  8541.0 10019.8  4533.5  7962.6  4238.5  8549.7  6740.2  1317.9 10291.6  9006.0  7146.1  7637.8  8312.3 12084.4  5743.1  3733.0  1439.4  8928.1  8969.0  4810.2 15499.6 12141.8  2049.4 11645.7 11650.0 15278.7 13549.6  5877.6 14539.9  7618.0  4553.3 10225.5  7526.9 15442.1
       9  5880.6 11992.7 12755.2  9299.4 10867.9  3643.9  7727.5 12048.2 12402.6     0.0  1590.0  6691.9 11245.9 12722.4 10272.7 10723.9  3005.8  3980.0  8444.9  8563.1 10391.7 11722.7  6521.8 11740.6 13011.0  2525.8 11899.5  8751.8  4765.7  5652.8 10291.0  7183.3 10156.3 13451.8  6041.1 12204.7  8235.7  3732.8  6870.4 14412.3 12543.1  8624.4  4018.5  1630.6 11108.4  2862.9 11872.5  7894.4 10737.8 10869.9  3334.8
      10  6886.6 13549.1 13690.1  9033.0 11420.3  4492.2  9293.8 13206.7 13340.6  1590.0     0.0  8116.9 12826.7 13040.8 10505.5 12079.1  4579.2  4800.1  8035.3  9224.0 11920.6 12186.0  6518.4 11874.3 13828.1  3060.9 11722.8 10239.1  5775.2  7142.7  9587.3  7838.0 11396.0 14477.1  7591.8 12044.8  9459.1  4188.9  6012.6 15303.6 12026.9 10202.5  2444.4  2549.6 11357.1  1335.0 13375.4  8787.8 10341.0 12378.0  2101.6
      11  3071.7  5902.2  7498.1  9985.6  7674.0  8001.3  5033.0  5947.7  7172.6  6691.9  8116.9     0.0  7011.3 10175.1  8655.4  4086.3  4769.6  4393.6  9921.5  5621.5  4096.9  8734.1  7383.0 10181.2  8231.0  5744.7 11598.7  2247.5  3376.7  1229.2 12383.6  5009.7  3888.2  7761.3  1769.5 11776.0  2369.1  8888.2 10330.8  9178.6 13500.9  5173.9 10510.7  7274.2  9202.1  9452.0  5363.6  4097.0 11560.5  4407.7 10026.7
      12 10060.8  3930.7 12679.0 16978.3 14238.6 10015.4  3586.2 10299.4 12456.2 11245.9 12826.7  7011.3     0.0 16761.3 15563.1  7580.0  8248.5 10909.8 16835.1 12479.9  4516.7 15272.6 14274.9 17034.4 13750.6 11666.9 18584.2  5566.8 10127.1  6924.6 19270.2 12012.1  8775.5 12307.5  6003.8 18748.3  8629.4 11099.1 16821.6 14054.6 20508.0  2627.6 15189.6 10762.4 16028.9 14003.9  5402.0 10934.0 18562.2  5052.7 14079.4
      13  7828.9 14081.1  5538.4  5464.5  2527.8 15976.0 15203.0  7717.4  5484.2 12722.4 13040.8 10175.1 16761.3     0.0  2577.1  9753.8 13183.2  8903.3  6628.7  4675.3 12548.1  1491.3  6651.8  1803.9  4455.4 10207.5  3992.1 11194.7  8605.5 10927.8  7904.8  5813.2  8265.8  6711.4 11822.9  3840.8  8150.9 16377.4  9418.7  5757.8  6643.9 15315.2 14261.3 14240.1  1737.2 13915.4 12627.7  6103.3  5744.6 12285.1 14989.2
      14  5905.9 13378.3  6268.4  3300.9  2356.8 13636.7 13566.1  7847.9  6073.6 10272.7 10505.5  8655.4 15563.1  2577.1     0.0  9255.2 11010.0  6590.2  4320.7  3087.3 11683.7  2281.4  4075.7  1582.6  5517.5  7747.1  3189.7 10091.3  6484.1  9193.1  6074.8  3782.9  7728.2  7494.9 10142.7  3273.8  7020.5 13969.4  6973.4  7107.2  5671.7 13818.5 11684.3 11828.5   852.9 11350.2 12084.7  4630.1  4151.8 11555.3 12429.3
      15  5773.7  4351.5  5111.0 11660.8  7362.2 11994.8  7522.8  2731.8  4908.1 10723.9 12079.1  4086.3  7580.0  9753.8  9255.2     0.0  8809.7  7785.6 12004.0  6379.3  3066.4  8287.8  9745.6 10471.2  6219.7  9423.0 12444.8  2734.9  6655.3  5271.5 14418.4  6680.2  1529.5  4760.8  5408.8 12517.9  2927.5 12925.6 13204.9  6487.4 14823.2  7103.2 14411.1 11360.2  9464.0 13408.0  2877.5  5114.1 13051.6  2623.5 14051.8
      16  5446.8  9294.6 11910.1 10905.4 10958.5  3250.8  4722.0 10662.6 11564.1  3005.8  4579.2  4769.6  8248.5 13183.2 11010.0  8809.7     0.0  4487.4 10299.6  8591.1  7843.7 11947.6  7954.3 12579.8 12430.2  4153.6 13252.1  6431.1  4577.7  3548.8 12456.4  7370.0  8624.0 12361.5  3535.9 13519.4  6877.9  4120.3  9340.8 13612.8 14389.3  5623.4  6952.7  2750.2 11771.6  5769.9  9407.3  7461.5 12469.0  8402.3  5964.7
      17  2145.8 10295.5  8890.9  6524.8  6913.9  7073.7  8001.0  8511.5  8541.0  3980.0  4800.1  4393.6 10909.8  8903.3  6590.2  7785.6  4487.4     0.0  6091.3  4587.0  8488.2  7807.1  3588.5  8139.9  9065.6  1771.9  8774.6  6627.7  1130.3  4014.8  8443.0  3215.6  6845.1  9686.9  4906.4  9037.0  4936.1  7501.3  5981.2 10513.1 10072.0  8577.2  6855.0  5380.9  7385.3  6023.1  9677.2  3989.3  8119.1  8760.8  6901.4
      18  6862.0 15561.9 10272.7  1226.8  6493.8 12087.2 14084.6 11345.5 10019.8  8444.9  8035.3  9921.5 16835.1  6628.7  4320.7 12004.0 10299.6  6091.3     0.0  5820.7 13742.8  6601.4  2561.0  4924.8  9698.7  6210.8  3872.1 11920.2  6717.0  9924.2  2470.1  5333.9 10592.5 11457.7 10874.8  4210.3  9221.2 12089.5  2880.0 11325.4  4117.3 14619.0  8435.2 10069.1  4992.1  8463.2 14563.3  6891.0  2308.5 13817.7  9565.5
      19  3170.2 10356.2  4847.0  5317.7  2373.4 11532.1 10603.8  5534.2  4533.5  8563.1  9224.0  5621.5 12479.9  4675.3  3087.3  6379.3  8591.1  4587.0  5820.7     0.0  8629.4  3360.4  4035.0  4568.4  4694.6  6183.3  6200.9  7006.9  4046.5  6276.4  8137.7  1388.7  4889.2  5910.5  7194.3  6326.0  3947.0 12048.8  7654.1  6273.1  8460.3 10795.4 10943.8  9950.1  3581.1 10320.1  9131.9  1546.7  6672.6  8538.7 11301.8
      20  6940.2  1829.6  8174.5 13630.8 10066.1 10702.5  5081.3  5782.9  7962.6 10391.7 11920.6  4096.9  4516.7 12548.1 11683.7  3066.4  7843.7  8488.2 13742.8  8629.4     0.0 11059.4 11272.5 13046.2  9267.3  9802.3 14830.0  1868.2  7445.1  4806.1 16211.5  8507.5  4349.5  7795.2  4367.2 14948.4  4689.6 11740.6 14392.6  9538.8 17015.2  4420.6 14358.9 10586.4 12028.7 13241.1  1603.6  7144.6 15138.6   688.2 13667.6
      21  6529.0 12604.1  4353.4  5567.5  1060.1 14842.6 13766.8  6356.7  4238.5 11722.7 12186.0  8734.1 15272.6  1491.3  2281.4  8287.8 11947.6  7807.1  6601.4  3360.4 11059.4     0.0  6051.9  2512.3  3413.6  9245.3  4805.8  9705.8  7386.3  9530.9  8277.4  4620.8  6790.0  5572.4 10407.4  4745.2  6669.8 15308.4  9206.6  4924.3  7474.0 13854.7 13605.9 13185.4  1760.7 13153.3 11164.6  4698.5  6237.0 10803.5 14198.4
      22  4345.3 13099.3  8851.2  2953.6  5542.0 10085.1 11548.0  9464.6  8549.7  6521.8  6518.4  7383.0 14274.9  6651.8  4075.7  9745.6  7954.3  3588.5  2561.0  4035.0 11272.5  6051.9     0.0  5362.9  8541.5  4063.3  5398.5  9430.0  4156.5  7363.3  5004.9  3124.6  8420.1  9942.3  8315.2  5695.0  6873.8 10253.3  3628.5 10169.7  6484.4 12064.7  7611.3  8141.0  4924.7  7289.6 12177.4  4717.6  4535.9 11387.9  8378.0
      23  7482.2 14693.1  6864.6  3726.2  3164.7 15158.9 15123.1  8776.5  6740.2 11740.6 11874.3 10181.2 17034.4  1803.9  1582.6 10471.2 12579.8  8139.9  4924.8  4568.4 13046.2  2512.3  5362.9     0.0  5908.5  9217.4  2305.8 11520.0  8064.8 10756.7  6100.9  5361.2  8944.0  8084.7 11700.8  2232.9  8435.6 15456.7  7769.9  7356.9  4983.0 15352.7 12881.5 13318.0  1017.5 12640.2 13335.9  6112.9  3945.5 12871.7 13734.3
      24  7179.9 10507.3  1198.8  8792.3  3208.1 15599.0 13031.9  3673.3  1317.9 13011.0 13828.1  8231.0 13750.6  4455.4  5517.5  6219.7 12430.2  9065.6  9698.7  4694.6  9267.3  3413.6  8541.5  5908.5     0.0 10767.6  8211.9  8385.9  8267.5  9319.3 11592.2  6035.3  4995.1  2268.1  9999.4  8134.5  5864.7 16263.1 12037.2  1638.5 10884.8 12871.0 15630.7 14253.4  5157.0 14971.8  8934.5  5124.2  9616.8  8840.8 15923.0
      25  3909.5 11561.8 10640.0  6937.8  8428.0  6023.0  8439.8 10274.7 10291.6  2525.8  3060.9  5744.7 11666.9 10207.5  7747.1  9423.0  4153.6  1771.9  6210.8  6183.3  9802.3  9245.3  4063.3  9217.4 10767.6     0.0  9461.7  7985.0  2837.5  5064.5  8305.7  4794.7  8566.6 11454.6  5799.6  9757.6  6639.2  6241.9  5260.8 12245.3 10325.5  9168.1  5090.4  4107.8  8584.0  4254.8 11107.1  5738.7  8446.8 10150.7  5159.2
      26  8658.5 16545.9  9146.2  2718.0  5341.5 15482.5 16351.8 10955.4  9006.0 11899.5 11722.8 11598.7 18584.2  3992.1  3189.7 12444.8 13252.1  8774.6  3872.1  6200.9 14830.0  4805.8  5398.5  2305.8  8211.9  9461.7     0.0 13188.8  8988.0 11981.8  4185.4  6593.1 10917.9 10371.3 12951.3   338.9 10146.5 15621.6  6688.3  9659.2  2677.8 16697.8 12298.3 13525.7  3136.5 12269.2 15270.5  7710.3  2022.5 14724.6 13375.6
      27  5088.5  3693.9  7414.8 11855.9  8673.1  9496.8  4825.2  5296.4  7146.1  8751.8 10239.1  2247.5  5566.8 11194.7 10091.3  2734.9  6431.1  6627.7 11920.2  7006.9  1868.2  9705.8  9430.0 11520.0  8385.9  7985.0 13188.8     0.0  5577.8  3099.9 14390.3  6745.7  3418.5  7312.5  2900.3 13327.5  3085.0 10481.9 12524.5  8958.6 15288.1  4512.5 12661.0  9117.0 10507.5 11570.2  3145.3  5479.1 13387.4  2167.8 12068.5
      28  1119.7  9264.7  7990.3  6972.4  6419.8  7492.2  7443.9  7449.2  7637.8  4765.7  5775.2  3376.7 10127.1  8605.5  6484.1  6655.3  4577.7  1130.3  6717.0  4046.5  7445.1  7386.3  4156.5  8064.8  8267.5  2837.5  8988.0  5577.8     0.0  3207.7  9143.3  2792.4  5733.4  8716.9  4159.4  9221.9  3814.4  8051.6  6955.2  9647.4 10540.4  7917.4  7924.3  5996.7  7218.7  7041.7  8586.7  3143.3  8576.9  7686.7  7864.8
      29  3325.0  6517.8  8645.1 10138.0  8477.7  6773.4  4379.9  7171.5  8312.3  5652.8  7142.7  1229.2  6924.6 10927.8  9193.1  5271.5  3548.8  4014.8  9924.2  6276.4  4806.1  9530.9  7363.3 10756.7  9319.3  5064.5 11981.8  3099.9  3207.7     0.0 12349.1  5430.6  5114.7  8960.4   972.4 12186.6  3507.1  7669.0  9985.6 10336.9 13698.0  4743.6  9570.8  6108.0  9813.1  8472.2  6232.7  4832.7 11737.6  5236.9  8974.6
      30  9329.2 18029.3 12304.8  2865.0  8412.2 13907.8 16441.0 13602.1 12084.4 10291.0  9587.3 12383.6 19270.2  7904.8  6074.8 14418.4 12456.4  8443.0  2470.1  8137.7 16211.5  8277.4  5004.9  6100.9 11592.2  8305.7  4185.4 14390.3  9143.3 12349.1     0.0  7774.4 12981.1 13520.2 13290.1  4477.5 11670.2 13763.4  3621.8 13175.1  2742.1 17012.2  9402.4 11869.4  6531.1  9718.3 17014.5  9306.7  2190.7 16280.1 10771.2
      31  2123.7 10304.4  6074.6  5123.6  3700.3 10221.9  9810.4  6375.1  5743.1  7183.3  7838.0  5009.7 12012.1  5813.2  3782.9  6680.2  7370.0  3215.6  5333.9  1388.7  8507.5  4620.8  3124.6  5361.2  6035.3  4794.7  6593.1  6745.7  2792.4  5430.6  7774.4     0.0  5310.1  7055.2  6390.8  6779.7  3897.6 10703.4  6720.3  7579.9  8548.3 10113.3  9597.5  8592.5  4465.2  8946.3  9241.4  1595.5  6641.8  8528.2  9919.4
      32  4729.1  5815.3  3996.6 10195.1  5846.1 11870.5  8184.0  2063.1  3733.0 10156.3 11396.0  3888.2  8775.5  8265.8  7728.2  1529.5  8624.0  6845.1 10592.5  4889.2  4349.5  6790.0  8420.1  8944.0  4995.1  8566.6 10917.9  3418.5  5733.4  5114.7 12981.1  5310.1     0.0  3972.9  5519.7 10989.1  1937.7 12724.6 11953.4  5557.4 13311.5  7929.6 13638.4 10988.7  7935.7 12702.9  4394.7  3717.9 11558.5  4026.3 13435.9
      33  7598.3  8778.1  1230.2 10670.0  5138.8 15606.1 12126.8  2034.2  1439.4 13451.8 14477.1  7761.3 12307.5  6711.4  7494.9  4760.8 12361.5  9686.9 11457.7  5910.5  7795.2  5572.4  9942.3  8084.7  2268.1 11454.6 10371.3  7312.5  8716.9  8960.4 13520.2  7055.2  3972.9     0.0  9458.8 10317.6  5487.2 16386.0 13548.5  1764.4 13026.7 11805.3 16495.1 14506.6  7259.6 15709.1  7169.1  5743.7 11644.8  7268.1 16574.3
      34  4293.1  5957.5  9249.5 11105.8  9349.8  6615.2  3423.3  7578.7  8928.1  6041.1  7591.8  1769.5  6003.8 11822.9 10142.7  5408.8  3535.9  4906.4 10874.8  7194.3  4367.2 10407.4  8315.2 11700.8  9999.4  5799.6 12951.3  2900.3  4159.4   972.4 13290.1  6390.8  5519.7  9458.8     0.0 13154.2  4135.4  7586.3 10843.7 10920.7 14667.4  3772.6 10035.9  6247.8 10748.6  8900.3  5896.9  5719.6 12706.4  4889.3  9301.1
      35  8861.6 16651.0  9097.0  3051.2  5340.8 15780.0 16561.3 10963.2  8969.0 12204.7 12044.8 11776.0 18748.3  3840.8  3273.8 12517.9 13519.4  9037.0  4210.3  6326.0 14948.4  4745.2  5695.0  2232.9  8134.5  9757.6   338.9 13327.5  9221.9 12186.6  4477.5  6779.7 10989.1 10317.6 13154.2     0.0 10272.6 15929.6  7026.8  9552.6  2803.2 16891.8 12634.6 13829.4  3130.9 12600.2 15355.7  7849.0  2334.5 14828.3 13706.7
      36  2861.6  6446.6  5140.1  9000.7  5623.3 10126.2  7256.0  3840.3  4810.2  8235.7  9459.1  2369.1  8629.4  8150.9  7020.5  2927.5  6877.9  4936.1  9221.2  3947.0  4689.6  6669.8  6873.8  8435.6  5864.7  6639.2 10146.5  3085.0  3814.4  3507.1 11670.2  3897.6  1937.7  5487.2  4135.4 10272.6     0.0 10931.3 10285.9  6829.9 12335.4  7231.2 11703.7  9125.3  7422.6 10765.2  5344.3  2457.1 10477.1  4647.7 11503.4
      37  9097.5 13005.0 15850.4 12997.4 14402.7  1089.7  7592.9 14748.6 15499.6  3732.8  4188.9  8888.2 11099.1 16377.4 13969.4 12925.6  4120.3  7501.3 12089.5 12048.8 11740.6 15308.4 10253.3 15456.7 16263.1  6241.9 15621.6 10481.9  8051.6  7669.0 13763.4 10703.4 12724.6 16386.0  7586.3 15929.6 10931.3     0.0 10201.1 17545.5 16147.1  8600.6  5433.9  2141.0 14796.9  4477.9 13336.3 11165.1 14395.5 12346.0  3852.2
      38  7529.4 16216.3 12433.2  4106.8  8909.8 10418.7 13689.1 13085.8 12141.8  6870.4  6012.6 10330.8 16821.6  9418.7  6973.4 13204.9  9340.8  5981.2  2880.0  7654.1 14392.6  9206.6  3628.5  7769.9 12037.2  5260.8  6688.3 12524.5  6955.2  9985.6  3621.8  6720.3 11953.4 13548.5 10843.7  7026.8 10285.9 10201.1     0.0 13675.2  6234.3 14384.2  5830.1  8388.6  7725.7  6096.8 15460.1  8296.2  4868.5 14600.4  7154.6
      39  8537.5 10542.3  1702.8 10397.8  4831.6 16827.8 13741.0  3757.2  2049.4 14412.3 15303.6  9178.6 14054.6  5757.8  7107.2  6487.4 13612.8 10513.1 11325.4  6273.1  9538.8  4924.3 10169.7  7356.9  1638.5 12245.3  9659.2  8958.6  9647.4 10336.9 13175.1  7579.9  5557.4  1764.4 10920.7  9552.6  6829.9 17545.5 13675.2     0.0 12336.8 13468.7 17172.6 15585.5  6684.8 16477.1  8932.9  6528.3 11160.7  9023.7 17404.0
      40 10449.7 18781.4 11798.6  3568.4  7946.2 16186.9 17982.8 13517.8 11645.7 12543.1 12026.9 13500.9 20508.0  6643.9  5671.7 14823.2 14389.3 10072.0  4117.3  8460.3 17015.2  7474.0  6484.4  4983.0 10884.8 10325.5  2677.8 15288.1 10540.4 13698.0  2742.1  8548.3 13311.5 13026.7 14667.4  2803.2 12335.4 16147.1  6234.3 12336.8     0.0 18439.7 12062.5 14160.5  5769.1 12292.1 17591.7  9879.2  1963.6 16974.5 13368.7
      41  8045.3  4901.9 11924.2 14876.9 12796.8  7511.1  1007.8  9776.8 11650.0  8624.4 10202.5  5173.9  2627.6 15315.2 13818.5  7103.2  5623.4  8577.2 14619.0 10795.4  4420.6 13854.7 12064.7 15352.7 12871.0  9168.1 16697.8  4512.5  7917.4  4743.6 17012.2 10113.3  7929.6 11805.3  3772.6 16891.8  7231.2  8600.6 14384.2 13468.7 18439.7     0.0 12562.0  8146.5 14375.8 11376.3  5859.7  9267.4 16478.2  5103.9 11462.2
      42  8998.6 15993.4 15621.3  9589.2 12962.9  6118.6 11627.7 15364.7 15278.7  4018.5  2444.4 10510.7 15189.6 14261.3 11684.3 14411.1  6952.7  6855.0  8435.2 10943.8 14358.9 13605.9  7611.3 12881.5 15630.7  5090.4 12298.3 12661.0  7924.3  9570.8  9402.4  9597.5 13638.4 16495.1 10035.9 12634.6 11703.7  5433.9  5830.1 17172.6 12062.5 12562.0     0.0  4551.4 12529.9  1186.2 15802.1 10752.8 10633.5 14807.7  1621.2
      43  7073.4 12042.7 13902.1 10930.0 12292.8  2038.4  7177.2 12965.4 13549.6  1630.6  2549.6  7274.2 10762.4 14240.1 11828.5 11360.2  2750.2  5380.9 10069.1  9950.1 10586.4 13185.4  8141.0 13318.0 14253.4  4107.8 13525.7  9117.0  5996.7  6108.0 11869.4  8592.5 10988.7 14506.6  6247.8 13829.4  9125.3  2141.0  8388.6 15585.5 14160.5  8146.5  4551.4     0.0 12656.0  3388.5 12140.2  9134.1 12365.0 11133.4  3317.1
      44  6571.0 13676.9  6030.6  3886.6  2210.1 14446.8 14167.3  7832.3  5877.6 11108.4 11357.1  9202.1 16028.9  1737.2   852.9  9464.0 11771.6  7385.3  4992.1  3581.1 12028.7  1760.7  4924.7  1017.5  5157.0  8584.0  3136.5 10507.5  7218.7  9813.1  6531.1  4465.2  7935.7  7259.6 10748.6  3130.9  7422.6 14796.9  7725.7  6684.8  5769.1 14375.8 12529.9 12656.0     0.0 12202.6 12325.4  5119.7  4476.3 11855.3 13282.1
      45  8142.3 14854.5 14887.1  9552.3 12442.6  5057.9 10441.6 14488.3 14539.9  2862.9  1335.0  9452.0 14003.9 13915.4 11350.2 13408.0  5769.9  6023.1  8463.2 10320.1 13241.1 13153.3  7289.6 12640.2 14971.8  4254.8 12269.2 11570.2  7041.7  8472.2  9718.3  8946.3 12702.9 15709.1  8900.3 12600.2 10765.2  4477.9  6096.8 16477.1 12292.1 11376.3  1186.2  3388.5 12202.6     0.0 14704.1  9989.5 10732.1 13705.3  1106.7
      46  7933.3  1611.4  7770.1 14329.3 10238.1 12302.1  6601.6  5280.8  7618.0 11872.5 13375.4  5363.6  5402.0 12627.7 12084.7  2877.5  9407.3  9677.2 14563.3  9131.9  1603.6 11164.6 12177.4 13335.9  8934.5 11107.1 15270.5  3145.3  8586.7  6232.7 17014.5  9241.4  4394.7  7169.1  5896.9 15355.7  5344.3 13336.3 15460.1  8932.9 17591.7  5859.7 15802.1 12140.2 12325.4 14704.1     0.0  7752.3 15775.2  1007.6 15173.7
      47  2067.6  8902.2  4902.4  6578.9  3647.5 10547.1  9107.5  4846.0  4553.3  7894.4  8787.8  4097.0 10934.0  6103.3  4630.1  5114.1  7461.5  3989.3  6891.0  1546.7  7144.6  4698.5  4717.6  6112.9  5124.2  5738.7  7710.3  5479.1  3143.3  4832.7  9306.7  1595.5  3717.9  5743.7  5719.6  7849.0  2457.1 11165.1  8296.2  6528.3  9879.2  9267.4 10752.8  9134.1  5119.7  9989.5  7752.3     0.0  8030.3  7097.5 10889.3
      48  8501.4 16920.7 10416.9  1604.9  6506.1 14376.3 16019.2 11931.6 10225.5 10737.8 10341.0 11560.5 18562.2  5744.6  4151.8 13051.6 12469.0  8119.1  2308.5  6672.6 15138.6  6237.0  4535.9  3945.5  9616.8  8446.8  2022.5 13387.4  8576.9 11737.6  2190.7  6641.8 11558.5 11644.8 12706.4  2334.5 10477.1 14395.5  4868.5 11160.7  1963.6 16478.2 10633.5 12365.0  4476.3 10732.1 15775.2  8030.3     0.0 15124.4 11829.0
      49  7093.5  1823.3  7719.4 13644.7  9835.0 11317.4  5769.1  5282.0  7526.9 10869.9 12378.0  4407.7  5052.7 12285.1 11555.3  2623.5  8402.3  8760.8 13817.7  8538.7   688.2 10803.5 11387.9 12871.7  8840.8 10150.7