Truck Distance Matrix:
0 57 79 101 123 145 79 101 123 55 77 99 121 143 77 99 121 143 65 87 109 131 65 87 109 131 153 75 97 119 53 0 0 0 0 
57 0 22 44 66 88 88 88 88 2 20 42 64 86 86 86 86 86 14 30 52 74 74 74 74 74 96 26 40 62 62 57 57 57 57 
79 22 0 22 44 66 88 88 88 24 2 20 42 64 86 86 86 86 14 14 30 52 74 74 74 74 74 26 26 40 62 79 79 79 79 
101 44 22 0 22 44 88 88 88 46 24 2 20 42 86 86 86 86 36 14 14 30 74 74 74 74 74 26 26 26 62 101 101 101 101 
123 66 44 22 0 22 88 88 88 68 46 24 2 20 86 86 86 86 58 36 14 14 74 74 74 74 74 48 26 26 70 123 123 123 123 
145 88 66 44 22 0 88 88 88 90 68 46 24 2 86 86 86 86 80 58 36 14 80 74 74 74 74 70 48 26 92 145 145 145 145 
79 88 88 88 88 88 0 22 44 90 90 90 90 90 2 20 42 64 102 102 102 102 14 14 30 52 74 114 114 114 26 79 79 79 79 
101 88 88 88 88 88 22 0 22 90 90 90 90 90 24 2 20 42 102 102 102 102 36 14 14 30 52 114 114 114 48 101 101 101 101 
123 88 88 88 88 88 44 22 0 90 90 90 90 90 46 24 2 20 102 102 102 102 58 36 14 14 30 114 114 114 70 123 123 123 123 
55 2 24 46 68 90 90 90 90 0 22 44 66 88 88 88 88 88 12 32 54 76 76 76 76 76 98 24 42 64 64 55 55 55 55 
77 20 2 24 46 68 90 90 90 22 0 22 44 66 88 88 88 88 12 12 32 54 76 76 76 76 76 24 24 42 64 77 77 77 77 
99 42 20 2 24 46 90 90 90 44 22 0 22 44 88 88 88 88 34 12 12 32 76 76 76 76 76 24 24 24 64 99 99 99 99 
121 64 42 20 2 24 90 90 90 66 44 22 0 22 88 88 88 88 56 34 12 12 76 76 76 76 76 46 24 24 68 121 121 121 121 
143 86 64 42 20 2 90 90 90 88 66 44 22 0 88 88 88 88 78 56 34 12 78 76 76 76 76 68 46 24 90 143 143 143 143 
77 86 86 86 86 86 2 24 46 88 88 88 88 88 0 22 44 66 100 100 100 100 12 12 32 54 76 112 112 112 24 77 77 77 77 
99 86 86 86 86 86 20 2 24 88 88 88 88 88 22 0 22 44 100 100 100 100 34 12 12 32 54 112 112 112 46 99 99 99 99 
121 86 86 86 86 86 42 20 2 88 88 88 88 88 44 22 0 22 100 100 100 100 56 34 12 12 32 112 112 112 68 121 121 121 121 
143 86 86 86 86 86 64 42 20 88 88 88 88 88 66 44 22 0 100 100 100 100 78 56 34 12 12 112 112 112 90 143 143 143 143 
65 14 14 36 58 80 102 102 102 12 12 34 56 78 100 100 100 100 0 22 44 66 88 88 88 88 88 12 32 54 76 65 65 65 65 
87 30 14 14 36 58 102 102 102 32 12 12 34 56 100 100 100 100 22 0 22 44 88 88 88 88 88 12 12 32 76 87 87 87 87 
109 52 30 14 14 36 102 102 102 54 32 12 12 34 100 100 100 100 44 22 0 22 88 88 88 88 88 34 12 12 76 109 109 109 109 
131 74 52 30 14 14 102 102 102 76 54 32 12 12 100 100 100 100 66 44 22 0 88 88 88 88 88 56 34 12 78 131 131 131 131 
65 74 74 74 74 80 14 36 58 76 76 76 76 78 12 34 56 78 88 88 88 88 0 22 44 66 88 100 100 100 12 65 65 65 65 
87 74 74 74 74 74 14 14 36 76 76 76 76 76 12 12 34 56 88 88 88 88 22 0 22 44 66 100 100 100 34 87 87 87 87 
109 74 74 74 74 74 30 14 14 76 76 76 76 76 32 12 12 34 88 88 88 88 44 22 0 22 44 100 100 100 56 109 109 109 109 
131 74 74 74 74 74 52 30 14 76 76 76 76 76 54 32 12 12 88 88 88 88 66 44 22 0 22 100 100 100 78 131 131 131 131 
153 96 74 74 74 74 74 52 30 98 76 76 76 76 76 54 32 12 88 88 88 88 88 66 44 22 0 100 100 100 100 153 153 153 153 
75 26 26 26 48 70 114 114 114 24 24 24 46 68 112 112 112 112 12 12 34 56 100 100 100 100 100 0 22 44 88 75 75 75 75 
97 40 26 26 26 48 114 114 114 42 24 24 24 46 112 112 112 112 32 12 12 34 100 100 100 100 100 22 0 22 88 97 97 97 97 
119 62 40 26 26 26 114 114 114 64 42 24 24 24 112 112 112 112 54 32 12 12 100 100 100 100 100 44 22 0 88 119 119 119 119 
53 62 62 62 70 92 26 48 70 64 64 64 68 90 24 46 68 90 76 76 76 78 12 34 56 78 100 88 88 88 0 53 53 53 53 
0 57 79 101 123 145 79 101 123 55 77 99 121 143 77 99 121 143 65 87 109 131 65 87 109 131 153 75 97 119 53 0 0 0 0 
0 57 79 101 123 145 79 101 123 55 77 99 121 143 77 99 121 143 65 87 109 131 65 87 109 131 153 75 97 119 53 0 0 0 0 
0 57 79 101 123 145 79 101 123 55 77 99 121 143 77 99 121 143 65 87 109 131 65 87 109 131 153 75 97 119 53 0 0 0 0 
0 57 79 101 123 145 79 101 123 55 77 99 121 143 77 99 121 143 65 87 109 131 65 87 109 131 153 75 97 119 53 0 0 0 0 
Drone Distance Matrix:
0 46.5725 60.5392 75.1332 90.05 105.152 68.0661 81.3204 95.2733 46.0977 59.808 74.2496 89.0674 104.101 66.0984 79.404 93.4077 107.838 56.7186 69.9214 83.9345 98.4124 54.3415 68.0074 82.3468 97.0618 112.004 67.4759 80.2808 93.9202 42.72 0 0 0 0 
46.5725 0 15.5563 31.1127 46.669 62.2254 64.1405 69.5701 77.7817 2 14.2127 29.7321 45.2769 60.8276 62.434 67.6757 75.8024 86 11.4018 23.4094 38.0789 53.2541 52.6308 56.4624 63.9531 74 85.7088 22.3607 33.7343 47.5395 43.9318 46.5725 46.5725 46.5725 46.5725 
60.5392 15.5563 0 15.5563 31.1127 46.669 62.2254 64.1405 69.5701 17.0294 2 14.2127 29.7321 45.2769 60.8276 62.434 67.6757 75.8024 14 11.4018 23.4094 38.0789 53.2541 52.6308 56.4624 63.9531 74 18.6011 22.3607 33.7343 47.5395 60.5392 60.5392 60.5392 60.5392 
75.1332 31.1127 15.5563 0 15.5563 31.1127 64.1405 62.2254 64.1405 32.5576 17.0294 2 14.2127 29.7321 63.1348 60.8276 62.434 67.6757 27.313 14 11.4018 23.4094 58.1893 53.2541 52.6308 56.4624 63.9531 26 18.6011 22.3607 55.4437 75.1332 75.1332 75.1332 75.1332 
90.05 46.669 31.1127 15.5563 0 15.5563 69.5701 64.1405 62.2254 48.1041 32.5576 17.0294 2 14.2127 68.9638 63.1348 60.8276 62.434 42.19 27.313 14 11.4018 66.4831 58.1893 53.2541 52.6308 56.4624 38.6005 26 18.6011 66.1211 90.05 90.05 90.05 90.05 
105.152 62.2254 46.669 31.1127 15.5563 0 77.7817 69.5701 64.1405 63.6553 48.1041 32.5576 17.0294 2 77.5242 68.9638 63.1348 60.8276 57.4282 42.19 27.313 14 77.0584 66.4831 58.1893 53.2541 52.6308 52.8015 38.6005 26 78.4474 105.152 105.152 105.152 105.152 
68.0661 64.1405 62.2254 64.1405 69.5701 77.7817 0 15.5563 31.1127 65.8635 63.6553 65.192 70.2282 78.0897 2 14.2127 29.7321 45.2769 72.8011 72.3464 75.1798 80.9568 14 11.4018 23.4094 38.0789 53.2541 80.6598 81.6088 85.4283 26 68.0661 68.0661 68.0661 68.0661 
81.3204 69.5701 64.1405 62.2254 64.1405 69.5701 15.5563 0 15.5563 71.4703 65.8635 63.6553 65.192 70.2282 17.0294 2 14.2127 29.7321 76.4853 72.8011 72.3464 75.1798 27.313 14 11.4018 23.4094 38.0789 82.6801 80.6598 81.6088 38.6005 81.3204 81.3204 81.3204 81.3204 
95.2733 77.7817 69.5701 64.1405 62.2254 64.1405 31.1127 15.5563 0 79.7621 71.4703 65.8635 63.6553 65.192 32.5576 17.0294 2 14.2127 82.9699 76.4853 72.8011 72.3464 42.19 27.313 14 11.4018 23.4094 87.4643 82.6801 80.6598 52.8015 95.2733 95.2733 95.2733 95.2733 
46.0977 2 17.0294 32.5576 48.1041 63.6553 65.8635 71.4703 79.7621 0 15.5563 31.1127 46.669 62.2254 64.1405 69.5701 77.7817 88 11.0454 24.1661 39.1152 54.4059 54.2033 58.3095 65.9242 76 87.6926 22.0907 34.2053 48.3322 45.2769 46.0977 46.0977 46.0977 46.0977 
59.808 14.2127 2 17.0294 32.5576 48.1041 63.6553 65.8635 71.4703 15.5563 0 15.5563 31.1127 46.669 62.2254 64.1405 69.5701 77.7817 12 11.0454 24.1661 39.1152 54.4059 54.2033 58.3095 65.9242 76 17.0294 22.0907 34.2053 48.3322 59.808 59.808 59.808 59.808 
74.2496 29.7321 14.2127 2 17.0294 32.5576 65.192 63.6553 65.8635 31.1127 15.5563 0 15.5563 31.1127 64.1405 62.2254 64.1405 69.5701 25.4951 12 11.0454 24.1661 58.8727 54.4059 54.2033 58.3095 65.9242 24 17.0294 22.0907 55.7315 74.2496 74.2496 74.2496 74.2496 
89.0674 45.2769 29.7321 14.2127 2 17.0294 70.2282 65.192 63.6553 46.669 31.1127 15.5563 0 15.5563 69.5701 64.1405 62.2254 64.1405 40.4969 25.4951 12 11.0454 66.7533 58.8727 54.4059 54.2033 58.3095 36.6879 24 17.0294 66.0303 89.0674 89.0674 89.0674 89.0674 
104.101 60.8276 45.2769 29.7321 14.2127 2 78.0897 70.2282 65.192 62.2254 46.669 31.1127 15.5563 0 77.7817 69.5701 64.1405 62.2254 55.8032 40.4969 25.4951 12 77.0065 66.7533 58.8727 54.4059 54.2033 50.9902 36.6879 24 78.0897 104.101 104.101 104.101 104.101 
66.0984 62.434 60.8276 63.1348 68.9638 77.5242 2 17.0294 32.5576 64.1405 62.2254 64.1405 69.5701 77.7817 0 15.5563 31.1127 46.669 71.218 71.0634 74.2428 80.3617 12 11.0454 24.1661 39.1152 54.4059 79.2086 80.4487 84.5813 24 66.0984 66.0984 66.0984 66.0984 
79.404 67.6757 62.434 60.8276 63.1348 68.9638 14.2127 2 17.0294 69.5701 64.1405 62.2254 64.1405 69.5701 15.5563 0 15.5563 31.1127 74.686 71.218 71.0634 74.2428 25.4951 12 11.0454 24.1661 39.1152 80.9938 79.2086 80.4487 36.6879 79.404 79.404 79.404 79.404 
93.4077 75.8024 67.6757 62.434 60.8276 63.1348 29.7321 14.2127 2 77.7817 69.5701 64.1405 62.2254 64.1405 31.1127 15.5563 0 15.5563 81.0432 74.686 71.218 71.0634 40.4969 25.4951 12 11.0454 24.1661 85.6154 80.9938 79.2086 50.9902 93.4077 93.4077 93.4077 93.4077 
107.838 86 75.8024 67.6757 62.434 60.8276 45.2769 29.7321 14.2127 88 77.7817 69.5701 64.1405 62.2254 46.669 31.1127 15.5563 0 89.6772 81.0432 74.686 71.218 55.8032 40.4969 25.4951 12 11.0454 92.6499 85.6154 80.9938 65.8635 107.838 107.838 107.838 107.838 
56.7186 11.4018 14 27.313 42.19 57.4282 72.8011 76.4853 82.9699 11.0454 12 25.4951 40.4969 55.8032 71.218 74.686 81.0432 89.6772 0 15.5563 31.1127 46.669 62.2254 64.1405 69.5701 77.7817 88 11.0454 24.1661 39.1152 54.4059 56.7186 56.7186 56.7186 56.7186 
69.9214 23.4094 11.4018 14 27.313 42.19 72.3464 72.8011 76.4853 24.1661 11.0454 12 25.4951 40.4969 71.0634 71.218 74.686 81.0432 15.5563 0 15.5563 31.1127 64.1405 62.2254 64.1405 69.5701 77.7817 12 11.0454 24.1661 58.8727 69.9214 69.9214 69.9214 69.9214 
83.9345 38.0789 23.4094 11.4018 14 27.313 75.1798 72.3464 72.8011 39.1152 24.1661 11.0454 12 25.4951 74.2428 71.0634 71.218 74.686 31.1127 15.5563 0 15.5563 69.5701 64.1405 62.2254 64.1405 69.5701 25.4951 12 11.0454 66.7533 83.9345 83.9345 83.9345 83.9345 
98.4124 53.2541 38.0789 23.4094 11.4018 14 80.9568 75.1798 72.3464 54.4059 39.1152 24.1661 11.0454 12 80.3617 74.2428 71.0634 71.218 46.669 31.1127 15.5563 0 77.7817 69.5701 64.1405 62.2254 64.1405 40.4969 25.4951 12 77.0065 98.4124 98.4124 98.4124 98.4124 
54.3415 52.6308 53.2541 58.1893 66.4831 77.0584 14 27.313 42.19 54.2033 54.4059 58.8727 66.7533 77.0065 12 25.4951 40.4969 55.8032 62.2254 64.1405 69.5701 77.7817 0 15.5563 31.1127 46.669 62.2254 71.0634 74.2428 80.3617 12 54.3415 54.3415 54.3415 54.3415 
68.0074 56.4624 52.6308 53.2541 58.1893 66.4831 11.4018 14 27.313 58.3095 54.2033 54.4059 58.8727 66.7533 11.0454 12 25.4951 40.4969 64.1405 62.2254 64.1405 69.5701 15.5563 0 15.5563 31.1127 46.669 71.218 71.0634 74.2428 25.4951 68.0074 68.0074 68.0074 68.0074 
82.3468 63.9531 56.4624 52.6308 53.2541 58.1893 23.4094 11.4018 14 65.9242 58.3095 54.2033 54.4059 58.8727 24.1661 11.0454 12 25.4951 69.5701 64.1405 62.2254 64.1405 31.1127 15.5563 0 15.5563 31.1127 74.686 71.218 71.0634 40.4969 82.3468 82.3468 82.3468 82.3468 
97.0618 74 63.9531 56.4624 52.6308 53.2541 38.0789 23.4094 11.4018 76 65.9242 58.3095 54.2033 54.4059 39.1152 24.1661 11.0454 12 77.7817 69.5701 64.1405 62.2254 46.669 31.1127 15.5563 0 15.5563 81.0432 74.686 71.218 55.8032 97.0618 97.0618 97.0618 97.0618 
112.004 85.7088 74 63.9531 56.4624 52.6308 53.2541 38.0789 23.4094 87.6926 76 65.9242 58.3095 54.2033 54.4059 39.1152 24.1661 11.0454 88 77.7817 69.5701 64.1405 62.2254 46.669 31.1127 15.5563 0 89.6772 81.0432 74.686 71.218 112.004 112.004 112.004 112.004 
67.4759 22.3607 18.6011 26 38.6005 52.8015 80.6598 82.6801 87.4643 22.0907 17.0294 24 36.6879 50.9902 79.2086 80.9938 85.6154 92.6499 11.0454 12 25.4951 40.4969 71.0634 71.218 74.686 81.0432 89.6772 0 15.5563 31.1127 64.1405 67.4759 67.4759 67.4759 67.4759 
80.2808 33.7343 22.3607 18.6011 26 38.6005 81.6088 80.6598 82.6801 34.2053 22.0907 17.0294 24 36.6879 80.4487 79.2086 80.9938 85.6154 24.1661 11.0454 12 25.4951 74.2428 71.0634 71.218 74.686 81.0432 15.5563 0 15.5563 69.5701 80.2808 80.2808 80.2808 80.2808 
93.9202 47.5395 33.7343 22.3607 18.6011 26 85.4283 81.6088 80.6598 48.3322 34.2053 22.0907 17.0294 24 84.5813 80.4487 79.2086 80.9938 39.1152 24.1661 11.0454 12 80.3617 74.2428 71.0634 71.218 74.686 31.1127 15.5563 0 77.7817 93.9202 93.9202 93.9202 93.9202 
42.72 43.9318 47.5395 55.4437 66.1211 78.4474 26 38.6005 52.8015 45.2769 48.3322 55.7315 66.0303 78.0897 24 36.6879 50.9902 65.8635 54.4059 58.8727 66.7533 77.0065 12 25.4951 40.4969 55.8032 71.218 64.1405 69.5701 77.7817 0 42.72 42.72 42.72 42.72 
0 46.5725 60.5392 75.1332 90.05 105.152 68.0661 81.3204 95.2733 46.0977 59.808 74.2496 89.0674 104.101 66.0984 79.404 93.4077 107.838 56.7186 69.9214 83.9345 98.4124 54.3415 68.0074 82.3468 97.0618 112.004 67.4759 80.2808 93.9202 42.72 0 0 0 0 
0 46.5725 60.5392 75.1332 90.05 105.152 68.0661 81.3204 95.2733 46.0977 59.808 74.2496 89.0674 104.101 66.0984 79.404 93.4077 107.838 56.7186 69.9214 83.9345 98.4124 54.3415 68.0074 82.3468 97.0618 112.004 67.4759 80.2808 93.9202 42.72 0 0 0 0 
0 46.5725 60.5392 75.1332 90.05 105.152 68.0661 81.3204 95.2733 46.0977 59.808 74.2496 89.0674 104.101 66.0984 79.404 93.4077 107.838 56.7186 69.9214 83.9345 98.4124 54.3415 68.0074 82.3468 97.0618 112.004 67.4759 80.2808 93.9202 42.72 0 0 0 0 
0 46.5725 60.5392 75.1332 90.05 105.152 68.0661 81.3204 95.2733 46.0977 59.808 74.2496 89.0674 104.101 66.0984 79.404 93.4077 107.838 56.7186 69.9214 83.9345 98.4124 54.3415 68.0074 82.3468 97.0618 112.004 67.4759 80.2808 93.9202 42.72 0 0 0 0 
