INSTANCE_FILE: big_instance/200.20.4.txt
INSTANCE_BASE: 200.20.4
SOLVER: light
TRAFFIC: light
SIGMA: 0.9,0.7,0.8,0.9,0.7,0.8,0.9,0.7,0.8,0.9,0.7,0.8
RUN: 4
---SOLVER OUTPUT---
Initial solution cost: 17641.737697
Improved solution cost: 7524.315454
Worst solution cost: 7524.315454
Mean solution cost: 7524.315454
Mean elapsed time: 1656.611546 seconds
Final solution feasibility: FEASIBLE
Solution Details:
Truck Routes:
Truck 1: 0 191 1 145 72 32 184 0 100 174 161 79 109 180 10 130 157 0 |Truck Time: 7454.375433|7454.375433,0.000000,0.000000,0.000000
Truck 2: 0 54 181 105 103 7 58 115 17 25 44 22 143 0 59 123 132 113 133 39 179 187 40 190 172 35 0 |Truck Time: 7448.770456|7448.770456,0.000000,0.000000,0.000000
Truck 3: 0 102 106 159 19 140 168 77 186 0 189 81 150 88 64 21 71 94 97 95 0 |Truck Time: 7514.698568|7514.698568,0.000000,0.000000,0.000000
Truck 4: 0 151 62 20 162 126 107 11 24 124 137 0 142 45 12 108 50 33 122 185 196 0 |Truck Time: 7524.315454|7524.315454,0.000000,0.000000,0.000000
Truck 5: 0 80 119 43 53 55 177 78 165 26 148 0 138 111 91 23 31 178 104 131 166 0 |Truck Time: 7521.998752|7521.998752,0.000000,0.000000,0.000000
Truck 6: 0 85 56 99 192 128 2 171 110 125 29 0 47 49 41 89 121 152 199 65 74 57 63 28 0 |Truck Time: 7479.025139|7479.025139,0.000000,0.000000,0.000000
Drone Routes:
Drone 1: 0 34 60 158 175 114 0 101 127 69 0 149 15 188 0 120 90 96 0 194 38 0 83 52 0 36 0 |Drone Time: 7466.029672|7466.029672,0.000000,0.000000,0.000000
Drone 2: 0 176 84 76 4 37 139 0 46 141 14 0 183 155 182 48 61 0 160 193 0 75 153 9 0 27 0 134 13 82 8 0 |Drone Time: 7505.895862|7505.895862,0.000000,0.000000,0.000000
Drone 3: 0 112 198 147 68 0 144 197 86 0 169 0 117 163 93 0 18 67 0 30 0 135 200 0 |Drone Time: 7523.723528|7523.723528,0.000000,0.000000,0.000000
Drone 4: 0 42 116 87 6 98 5 0 129 195 156 51 0 146 154 173 66 3 16 70 0 118 92 170 0 167 136 0 73 0 164 0 |Drone Time: 7358.786248|7358.786248,0.000000,0.000000,0.000000
Total validation: Makespan=7524.315454, Deadline violation=0.000000, Energy violation=0.000000, Capacity violation=0.000000
