INSTANCE_FILE: big_instance/200.20.4.txt
INSTANCE_BASE: 200.20.4
SOLVER: light
TRAFFIC: light
SIGMA: 0.9,0.7,0.8,0.9,0.7,0.8,0.9,0.7,0.8,0.9,0.7,0.8
RUN: 1
---SOLVER OUTPUT---
Initial solution cost: 17641.737697
Improved solution cost: 7555.123210
Worst solution cost: 7555.123210
Mean solution cost: 7555.123210
Mean elapsed time: 1738.799326 seconds
Final solution feasibility: FEASIBLE
Solution Details:
Truck Routes:
Truck 1: 0 28 93 72 32 163 49 41 89 74 63 0 174 161 109 79 100 10 130 38 54 83 0 |Truck Time: 7555.123210|7555.123210,0.000000,0.000000,0.000000
Truck 2: 0 80 119 111 91 23 31 178 147 48 180 183 157 52 160 0 47 145 123 59 184 113 132 96 172 13 169 36 0 |Truck Time: 7541.881803|7541.881803,0.000000,0.000000,0.000000
Truck 3: 0 102 42 53 55 177 78 165 26 148 97 0 189 186 159 140 168 77 94 0 |Truck Time: 7554.393891|7554.393891,0.000000,0.000000,0.000000
Truck 4: 0 45 126 11 107 188 135 73 0 3 151 62 20 162 108 50 33 122 34 118 185 196 0 |Truck Time: 7527.495977|7527.495977,0.000000,0.000000,0.000000
Truck 5: 0 181 105 103 17 115 58 7 194 9 153 0 137 24 81 150 88 64 71 14 129 106 95 0 |Truck Time: 7531.418126|7531.418126,0.000000,0.000000,0.000000
Truck 6: 0 39 179 187 40 190 25 44 22 143 0 154 57 199 56 99 128 2 171 60 136 125 110 29 0 164 0 |Truck Time: 7532.943175|7532.943175,0.000000,0.000000,0.000000
Drone Routes:
Drone 1: 0 37 67 120 8 0 68 182 155 61 0 104 0 197 144 82 0 191 0 127 69 0 200 170 0 |Drone Time: 7548.739362|7548.739362,0.000000,0.000000,0.000000
Drone 2: 0 51 195 156 0 141 19 116 0 158 175 114 92 0 138 112 98 0 12 134 0 1 0 131 0 |Drone Time: 7553.843041|7553.843041,0.000000,0.000000,0.000000
Drone 3: 0 21 46 15 0 6 87 43 198 193 0 167 70 16 85 0 35 0 192 0 142 0 30 0 117 65 0 |Drone Time: 7541.281411|7541.281411,0.000000,0.000000,0.000000
Drone 4: 0 139 4 76 84 176 0 121 152 66 173 146 0 166 0 90 18 101 0 133 86 75 0 5 27 0 149 124 0 |Drone Time: 7480.500909|7480.500909,0.000000,0.000000,0.000000
Total validation: Makespan=7555.123210, Deadline violation=0.000000, Energy violation=0.000000, Capacity violation=0.000000
