INSTANCE_FILE: big_instance/200.20.3.txt
INSTANCE_BASE: 200.20.3
SOLVER: heavy
TRAFFIC: heavy
SIGMA: 0.6,0.4,0.5,0.6,0.4,0.5,0.6,0.4,0.5,0.6,0.4,0.5
RUN: 3
---SOLVER OUTPUT---
Initial solution cost: 23304.851808
Improved solution cost: 12415.341549
Worst solution cost: 12415.341549
Mean solution cost: 12415.341549
Mean elapsed time: 1199.930635 seconds
Final solution feasibility: FEASIBLE
Solution Details:
Truck Routes:
Truck 1: 0 4 77 103 106 0 186 167 196 152 95 0 163 126 198 130 94 62 0 |Truck Time: 12414.726445|12414.726445,0.000000,0.000000,0.000000
Truck 2: 0 144 188 87 0 134 179 189 15 90 153 0 12 158 101 84 60 123 20 116 0 |Truck Time: 12358.019166|12358.019166,0.000000,0.000000,0.000000
Truck 3: 0 14 177 59 200 181 57 0 112 3 25 26 124 105 51 0 79 80 38 125 86 137 44 64 169 54 0 |Truck Time: 12335.831120|12335.831120,0.000000,0.000000,0.000000
Truck 4: 0 109 45 6 53 150 8 0 145 180 100 30 0 159 42 43 111 183 115 151 78 0 |Truck Time: 12415.341549|12415.341549,0.000000,0.000000,0.000000
Truck 5: 0 128 66 121 69 16 76 165 10 104 0 182 1 24 17 99 199 32 197 0 83 22 27 138 88 190 0 |Truck Time: 12393.822235|12393.822235,0.000000,0.000000,0.000000
Truck 6: 0 139 29 81 166 0 117 172 36 33 0 149 93 168 154 0 |Truck Time: 12343.170719|12343.170719,0.000000,0.000000,0.000000
Drone Routes:
Drone 1: 0 133 5 55 0 46 173 68 0 97 61 176 0 174 147 0 41 7 35 96 170 37 89 0 178 0 85 148 0 72 140 0 119 73 0 63 0 |Drone Time: 12407.885790|12407.885790,0.000000,0.000000,0.000000
Drone 2: 0 118 193 160 0 107 143 56 136 39 0 67 194 58 0 171 131 70 0 13 157 110 0 184 0 40 156 0 113 164 0 48 0 |Drone Time: 12380.487050|12380.487050,0.000000,0.000000,0.000000
Drone 3: 0 52 191 23 102 114 122 0 162 0 98 175 161 19 0 74 155 71 0 142 195 0 31 0 185 0 108 11 0 141 47 0 |Drone Time: 12407.009170|12407.009170,0.000000,0.000000,0.000000
Drone 4: 0 75 91 192 9 0 187 146 0 2 0 127 0 28 0 135 0 21 132 0 34 65 49 0 82 50 18 0 120 0 129 0 92 0 |Drone Time: 12391.091685|12391.091685,0.000000,0.000000,0.000000
Total validation: Makespan=12415.341549, Deadline violation=0.000000, Energy violation=0.000000, Capacity violation=0.000000
