INSTANCE_FILE: big_instance/200.40.1.txt
INSTANCE_BASE: 200.40.1
SOLVER: light
TRAFFIC: light
SIGMA: 0.9,0.7,0.8,0.9,0.7,0.8,0.9,0.7,0.8,0.9,0.7,0.8
RUN: 2
---SOLVER OUTPUT---
Initial solution cost: 39283.903513
Improved solution cost: 20262.906110
Worst solution cost: 20262.906110
Mean solution cost: 20262.906110
Mean elapsed time: 1433.910961 seconds
Final solution feasibility: FEASIBLE
Solution Details:
Truck Routes:
Truck 1: 0 192 165 193 75 0 41 58 151 107 0 160 14 0 65 87 0 |Truck Time: 20056.039696|20056.039696,0.000000,0.000000,0.000000
Truck 2: 0 9 118 79 179 188 92 0 51 8 104 52 57 0 102 11 70 77 88 12 0 16 184 145 194 131 164 144 0 |Truck Time: 20250.262420|20250.262420,0.000000,0.000000,0.000000
Truck 3: 0 129 49 73 39 190 56 0 198 116 199 195 117 96 0 181 42 101 6 121 159 155 0 166 61 93 63 29 0 |Truck Time: 20168.800588|20168.800588,0.000000,0.000000,0.000000
Truck 4: 0 85 1 86 74 54 0 152 154 109 36 143 66 55 0 189 125 175 197 115 0 187 169 158 18 37 183 122 0 30 0 |Truck Time: 20252.470144|20252.470144,0.000000,0.000000,0.000000
Truck 5: 0 26 80 136 59 174 10 0 113 46 105 167 100 0 64 130 90 22 200 62 0 17 20 156 0 |Truck Time: 20248.503337|20248.503337,0.000000,0.000000,0.000000
Truck 6: 0 76 68 21 196 119 147 0 137 72 0 28 13 176 0 168 128 162 108 135 0 3 2 0 |Truck Time: 20262.906110|20262.906110,0.000000,0.000000,0.000000
Drone Routes:
Drone 1: 0 71 132 25 0 148 0 99 0 163 0 127 0 43 0 89 0 4 124 0 50 139 0 78 0 |Drone Time: 20170.439113|20170.439113,0.000000,0.000000,0.000000
Drone 2: 0 146 177 123 157 0 23 178 0 81 172 138 45 0 83 32 84 0 48 142 19 91 0 24 94 0 150 0 35 112 47 0 |Drone Time: 20204.895000|20204.895000,0.000000,0.000000,0.000000
Drone 3: 0 170 120 40 0 111 97 34 0 67 31 140 141 0 38 114 44 153 0 69 186 7 0 180 134 0 133 0 27 182 0 |Drone Time: 20237.325265|20237.325265,0.000000,0.000000,0.000000
Drone 4: 0 53 60 106 0 110 173 149 0 82 103 95 0 15 0 126 185 33 0 5 0 171 161 0 191 98 0 |Drone Time: 20258.965500|20258.965500,0.000000,0.000000,0.000000
Total validation: Makespan=20262.906110, Deadline violation=0.000000, Energy violation=0.000000, Capacity violation=0.000000
