INSTANCE_FILE: big_instance/200.40.1.txt
INSTANCE_BASE: 200.40.1
SOLVER: light
TRAFFIC: light
SIGMA: 0.9,0.7,0.8,0.9,0.7,0.8,0.9,0.7,0.8,0.9,0.7,0.8
RUN: 3
---SOLVER OUTPUT---
Initial solution cost: 39283.903513
Improved solution cost: 20284.320934
Worst solution cost: 20284.320934
Mean solution cost: 20284.320934
Mean elapsed time: 1443.783097 seconds
Final solution feasibility: FEASIBLE
Solution Details:
Truck Routes:
Truck 1: 0 167 36 100 109 152 0 125 175 115 0 20 169 158 18 11 0 72 0 |Truck Time: 20198.226739|20198.226739,0.000000,0.000000,0.000000
Truck 2: 0 200 85 28 25 14 0 58 189 151 168 108 0 113 46 41 128 162 135 0 184 101 145 0 |Truck Time: 20284.320934|20284.320934,0.000000,0.000000,0.000000
Truck 3: 0 164 42 181 131 194 0 185 104 52 21 119 0 54 77 70 88 0 65 87 59 0 |Truck Time: 20283.130635|20283.130635,0.000000,0.000000,0.000000
Truck 4: 0 154 143 66 55 0 64 130 90 62 0 173 198 116 199 95 149 147 0 92 176 63 29 3 0 26 136 80 83 174 0 |Truck Time: 20276.776149|20276.776149,0.000000,0.000000,0.000000
Truck 5: 0 159 121 6 16 155 0 137 165 193 75 102 0 4 123 79 177 9 118 179 188 13 0 197 107 0 |Truck Time: 20190.817784|20190.817784,0.000000,0.000000,0.000000
Truck 6: 0 183 192 37 122 0 96 56 195 39 73 190 49 144 0 61 166 23 93 76 0 187 160 1 47 74 156 0 |Truck Time: 20194.341409|20194.341409,0.000000,0.000000,0.000000
Drone Routes:
Drone 1: 0 105 69 186 0 132 157 124 0 81 67 35 112 0 30 0 99 0 22 0 78 0 126 43 0 127 0 180 134 0 |Drone Time: 20255.390974|20255.390974,0.000000,0.000000,0.000000
Drone 2: 0 114 44 31 153 0 33 82 8 117 0 15 0 141 142 91 86 12 0 34 97 111 0 2 129 0 133 0 10 50 139 0 98 191 0 |Drone Time: 20208.214072|20208.214072,0.000000,0.000000,0.000000
Drone 3: 0 38 140 150 0 161 171 7 0 53 60 106 0 51 196 0 170 120 40 0 163 0 89 0 71 19 0 |Drone Time: 20171.378082|20171.378082,0.000000,0.000000,0.000000
Drone 4: 0 32 5 0 148 0 94 24 0 110 103 68 57 0 172 138 45 0 17 84 48 0 146 178 0 182 27 0 |Drone Time: 20226.543907|20226.543907,0.000000,0.000000,0.000000
Total validation: Makespan=20284.320934, Deadline violation=0.000000, Energy violation=0.000000, Capacity violation=0.000000
