trucks_count 1
drones_count 1
customers 100
depot 0 0
Coordinate X Coordinate Y Dronable Demand
X Y Dronable Demand Drone_service Truck_service Lw
-3822.964 -1647.725 1 0.36 60 60 3600
-63.342 104.786 1 0.49 60 60 3600
-3540.298 -2747.867 1 0.55 60 60 3600
-3816.230 1916.129 1 1.98 60 60 3600
-2826.909 -515.994 1 1.67 60 60 3600
1808.950 2420.052 1 0.30 60 60 3600
-4259.568 -2885.259 1 0.66 60 60 3600
3347.580 -3243.553 1 1.53 60 60 3600
2472.677 -3087.104 1 1.47 60 60 3600
-2638.209 3746.352 1 0.41 60 60 3600
2567.758 -1761.761 1 1.02 60 60 3600
-1739.725 1832.828 1 0.54 60 60 3600
-512.714 623.860 1 1.36 60 60 3600
-3713.947 -3796.969 1 0.52 60 60 3600
-3185.457 945.396 1 0.78 60 60 3600
-4024.932 720.040 1 1.54 60 60 3600
-934.327 -359.252 1 0.81 60 60 3600
625.784 -4210.301 1 1.78 60 60 3600
-4779.645 -3069.382 1 0.64 60 60 3600
4548.703 -2526.641 1 0.41 60 60 3600
-1879.442 4637.090 1 0.33 60 60 3600
-4498.559 3275.892 1 0.59 60 60 3600
-3285.090 4959.306 1 1.07 60 60 3600
3203.768 -1846.409 1 0.40 60 60 3600
-1214.800 -2024.699 1 0.86 60 60 3600
2114.655 1913.346 1 0.35 60 60 3600
-3137.579 -2345.535 1 0.43 60 60 3600
-356.587 -930.034 1 1.61 60 60 3600
-1092.293 603.900 1 1.26 60 60 3600
682.455 2599.556 1 1.97 60 60 3600
-2639.040 -2452.101 1 0.28 60 60 3600
1181.617 3062.079 1 0.40 60 60 3600
-2887.691 3069.493 1 0.58 60 60 3600
4899.679 -4446.510 1 1.56 60 60 3600
679.451 -423.439 1 0.62 60 60 3600
-901.903 2219.487 1 1.06 60 60 3600
-46.922 -2238.612 1 1.96 60 60 3600
-2286.817 1589.705 1 1.88 60 60 3600
-1718.779 -1048.345 1 1.88 60 60 3600
2295.672 -459.663 1 1.66 60 60 3600
1783.374 -3990.054 1 0.50 60 60 3600
3705.130 -4132.443 1 1.64 60 60 3600
-3125.201 4095.507 1 1.71 60 60 3600
-2176.522 -1398.691 1 0.44 60 60 3600
1974.367 3001.666 1 1.11 60 60 3600
789.165 1229.318 1 1.47 60 60 3600
1634.304 -682.202 1 0.40 60 60 3600
244.338 1869.408 1 1.14 60 60 3600
-1575.482 3816.751 1 1.29 60 60 3600
-423.661 1547.426 1 1.88 60 60 3600
-15.963 1070.887 1 0.43 60 60 3600
-4382.143 2134.205 1 1.38 60 60 3600
-2490.469 4808.824 1 1.79 60 60 3600
-4921.534 4416.031 1 1.68 60 60 3600
1606.535 133.784 1 0.59 60 60 3600
-1156.425 -3010.360 1 1.88 60 60 3600
1202.828 1970.097 1 0.97 60 60 3600
2299.507 -2599.656 1 1.95 60 60 3600
2873.765 -4896.577 1 0.65 60 60 3600
1592.380 -3438.474 1 1.78 60 60 3600
-4919.580 -1317.194 1 1.78 60 60 3600
2118.199 -1528.513 1 1.34 60 60 3600
-4884.921 291.903 1 1.52 60 60 3600
-3173.152 -3898.738 1 1.22 60 60 3600
-1912.261 3331.752 1 1.85 60 60 3600
555.666 -2042.254 1 1.48 60 60 3600
2130.857 385.290 1 1.24 60 60 3600
725.251 -1084.390 1 0.95 60 60 3600
1232.758 -2183.353 1 0.64 60 60 3600
1532.686 1235.563 1 0.33 60 60 3600
1516.806 646.663 1 1.41 60 60 3600
-2717.275 -1677.080 1 1.17 60 60 3600
2533.535 -4500.712 1 0.37 60 60 3600
-3525.281 3335.871 1 0.42 60 60 3600
-3787.505 3880.393 1 1.50 60 60 3600
-4412.125 -4008.488 1 1.27 60 60 3600
-3421.086 32.082 1 1.69 60 60 3600
3164.443 -4034.192 1 1.43 60 60 3600
4365.234 -716.545 1 0.30 60 60 3600
1826.793 -1949.191 1 0.78 60 60 3600
-2376.234 4267.814 1 0.85 60 60 3600
3129.441 767.574 1 1.17 60 60 3600
3617.047 -1454.741 1 0.71 60 60 3600
-4697.576 1222.104 1 1.67 60 60 3600
4702.263 -2011.797 1 1.92 60 60 3600
-3373.914 -4687.407 1 0.80 60 60 3600
-4976.964 -1982.194 1 1.09 60 60 3600
-3977.500 -2247.295 1 0.70 60 60 3600
-927.738 1332.545 1 0.69 60 60 3600
442.731 -2663.943 1 1.95 60 60 3600
-3768.767 4826.245 1 0.83 60 60 3600
2872.217 -2562.375 1 1.55 60 60 3600
-2521.376 2700.434 1 1.16 60 60 3600
561.538 771.804 1 1.73 60 60 3600
-1415.968 -3512.691 1 1.85 60 60 3600
391.049 -4873.723 1 0.69 60 60 3600
-729.325 -1749.962 1 0.51 60 60 3600
-3782.038 2896.602 1 1.68 60 60 3600
-1873.871 -269.539 1 0.93 60 60 3600
4686.975 -3822.606 1 1.80 60 60 3600
