INSTANCE_FILE: big_instance/200.20.4.txt
INSTANCE_BASE: 200.20.4
SOLVER: light
TRAFFIC: light
SIGMA: 0.9,0.7,0.8,0.9,0.7,0.8,0.9,0.7,0.8,0.9,0.7,0.8
RUN: 2
---SOLVER OUTPUT---
Initial solution cost: 17641.737697
Improved solution cost: 7635.612554
Worst solution cost: 7635.612554
Mean solution cost: 7635.612554
Mean elapsed time: 1637.247509 seconds
Final solution feasibility: FEASIBLE
Solution Details:
Truck Routes:
Truck 1: 0 132 133 113 59 123 69 37 67 127 90 184 172 169 0 135 200 24 124 137 0 |Truck Time: 7579.257957|7579.257957,0.000000,0.000000,0.000000
Truck 2: 0 138 119 91 23 31 174 178 180 100 10 157 104 0 39 40 179 187 190 44 143 13 35 0 |Truck Time: 7628.388038|7628.388038,0.000000,0.000000,0.000000
Truck 3: 0 64 159 140 19 168 77 21 164 0 45 107 126 114 175 108 12 50 142 29 27 0 |Truck Time: 7635.612554|7635.612554,0.000000,0.000000,0.000000
Truck 4: 0 171 151 62 20 162 33 60 122 136 125 110 0 189 81 71 94 14 106 148 97 95 30 0 |Truck Time: 7618.679212|7618.679212,0.000000,0.000000,0.000000
Truck 5: 0 22 75 25 17 58 7 115 103 105 194 9 153 131 166 0 186 116 78 177 55 53 26 102 5 0 |Truck Time: 7627.824179|7627.824179,0.000000,0.000000,0.000000
Truck 6: 0 154 74 121 199 56 99 192 128 2 185 196 73 0 47 93 145 72 89 65 57 63 28 1 191 0 |Truck Time: 7581.263734|7581.263734,0.000000,0.000000,0.000000
Drone Routes:
Drone 1: 0 0 158 195 156 51 0 70 152 85 173 146 0 130 161 61 0 52 160 0 11 188 0 181 83 0 |Drone Time: 7509.000424|7509.000424,0.000000,0.000000,0.000000
Drone 2: 0 42 165 87 43 198 0 15 46 150 129 0 139 144 197 18 101 0 54 0 183 38 0 80 109 0 |Drone Time: 7635.481348|7635.481348,0.000000,0.000000,0.000000
Drone 3: 0 149 193 79 48 147 0 86 176 32 0 112 98 6 111 0 170 92 118 0 141 88 0 82 36 0 |Drone Time: 7629.583369|7629.583369,0.000000,0.000000,0.000000
Drone 4: 0 96 49 0 155 182 68 0 4 76 84 120 8 0 134 66 16 3 34 167 0 41 117 163 0 |Drone Time: 7612.955625|7612.955625,0.000000,0.000000,0.000000
Total validation: Makespan=7635.612554, Deadline violation=0.000000, Energy violation=0.000000, Capacity violation=0.000000
