INSTANCE_FILE: big_instance/200.30.1.txt
INSTANCE_BASE: 200.30.1
SOLVER: light
TRAFFIC: light
SIGMA: 0.9,0.7,0.8,0.9,0.7,0.8,0.9,0.7,0.8,0.9,0.7,0.8
RUN: 3
---SOLVER OUTPUT---
Initial solution cost: 28813.288766
Improved solution cost: 13265.641411
Worst solution cost: 13265.641411
Mean solution cost: 13265.641411
Mean elapsed time: 1737.003517 seconds
Final solution feasibility: FEASIBLE
Solution Details:
Truck Routes:
Truck 1: 0 103 152 42 157 59 183 0 95 186 139 48 61 0 99 23 27 25 164 62 0 |Truck Time: 13249.844030|13249.844030,0.000000,0.000000,0.000000
Truck 2: 0 195 196 0 163 130 74 88 84 126 159 175 172 69 0 187 6 70 156 191 120 77 0 |Truck Time: 13265.641411|13265.641411,0.000000,0.000000,0.000000
Truck 3: 0 58 176 86 155 165 80 0 112 85 67 113 132 137 1 54 150 0 19 123 24 78 135 73 198 0 26 0 |Truck Time: 13242.104404|13242.104404,0.000000,0.000000,0.000000
Truck 4: 0 146 124 190 115 47 177 200 127 0 168 96 92 66 15 179 199 0 162 185 101 52 153 29 154 194 100 16 0 |Truck Time: 13264.867374|13264.867374,0.000000,0.000000,0.000000
Truck 5: 0 197 17 173 55 102 158 181 0 143 79 188 109 60 9 0 107 144 75 12 3 94 38 119 0 |Truck Time: 13220.423411|13220.423411,0.000000,0.000000,0.000000
Truck 6: 0 72 145 65 4 8 114 90 33 0 68 64 118 28 128 35 76 98 0 57 83 117 134 46 7 0 |Truck Time: 12994.844560|12994.844560,0.000000,0.000000,0.000000
Drone Routes:
Drone 1: 0 174 22 50 133 0 81 13 193 0 148 138 93 10 0 131 111 0 36 149 0 14 44 82 0 116 0 |Drone Time: 13176.604217|13176.604217,0.000000,0.000000,0.000000
Drone 2: 0 45 21 140 121 0 161 0 18 0 184 87 0 147 170 0 178 71 0 37 125 0 106 39 0 |Drone Time: 13170.835160|13170.835160,0.000000,0.000000,0.000000
Drone 3: 0 41 104 34 110 43 0 32 0 192 167 0 30 141 0 49 20 0 166 53 0 40 89 0 |Drone Time: 13222.563637|13222.563637,0.000000,0.000000,0.000000
Drone 4: 0 136 56 0 182 51 160 0 151 31 0 2 142 0 180 122 91 171 169 0 108 5 63 189 0 105 11 129 0 97 0 |Drone Time: 13194.010491|13194.010491,0.000000,0.000000,0.000000
Total validation: Makespan=13265.641411, Deadline violation=0.000000, Energy violation=0.000000, Capacity violation=0.000000
