trucks_count 1
drones_count 1
customers 100
depot 0 0
Coordinate X Coordinate Y Dronable Demand
X Y Dronable Demand Drone_service Truck_service Lw
-2577.963 1407.630 1 1.05 60 60 3600
683.629 3128.459 1 0.26 60 60 3600
-240.400 -1804.520 1 1.41 60 60 3600
-3283.832 3644.338 1 0.35 60 60 3600
-3816.230 1916.129 1 0.72 60 60 3600
3090.968 -1603.553 1 1.35 60 60 3600
2118.199 -1528.513 1 1.34 60 60 3600
-4161.603 -1941.109 1 0.73 60 60 3600
-4454.225 4447.980 1 0.93 60 60 3600
2472.677 -3087.104 1 0.64 60 60 3600
-4834.684 1400.472 1 1.62 60 60 3600
-4.640 -2898.244 1 1.16 60 60 3600
4954.406 -3932.513 1 1.92 60 60 3600
406.918 -4251.066 1 1.74 60 60 3600
-2842.733 4444.150 1 0.91 60 60 3600
-3554.910 -1027.495 1 0.86 60 60 3600
-1214.800 -2024.699 1 0.87 60 60 3600
-4060.464 137.870 1 1.09 60 60 3600
-2011.842 1953.332 1 0.33 60 60 3600
-3787.505 3880.393 1 1.51 60 60 3600
-1718.779 -1048.345 1 1.48 60 60 3600
-2521.376 2700.434 1 1.62 60 60 3600
464.784 -1106.087 1 0.83 60 60 3600
-2555.308 654.428 1 1.28 60 60 3600
-3266.924 164.353 1 0.92 60 60 3600
-512.714 623.860 1 1.15 60 60 3600
836.045 -263.149 1 0.67 60 60 3600
4546.659 -2293.919 1 0.95 60 60 3600
407.292 1543.530 1 0.25 60 60 3600
-1297.088 37.793 1 1.03 60 60 3600
-4779.645 -3069.382 1 0.53 60 60 3600
1005.048 -3563.175 1 0.44 60 60 3600
-1204.969 1073.860 1 1.89 60 60 3600
-3336.834 -3348.105 1 0.82 60 60 3600
-1415.968 -3512.691 1 1.80 60 60 3600
1938.710 -3469.544 1 1.60 60 60 3600
52.804 758.390 1 1.32 60 60 3600
-1552.722 4838.335 1 0.81 60 60 3600
-3608.728 1439.529 1 1.29 60 60 3600
2295.672 -459.663 1 1.99 60 60 3600
-1951.160 3913.132 1 1.61 60 60 3600
157.820 -3374.599 1 0.97 60 60 3600
-2919.835 -2011.808 1 1.70 60 60 3600
-1806.403 1256.157 1 1.48 60 60 3600
-1403.320 1674.442 1 0.20 60 60 3600
2156.194 1007.001 1 0.44 60 60 3600
-2139.441 360.521 1 1.36 60 60 3600
-4755.285 -3903.948 1 0.27 60 60 3600
-3122.208 1969.340 1 0.56 60 60 3600
-3571.673 4635.821 1 1.78 60 60 3600
2295.412 -4529.221 1 0.35 60 60 3600
916.660 -2189.163 1 1.36 60 60 3600
1606.535 133.784 1 0.70 60 60 3600
642.859 -1664.178 1 1.26 60 60 3600
-4777.608 -2417.536 1 1.68 60 60 3600
-246.811 9.785 1 0.41 60 60 3600
-3953.681 -3712.266 1 1.39 60 60 3600
2525.180 -4036.719 1 1.23 60 60 3600
-3929.321 -4440.310 1 0.92 60 60 3600
-639.398 -999.142 1 1.21 60 60 3600
-980.480 -2714.772 1 1.52 60 60 3600
93.179 2045.883 1 0.39 60 60 3600
2000.047 2541.480 1 0.73 60 60 3600
682.455 2599.556 1 0.52 60 60 3600
3164.443 -4034.192 1 1.62 60 60 3600
1789.214 -4419.604 1 0.65 60 60 3600
-1581.177 652.035 1 1.25 60 60 3600
-3595.160 -2522.801 1 1.48 60 60 3600
-4525.590 749.751 1 0.50 60 60 3600
-4343.160 2560.427 1 1.99 60 60 3600
-2420.849 3617.711 1 0.58 60 60 3600
1079.365 2136.832 1 1.31 60 60 3600
1242.247 1238.012 1 1.84 60 60 3600
-2280.384 -1002.949 1 0.89 60 60 3600
-1789.297 -88.132 1 0.24 60 60 3600
1847.656 -837.321 1 0.48 60 60 3600
-2662.356 -2891.582 1 0.85 60 60 3600
-1912.261 3331.752 1 1.64 60 60 3600
-4751.627 -4440.043 1 1.19 60 60 3600
-123.286 -4667.102 1 0.98 60 60 3600
-2615.376 -350.380 1 0.70 60 60 3600
1055.171 -4237.284 1 0.38 60 60 3600
-3036.480 -4668.460 1 0.92 60 60 3600
1173.490 2763.675 1 1.82 60 60 3600
1516.806 646.663 1 1.29 60 60 3600
-4498.559 3275.892 1 1.57 60 60 3600
1614.870 3248.429 1 1.31 60 60 3600
2299.507 -2599.656 1 1.91 60 60 3600
3571.060 -3041.518 1 1.14 60 60 3600
-1150.554 -680.566 1 0.45 60 60 3600
3617.047 -1454.741 1 0.91 60 60 3600
-4477.993 -907.035 1 0.46 60 60 3600
-2501.781 2181.761 1 1.01 60 60 3600
317.231 -148.078 1 0.37 60 60 3600
-1527.354 4264.413 1 0.39 60 60 3600
-632.903 1567.764 1 1.79 60 60 3600
-2833.712 -1340.560 1 1.64 60 60 3600
4899.679 -4446.510 1 1.69 60 60 3600
4138.252 -1482.192 1 0.27 60 60 3600
4667.884 -1372.175 1 1.33 60 60 3600
