INSTANCE_FILE: big_instance/200.30.3.txt
INSTANCE_BASE: 200.30.3
SOLVER: light
TRAFFIC: light
SIGMA: 0.9,0.7,0.8,0.9,0.7,0.8,0.9,0.7,0.8,0.9,0.7,0.8
RUN: 5
---SOLVER OUTPUT---
Initial solution cost: 29620.988305
Improved solution cost: 14094.225087
Worst solution cost: 14094.225087
Mean solution cost: 14094.225087
Mean elapsed time: 1778.239656 seconds
Final solution feasibility: FEASIBLE
Solution Details:
Truck Routes:
Truck 1: 0 96 84 146 11 171 143 0 157 20 75 195 164 0 158 109 86 137 33 142 193 9 110 28 0 |Truck Time: 13994.403725|13994.403725,0.000000,0.000000,0.000000
Truck 2: 0 134 45 13 154 123 0 72 194 196 16 145 152 187 6 199 0 73 112 80 69 92 127 3 122 0 |Truck Time: 14094.225087|14094.225087,0.000000,0.000000,0.000000
Truck 3: 0 147 198 17 35 117 189 4 0 22 78 85 163 49 67 98 174 144 0 103 191 186 182 173 10 8 0 170 82 130 0 |Truck Time: 14062.615103|14062.615103,0.000000,0.000000,0.000000
Truck 4: 0 61 126 190 91 57 50 94 93 0 108 128 90 138 181 52 46 0 51 39 183 68 180 41 47 55 83 71 0 |Truck Time: 14023.154677|14023.154677,0.000000,0.000000,0.000000
Truck 5: 0 36 95 118 63 87 104 0 178 184 121 18 124 0 24 166 136 175 185 179 14 65 0 |Truck Time: 14026.403826|14026.403826,0.000000,0.000000,0.000000
Truck 6: 0 161 101 140 42 62 30 197 64 114 0 89 125 113 76 38 172 192 7 0 176 162 167 188 115 97 0 |Truck Time: 14056.786022|14056.786022,0.000000,0.000000,0.000000
Drone Routes:
Drone 1: 0 54 120 5 32 0 139 15 21 0 133 0 99 168 56 0 2 31 48 0 29 0 131 107 0 148 0 |Drone Time: 14034.577235|14034.577235,0.000000,0.000000,0.000000
Drone 2: 0 159 141 169 0 70 26 132 0 77 0 106 0 155 150 0 43 37 0 23 129 0 |Drone Time: 14075.302341|14075.302341,0.000000,0.000000,0.000000
Drone 3: 0 60 0 53 100 156 19 165 0 81 74 79 0 12 66 102 0 200 34 111 135 151 40 0 149 0 177 0 44 0 |Drone Time: 14070.626161|14070.626161,0.000000,0.000000,0.000000
Drone 4: 0 58 0 116 0 160 0 105 0 25 0 119 0 88 0 27 59 0 1 153 0 |Drone Time: 14086.729158|14086.729158,0.000000,0.000000,0.000000
Total validation: Makespan=14094.225087, Deadline violation=0.000000, Energy violation=0.000000, Capacity violation=0.000000
