INSTANCE_FILE: big_instance/200.20.2.txt
INSTANCE_BASE: 200.20.2
SOLVER: heavy
TRAFFIC: heavy
SIGMA: 0.6,0.4,0.5,0.6,0.4,0.5,0.6,0.4,0.5,0.6,0.4,0.5
RUN: 4
---SOLVER OUTPUT---
Initial solution cost: 22835.540163
Improved solution cost: 12121.719370
Worst solution cost: 12121.719370
Mean solution cost: 12121.719370
Mean elapsed time: 1302.944910 seconds
Final solution feasibility: FEASIBLE
Solution Details:
Truck Routes:
Truck 1: 0 182 143 121 0 172 2 41 0 57 122 54 56 97 178 111 0 |Truck Time: 12107.057747|12107.057747,0.000000,0.000000,0.000000
Truck 2: 0 187 17 183 99 132 74 193 72 0 84 58 128 96 174 101 114 31 91 49 0 |Truck Time: 11874.919569|11874.919569,0.000000,0.000000,0.000000
Truck 3: 0 21 102 118 39 161 0 15 22 76 137 0 78 126 123 168 12 124 27 40 192 0 |Truck Time: 12121.719370|12121.719370,0.000000,0.000000,0.000000
Truck 4: 0 165 59 142 47 184 0 32 120 50 191 139 159 94 0 73 5 148 93 0 |Truck Time: 12030.413408|12030.413408,0.000000,0.000000,0.000000
Truck 5: 0 77 107 10 48 134 52 36 53 0 89 34 90 82 28 80 81 0 157 185 117 35 151 0 |Truck Time: 12073.888516|12073.888516,0.000000,0.000000,0.000000
Truck 6: 0 200 113 138 145 79 130 92 1 110 0 179 25 87 75 0 164 194 29 112 131 55 146 0 |Truck Time: 12056.253661|12056.253661,0.000000,0.000000,0.000000
Drone Routes:
Drone 1: 0 153 0 14 129 155 0 69 170 23 0 46 109 176 197 0 196 100 154 181 0 9 141 7 60 0 186 116 30 0 140 0 64 3 0 51 61 147 0 43 0 |Drone Time: 11847.431227|11847.431227,0.000000,0.000000,0.000000
Drone 2: 0 98 0 95 65 167 0 37 24 33 0 125 0 163 149 67 0 169 71 0 104 0 20 19 0 83 0 152 70 0 |Drone Time: 12062.619306|12062.619306,0.000000,0.000000,0.000000
Drone 3: 0 158 133 135 26 0 45 88 6 0 4 115 0 38 144 0 8 195 0 105 175 0 62 119 0 156 166 0 160 162 0 |Drone Time: 12105.407507|12105.407507,0.000000,0.000000,0.000000
Drone 4: 0 106 173 103 0 108 68 0 42 0 66 198 136 85 0 150 86 127 18 16 0 188 177 44 189 190 0 180 11 0 13 199 0 171 63 0 |Drone Time: 12107.491068|12107.491068,0.000000,0.000000,0.000000
Total validation: Makespan=12121.719370, Deadline violation=0.000000, Energy violation=0.000000, Capacity violation=0.000000
