INSTANCE_FILE: big_instance/200.10.1.txt
INSTANCE_BASE: 200.10.1
SOLVER: light
TRAFFIC: light
SIGMA: 0.9,0.7,0.8,0.9,0.7,0.8,0.9,0.7,0.8,0.9,0.7,0.8
RUN: 5
---SOLVER OUTPUT---
Initial solution cost: 7550.198650
Improved solution cost: 4058.343356
Worst solution cost: 4058.343356
Mean solution cost: 4058.343356
Mean elapsed time: 1934.621426 seconds
Final solution feasibility: FEASIBLE
Solution Details:
Truck Routes:
Truck 1: 0 190 200 88 67 158 82 74 164 26 116 128 188 113 103 45 149 94 37 155 0 56 0 |Truck Time: 4020.892655|4020.892655,0.000000,0.000000,0.000000
Truck 2: 0 136 27 133 12 92 97 156 159 123 121 130 0 132 75 100 135 199 1 46 140 62 86 0 |Truck Time: 4049.225997|4049.225997,0.000000,0.000000,0.000000
Truck 3: 0 167 139 152 73 30 122 111 78 9 85 50 105 0 131 109 108 87 186 142 70 4 150 57 68 0 |Truck Time: 4052.383803|4052.383803,0.000000,0.000000,0.000000
Truck 4: 0 80 175 117 147 102 69 22 13 157 2 181 41 39 44 194 0 180 171 29 53 178 18 0 |Truck Time: 4042.364047|4042.364047,0.000000,0.000000,0.000000
Truck 5: 0 177 120 125 59 19 169 0 51 126 197 168 33 110 134 17 107 76 104 28 160 95 6 72 0 |Truck Time: 4030.246445|4030.246445,0.000000,0.000000,0.000000
Truck 6: 0 14 60 143 49 52 198 65 101 7 10 115 163 0 3 151 58 166 196 148 24 124 0 |Truck Time: 4058.343356|4058.343356,0.000000,0.000000,0.000000
Drone Routes:
Drone 1: 0 93 138 170 182 0 89 0 96 187 43 36 0 5 32 119 0 179 185 0 184 162 54 0 |Drone Time: 4034.868959|4034.868959,0.000000,0.000000,0.000000
Drone 2: 0 83 90 34 195 0 8 31 42 153 38 0 173 0 129 0 146 106 0 144 145 172 0 47 20 11 0 |Drone Time: 3980.379109|3980.379109,0.000000,0.000000,0.000000
Drone 3: 0 91 0 98 40 114 61 0 137 165 63 127 0 15 0 35 25 48 55 99 66 112 0 161 0 |Drone Time: 4026.203912|4026.203912,0.000000,0.000000,0.000000
Drone 4: 0 118 192 141 79 0 183 64 84 77 23 193 21 0 81 71 189 0 174 176 191 0 154 16 0 |Drone Time: 4034.993005|4034.993005,0.000000,0.000000,0.000000
Total validation: Makespan=4058.343356, Deadline violation=0.000000, Energy violation=0.000000, Capacity violation=0.000000
