INSTANCE_FILE: big_instance/200.30.1.txt
INSTANCE_BASE: 200.30.1
SOLVER: light
TRAFFIC: light
SIGMA: 0.9,0.7,0.8,0.9,0.7,0.8,0.9,0.7,0.8,0.9,0.7,0.8
RUN: 1
---SOLVER OUTPUT---
Initial solution cost: 28813.288766
Improved solution cost: 13264.698823
Worst solution cost: 13264.698823
Mean solution cost: 13264.698823
Mean elapsed time: 1587.095665 seconds
Final solution feasibility: FEASIBLE
Solution Details:
Truck Routes:
Truck 1: 0 135 78 166 19 144 0 143 79 188 60 177 47 200 0 39 113 132 54 1 85 112 0 |Truck Time: 13158.474661|13158.474661,0.000000,0.000000,0.000000
Truck 2: 0 59 197 179 199 181 0 164 186 139 45 48 151 31 137 0 187 163 130 74 88 84 126 159 175 77 183 0 |Truck Time: 13263.073073|13263.073073,0.000000,0.000000,0.000000
Truck 3: 0 142 117 83 134 46 87 0 107 119 65 145 4 8 128 28 90 33 0 9 115 97 170 80 100 16 26 0 |Truck Time: 13200.246707|13200.246707,0.000000,0.000000,0.000000
Truck 4: 0 15 66 92 168 173 55 102 158 198 0 172 157 103 42 152 180 0 123 73 75 12 3 94 38 167 0 |Truck Time: 13232.280004|13232.280004,0.000000,0.000000,0.000000
Truck 5: 0 7 185 176 86 165 0 190 196 195 14 136 124 0 96 89 53 116 24 0 |Truck Time: 13244.694775|13244.694775,0.000000,0.000000,0.000000
Truck 6: 0 147 52 153 29 194 64 0 99 23 27 127 44 0 191 156 70 6 120 150 0 |Truck Time: 13227.264702|13227.264702,0.000000,0.000000,0.000000
Drone Routes:
Drone 1: 0 32 0 43 110 34 104 0 118 106 0 161 0 51 109 0 131 111 0 141 30 0 114 76 0 |Drone Time: 13225.800493|13225.800493,0.000000,0.000000,0.000000
Drone 2: 0 71 178 0 155 36 0 121 140 21 129 0 125 182 56 0 49 20 0 37 0 184 162 146 0 67 0 |Drone Time: 13191.053092|13191.053092,0.000000,0.000000,0.000000
Drone 3: 0 61 0 41 93 138 10 0 95 108 5 63 189 160 0 68 154 98 0 40 17 69 0 18 0 72 192 0 |Drone Time: 13264.698823|13264.698823,0.000000,0.000000,0.000000
Drone 4: 0 133 50 22 193 0 169 171 91 122 0 174 13 81 0 35 105 148 57 0 58 149 101 0 62 25 82 0 11 2 0 |Drone Time: 13235.027368|13235.027368,0.000000,0.000000,0.000000
Total validation: Makespan=13264.698823, Deadline violation=0.000000, Energy violation=0.000000, Capacity violation=0.000000
