INSTANCE_FILE: big_instance/200.20.2.txt
INSTANCE_BASE: 200.20.2
SOLVER: heavy
TRAFFIC: heavy
SIGMA: 0.6,0.4,0.5,0.6,0.4,0.5,0.6,0.4,0.5,0.6,0.4,0.5
RUN: 2
---SOLVER OUTPUT---
Initial solution cost: 22835.540163
Improved solution cost: 12285.598041
Worst solution cost: 12285.598041
Mean solution cost: 12285.598041
Mean elapsed time: 1131.474714 seconds
Final solution feasibility: FEASIBLE
Solution Details:
Truck Routes:
Truck 1: 0 34 95 82 191 0 57 122 54 56 97 111 165 184 0 |Truck Time: 11120.763532|11120.763532,0.000000,0.000000,0.000000
Truck 2: 0 15 148 175 199 93 13 117 0 74 182 125 80 81 153 0 78 126 123 168 12 27 40 192 47 0 |Truck Time: 12265.615117|12265.615117,0.000000,0.000000,0.000000
Truck 3: 0 55 195 112 29 194 164 146 0 187 104 17 183 0 49 3 2 53 193 0 |Truck Time: 12239.246096|12239.246096,0.000000,0.000000,0.000000
Truck 4: 0 163 72 0 8 171 43 87 25 179 137 0 83 154 5 39 161 185 76 0 22 151 157 0 |Truck Time: 12181.340708|12181.340708,0.000000,0.000000,0.000000
Truck 5: 0 48 107 77 149 0 200 113 79 145 138 130 92 110 0 50 120 32 0 |Truck Time: 12165.267670|12165.267670,0.000000,0.000000,0.000000
Truck 6: 0 96 174 128 162 101 114 91 0 41 172 64 31 0 36 52 99 11 24 143 121 132 0 |Truck Time: 12285.598041|12285.598041,0.000000,0.000000,0.000000
Drone Routes:
Drone 1: 0 198 136 85 88 0 141 65 167 7 0 158 133 135 26 0 166 156 0 105 0 58 84 0 186 1 0 63 6 38 0 94 139 0 160 0 |Drone Time: 12252.777129|12252.777129,0.000000,0.000000,0.000000
Drone 2: 0 9 89 189 0 86 127 150 66 51 0 134 109 10 0 102 4 118 0 98 0 59 147 0 144 75 0 70 37 0 71 169 0 20 19 0 |Drone Time: 12129.707128|12129.707128,0.000000,0.000000,0.000000
Drone 3: 0 106 173 103 108 0 68 0 23 170 129 0 62 119 0 21 18 16 0 42 0 142 159 0 73 0 35 0 115 188 0 |Drone Time: 12284.835077|12284.835077,0.000000,0.000000,0.000000
Drone 4: 0 177 45 178 0 176 197 61 0 67 140 0 46 180 33 0 44 124 190 0 152 155 69 116 0 60 30 14 0 28 90 0 181 100 196 0 131 0 |Drone Time: 12234.826237|12234.826237,0.000000,0.000000,0.000000
Total validation: Makespan=12285.598041, Deadline violation=0.000000, Energy violation=0.000000, Capacity violation=0.000000
