INSTANCE_FILE: big_instance/200.10.3.txt
INSTANCE_BASE: 200.10.3
SOLVER: heavy
TRAFFIC: heavy
SIGMA: 0.6,0.4,0.5,0.6,0.4,0.5,0.6,0.4,0.5,0.6,0.4,0.5
RUN: 3
---SOLVER OUTPUT---
Initial solution cost: 10408.006638
Improved solution cost: 5235.206920
Worst solution cost: 5235.206920
Mean solution cost: 5235.206920
Mean elapsed time: 1242.984079 seconds
Final solution feasibility: FEASIBLE
Solution Details:
Truck Routes:
Truck 1: 0 184 84 103 80 82 117 120 161 21 124 40 15 0 180 8 0 |Truck Time: 5200.163011|5200.163011,0.000000,0.000000,0.000000
Truck 2: 0 123 149 164 35 153 128 89 150 0 133 1 14 97 58 17 176 0 |Truck Time: 5225.934833|5225.934833,0.000000,0.000000,0.000000
Truck 3: 0 154 62 101 24 88 71 157 166 195 72 114 92 56 85 52 41 162 144 0 30 172 0 |Truck Time: 5214.181656|5214.181656,0.000000,0.000000,0.000000
Truck 4: 0 136 175 87 90 129 181 168 10 66 50 200 7 25 143 0 183 135 46 16 0 |Truck Time: 5231.597250|5231.597250,0.000000,0.000000,0.000000
Truck 5: 0 5 18 65 190 69 100 42 73 31 112 68 188 36 47 3 23 0 151 20 106 39 152 93 0 |Truck Time: 5196.713186|5196.713186,0.000000,0.000000,0.000000
Truck 6: 0 22 63 191 38 197 95 198 156 134 49 94 0 108 126 34 185 91 99 127 102 86 26 137 79 27 0 |Truck Time: 5235.206920|5235.206920,0.000000,0.000000,0.000000
Drone Routes:
Drone 1: 0 110 51 147 0 83 122 107 0 132 199 182 169 0 55 0 70 0 76 186 0 155 0 96 194 0 98 6 0 |Drone Time: 5229.102329|5229.102329,0.000000,0.000000,0.000000
Drone 2: 0 37 9 43 167 77 0 67 105 60 64 179 138 0 145 130 45 0 193 0 131 75 158 0 4 104 53 0 11 59 115 0 |Drone Time: 5132.175689|5132.175689,0.000000,0.000000,0.000000
Drone 3: 0 74 189 19 0 57 109 44 139 0 78 111 13 81 0 61 29 171 0 165 173 0 2 0 119 12 177 116 192 0 |Drone Time: 5233.977419|5233.977419,0.000000,0.000000,0.000000
Drone 4: 0 125 163 159 113 178 33 142 0 174 48 54 28 0 187 141 0 160 148 0 121 32 0 170 146 196 0 140 118 0 |Drone Time: 5212.154597|5212.154597,0.000000,0.000000,0.000000
Total validation: Makespan=5235.206920, Deadline violation=0.000000, Energy violation=0.000000, Capacity violation=0.000000
