INSTANCE_FILE: big_instance/200.20.3.txt
INSTANCE_BASE: 200.20.3
SOLVER: heavy
TRAFFIC: heavy
SIGMA: 0.6,0.4,0.5,0.6,0.4,0.5,0.6,0.4,0.5,0.6,0.4,0.5
RUN: 2
---SOLVER OUTPUT---
Initial solution cost: 23304.851808
Improved solution cost: 12113.146743
Worst solution cost: 12113.146743
Mean solution cost: 12113.146743
Mean elapsed time: 1375.038480 seconds
Final solution feasibility: FEASIBLE
Solution Details:
Truck Routes:
Truck 1: 0 94 198 0 179 189 28 0 172 154 168 93 141 0 |Truck Time: 12077.804431|12077.804431,0.000000,0.000000,0.000000
Truck 2: 0 127 103 77 106 4 14 0 159 183 115 78 120 0 95 152 8 55 150 16 0 |Truck Time: 12113.146743|12113.146743,0.000000,0.000000,0.000000
Truck 3: 0 109 53 45 132 69 121 76 3 25 26 124 0 199 17 1 24 32 197 51 0 81 29 166 123 20 116 99 182 0 |Truck Time: 12025.747667|12025.747667,0.000000,0.000000,0.000000
Truck 4: 0 117 149 36 33 0 79 38 80 188 64 169 0 83 22 138 27 125 86 137 0 |Truck Time: 12093.822954|12093.822954,0.000000,0.000000,0.000000
Truck 5: 0 30 145 180 100 143 15 90 153 0 111 42 43 130 62 0 104 165 10 66 128 113 72 105 0 |Truck Time: 12105.382515|12105.382515,0.000000,0.000000,0.000000
Truck 6: 0 196 167 186 157 0 54 87 144 0 40 195 200 59 181 57 0 |Truck Time: 12096.586476|12096.586476,0.000000,0.000000,0.000000
Drone Routes:
Drone 1: 0 171 112 0 18 75 50 0 92 0 31 13 0 6 0 185 39 0 148 85 0 52 7 41 192 91 82 0 12 21 0 164 158 0 |Drone Time: 12112.475902|12112.475902,0.000000,0.000000,0.000000
Drone 2: 0 74 46 88 0 133 160 101 170 0 151 49 34 107 0 177 110 187 0 191 2 23 0 129 0 162 0 135 0 142 178 0 |Drone Time: 12048.452936|12048.452936,0.000000,0.000000,0.000000
Drone 3: 0 89 37 60 0 126 163 0 122 9 114 102 0 68 173 0 193 118 131 0 140 176 0 11 108 47 0 190 0 147 174 0 71 63 134 0 139 35 44 0 |Drone Time: 12075.030004|12075.030004,0.000000,0.000000,0.000000
Drone 4: 0 61 67 156 194 58 0 56 136 146 0 65 155 0 48 0 70 84 96 0 19 98 175 161 0 119 73 0 184 0 97 5 0 |Drone Time: 12075.888152|12075.888152,0.000000,0.000000,0.000000
Total validation: Makespan=12113.146743, Deadline violation=0.000000, Energy violation=0.000000, Capacity violation=0.000000
