INSTANCE_FILE: big_instance/200.10.2.txt
INSTANCE_BASE: 200.10.2
SOLVER: heavy
TRAFFIC: heavy
SIGMA: 0.6,0.4,0.5,0.6,0.4,0.5,0.6,0.4,0.5,0.6,0.4,0.5
RUN: 1
---SOLVER OUTPUT---
Initial solution cost: 10951.554196
Improved solution cost: 5785.934366
Worst solution cost: 5785.934366
Mean solution cost: 5785.934366
Mean elapsed time: 1595.836976 seconds
Final solution feasibility: FEASIBLE
Solution Details:
Truck Routes:
Truck 1: 0 147 87 140 168 152 46 117 103 141 20 25 0 154 153 135 166 93 180 136 0 |Truck Time: 5779.654147|5779.654147,0.000000,0.000000,0.000000
Truck 2: 0 90 123 82 17 112 110 34 66 78 94 0 188 58 98 125 200 189 91 1 128 151 41 0 |Truck Time: 5780.285243|5780.285243,0.000000,0.000000,0.000000
Truck 3: 0 30 115 85 131 129 113 84 55 10 83 162 126 116 29 99 0 157 194 139 192 143 0 |Truck Time: 5785.934366|5785.934366,0.000000,0.000000,0.000000
Truck 4: 0 32 144 16 63 156 21 40 190 0 114 60 120 26 56 137 158 27 181 109 174 106 0 |Truck Time: 5781.818524|5781.818524,0.000000,0.000000,0.000000
Truck 5: 0 38 33 127 160 88 51 8 53 0 4 130 80 49 172 9 102 36 133 76 175 13 0 |Truck Time: 5756.794274|5756.794274,0.000000,0.000000,0.000000
Truck 6: 0 65 3 100 96 176 57 2 7 47 195 173 182 64 119 199 0 148 169 61 0 |Truck Time: 5767.760131|5767.760131,0.000000,0.000000,0.000000
Drone Routes:
Drone 1: 0 45 105 186 0 77 24 167 6 0 159 70 0 134 28 0 149 0 155 184 0 79 44 0 35 179 0 74 0 |Drone Time: 5617.465096|5617.465096,0.000000,0.000000,0.000000
Drone 2: 0 170 196 108 118 107 0 145 191 37 124 59 0 62 68 0 187 193 0 50 0 132 5 0 185 89 0 161 92 0 |Drone Time: 5785.537167|5785.537167,0.000000,0.000000,0.000000
Drone 3: 0 67 72 18 0 101 183 142 197 39 97 121 0 171 81 138 43 0 19 0 111 0 48 146 0 164 0 31 0 122 178 42 0 |Drone Time: 5660.198275|5660.198275,0.000000,0.000000,0.000000
Drone 4: 0 52 12 104 73 0 163 75 71 165 0 14 0 69 11 86 0 23 150 0 15 22 0 177 95 0 54 198 0 |Drone Time: 5773.014298|5773.014298,0.000000,0.000000,0.000000
Total validation: Makespan=5785.934366, Deadline violation=0.000000, Energy violation=0.000000, Capacity violation=0.000000
