INSTANCE_FILE: big_instance/200.30.1.txt
INSTANCE_BASE: 200.30.1
SOLVER: heavy
TRAFFIC: heavy
SIGMA: 0.6,0.4,0.5,0.6,0.4,0.5,0.6,0.4,0.5,0.6,0.4,0.5
RUN: 5
---SOLVER OUTPUT---
Initial solution cost: 36633.914305
Improved solution cost: 22752.531682
Worst solution cost: 22752.531682
Mean solution cost: 22752.531682
Mean elapsed time: 625.157604 seconds
Final solution feasibility: FEASIBLE
Solution Details:
Truck Routes:
Truck 1: 0 31 137 0 176 0 52 0 83 7 0 |Truck Time: 22596.778025|22596.778025,0.000000,0.000000,0.000000
Truck 2: 0 186 99 67 85 0 96 66 92 15 158 0 33 90 0 79 143 115 0 |Truck Time: 22746.298688|22746.298688,0.000000,0.000000,0.000000
Truck 3: 0 181 0 124 136 0 28 128 198 106 0 168 173 179 197 199 0 130 187 13 175 0 |Truck Time: 22752.531682|22752.531682,0.000000,0.000000,0.000000
Truck 4: 0 190 195 97 0 142 154 0 59 152 42 103 157 0 26 0 73 12 0 |Truck Time: 22643.256353|22643.256353,0.000000,0.000000,0.000000
Truck 5: 0 132 27 23 113 112 0 80 16 0 135 3 94 65 0 118 0 174 156 191 54 1 150 0 |Truck Time: 22697.371409|22697.371409,0.000000,0.000000,0.000000
Truck 6: 0 123 166 19 144 192 0 64 0 164 177 47 200 44 39 0 120 77 172 69 183 0 107 119 114 0 |Truck Time: 22578.435483|22578.435483,0.000000,0.000000,0.000000
Drone Routes:
Drone 1: 0 133 140 21 45 0 29 110 43 0 6 70 30 0 146 196 14 0 153 0 68 41 117 0 127 0 10 93 138 148 0 18 0 53 24 0 60 5 0 100 46 0 4 129 0 |Drone Time: 22488.040336|22488.040336,0.000000,0.000000,0.000000
Drone 2: 0 161 0 89 40 0 62 139 0 71 178 0 165 0 55 0 56 9 0 149 101 0 167 17 102 0 75 38 0 134 0 32 0 151 159 0 194 0 |Drone Time: 22717.194485|22717.194485,0.000000,0.000000,0.000000
Drone 3: 0 122 91 171 180 0 82 95 108 51 160 0 58 184 155 0 35 2 76 0 34 57 104 0 162 36 86 87 0 116 169 0 37 0 63 189 109 25 0 193 88 0 48 0 170 147 0 |Drone Time: 22669.274503|22669.274503,0.000000,0.000000,0.000000
Drone 4: 0 78 0 74 81 0 182 188 125 0 185 0 61 0 20 49 0 11 105 0 121 131 111 0 50 141 0 98 8 0 126 84 0 145 72 0 163 22 0 |Drone Time: 22691.319170|22691.319170,0.000000,0.000000,0.000000
Total validation: Makespan=22752.531682, Deadline violation=0.000000, Energy violation=0.000000, Capacity violation=0.000000
