trucks_count 1
drones_count 1
customers 100
depot 0 0
Coordinate X Coordinate Y Dronable Demand
X Y Dronable Demand Drone_service Truck_service Lw
2174.984 -3984.878 1 1.56 60 60 3600
-3414.856 2115.709 1 1.82 60 60 3600
-2887.691 3069.493 1 1.38 60 60 3600
2040.214 -2963.817 1 0.49 60 60 3600
1173.490 2763.675 1 1.66 60 60 3600
-1515.008 1927.016 1 0.36 60 60 3600
1634.304 -682.202 1 1.74 60 60 3600
-4571.525 -3815.059 1 0.90 60 60 3600
-1415.968 -3512.691 1 0.53 60 60 3600
-2176.522 -1398.691 1 1.38 60 60 3600
1974.367 3001.666 1 0.33 60 60 3600
-4859.179 1867.048 1 0.96 60 60 3600
-3713.947 -3796.969 1 0.69 60 60 3600
3571.060 -3041.518 1 0.40 60 60 3600
683.629 3128.459 1 1.65 60 60 3600
-2476.054 -2577.526 1 0.71 60 60 3600
-272.138 -532.188 1 1.04 60 60 3600
1001.276 -647.983 1 0.79 60 60 3600
-993.746 -1658.473 1 1.91 60 60 3600
-2415.996 471.373 1 1.56 60 60 3600
-2728.041 1595.204 1 0.29 60 60 3600
1404.073 -4286.583 1 1.68 60 60 3600
-1400.971 818.859 1 1.56 60 60 3600
1394.808 3265.383 1 1.97 60 60 3600
974.515 1638.374 1 0.55 60 60 3600
-2009.795 1398.257 1 1.81 60 60 3600
-3571.673 4635.821 1 1.06 60 60 3600
1262.211 -1112.888 1 0.41 60 60 3600
2872.217 -2562.375 1 1.35 60 60 3600
-4956.557 2979.146 1 1.64 60 60 3600
-4060.464 137.870 1 0.93 60 60 3600
-2521.376 2700.434 1 0.87 60 60 3600
208.983 468.268 1 1.79 60 60 3600
-235.411 -3561.116 1 1.37 60 60 3600
1266.440 469.214 1 0.95 60 60 3600
-639.398 -999.142 1 1.50 60 60 3600
-2678.303 1035.710 1 1.17 60 60 3600
1909.985 1924.266 1 1.69 60 60 3600
1858.262 -1643.462 1 1.13 60 60 3600
2533.192 -795.571 1 0.76 60 60 3600
-4961.680 -2520.485 1 0.43 60 60 3600
2567.758 -1761.761 1 0.79 60 60 3600
-3233.169 3854.366 1 0.91 60 60 3600
-4392.878 4827.247 1 1.41 60 60 3600
-2737.083 3931.366 1 1.47 60 60 3600
4261.953 -1947.109 1 0.68 60 60 3600
-123.286 -4667.102 1 1.64 60 60 3600
-4527.097 -2927.438 1 1.77 60 60 3600
-4104.112 4387.667 1 1.34 60 60 3600
-2377.502 4583.378 1 1.10 60 60 3600
-3036.480 -4668.460 1 1.18 60 60 3600
-4976.964 -1982.194 1 0.74 60 60 3600
-3137.994 -70.243 1 0.54 60 60 3600
-4343.160 2560.427 1 1.34 60 60 3600
-432.027 363.382 1 1.83 60 60 3600
2144.201 182.966 1 1.01 60 60 3600
-2941.940 -3469.121 1 1.45 60 60 3600
-1879.109 244.102 1 1.34 60 60 3600
-1602.596 4478.582 1 0.51 60 60 3600
-3670.651 -4390.984 1 0.93 60 60 3600
-3782.038 2896.602 1 1.50 60 60 3600
93.179 2045.883 1 0.43 60 60 3600
668.716 -54.424 1 0.67 60 60 3600
-956.858 359.831 1 0.42 60 60 3600
3090.968 -1603.553 1 1.96 60 60 3600
-1434.352 1339.202 1 1.15 60 60 3600
-277.095 -1386.212 1 0.81 60 60 3600
490.193 -902.494 1 1.49 60 60 3600
-4125.978 -1573.931 1 1.34 60 60 3600
406.918 -4251.066 1 0.65 60 60 3600
-3977.500 -2247.295 1 1.77 60 60 3600
-3259.160 1332.244 1 0.80 60 60 3600
-2502.774 -799.856 1 0.53 60 60 3600
768.317 -3615.690 1 1.17 60 60 3600
4643.899 -4458.923 1 0.75 60 60 3600
1693.541 949.626 1 0.58 60 60 3600
3024.965 -4630.545 1 1.31 60 60 3600
-3685.845 1689.871 1 0.93 60 60 3600
-2717.275 -1677.080 1 0.28 60 60 3600
2533.535 -4500.712 1 1.69 60 60 3600
3754.955 -2009.460 1 0.33 60 60 3600
-901.903 2219.487 1 0.37 60 60 3600
-3355.239 -919.704 1 0.80 60 60 3600
-1176.743 -406.429 1 0.91 60 60 3600
-4697.576 1222.104 1 0.62 60 60 3600
21.315 -2041.264 1 0.56 60 60 3600
-2998.319 4624.600 1 0.56 60 60 3600
-1603.479 2928.306 1 0.65 60 60 3600
-137.337 862.630 1 0.92 60 60 3600
1311.856 -3493.890 1 0.67 60 60 3600
-1575.482 3816.751 1 1.29 60 60 3600
-4921.534 4416.031 1 0.69 60 60 3600
4365.234 -716.545 1 1.71 60 60 3600
-4873.303 -4230.995 1 0.79 60 60 3600
-4024.932 720.040 1 0.84 60 60 3600
1585.968 -2552.178 1 1.64 60 60 3600
-3137.579 -2345.535 1 1.02 60 60 3600
1472.430 1500.928 1 1.27 60 60 3600
-1912.261 3331.752 1 1.20 60 60 3600
642.859 -1664.178 1 0.89 60 60 3600
