INSTANCE_FILE: big_instance/200.20.4.txt
INSTANCE_BASE: 200.20.4
SOLVER: heavy
TRAFFIC: heavy
SIGMA: 0.6,0.4,0.5,0.6,0.4,0.5,0.6,0.4,0.5,0.6,0.4,0.5
RUN: 3
---SOLVER OUTPUT---
Initial solution cost: 22039.200037
Improved solution cost: 12353.424896
Worst solution cost: 12353.424896
Mean solution cost: 12353.424896
Mean elapsed time: 1146.014104 seconds
Final solution feasibility: FEASIBLE
Solution Details:
Truck Routes:
Truck 1: 0 140 159 78 148 97 0 151 20 158 162 50 122 0 30 0 |Truck Time: 12276.821234|12276.821234,0.000000,0.000000,0.000000
Truck 2: 0 137 189 81 46 124 0 43 119 111 91 26 0 27 73 196 142 45 118 185 29 0 |Truck Time: 12208.648084|12208.648084,0.000000,0.000000,0.000000
Truck 3: 0 186 71 106 95 102 5 0 145 123 82 0 49 89 65 57 63 146 191 0 |Truck Time: 12317.914537|12317.914537,0.000000,0.000000,0.000000
Truck 4: 0 157 54 38 181 194 9 0 138 160 104 131 166 0 24 107 126 108 136 125 110 0 |Truck Time: 12081.025941|12081.025941,0.000000,0.000000,0.000000
Truck 5: 0 74 56 99 192 128 0 25 143 36 169 35 0 22 103 17 40 179 187 190 0 |Truck Time: 12335.402701|12335.402701,0.000000,0.000000,0.000000
Truck 6: 0 1 8 47 28 164 0 59 113 132 96 172 44 0 48 174 23 31 178 147 180 183 0 |Truck Time: 12353.424896|12353.424896,0.000000,0.000000,0.000000
Drone Routes:
Drone 1: 0 139 39 0 165 177 42 0 61 109 80 0 77 14 0 70 171 0 64 149 0 129 168 0 155 68 0 200 135 0 90 133 0 |Drone Time: 12342.619584|12342.619584,0.000000,0.000000,0.000000
Drone 2: 0 141 88 150 0 79 182 83 0 120 84 76 4 37 0 173 92 11 15 0 176 72 93 0 2 0 199 121 0 19 116 0 33 62 0 |Drone Time: 12249.844004|12249.844004,0.000000,0.000000,0.000000
Drone 3: 0 193 112 198 53 87 0 161 52 0 163 117 41 0 154 156 170 0 13 144 127 101 0 167 16 3 152 66 0 134 85 60 34 0 153 7 105 0 184 0 |Drone Time: 12334.486580|12334.486580,0.000000,0.000000,0.000000
Drone 4: 0 12 175 114 0 10 0 100 130 0 86 197 0 188 195 51 0 21 94 0 6 55 98 0 115 58 0 75 69 32 0 18 67 0 |Drone Time: 12306.971506|12306.971506,0.000000,0.000000,0.000000
Total validation: Makespan=12353.424896, Deadline violation=0.000000, Energy violation=0.000000, Capacity violation=0.000000
