trucks_count 1
drones_count 1
customers 100
depot 0 0
Coordinate X Coordinate Y Dronable Demand
X Y Dronable Demand Drone_service Truck_service Lw
1195.605 -1620.318 1 0.25 60 60 3600
-2206.078 4474.452 1 1.86 60 60 3600
-6566.158 -5101.818 1 0.81 60 60 3600
-1716.124 -479.277 1 0.46 60 60 3600
599.793 2300.728 1 1.10 60 60 3600
-5433.285 -5144.947 1 1.14 60 60 3600
-2501.781 2181.761 1 1.32 60 60 3600
625.784 -4210.301 1 1.13 60 60 3600
-5209.490 -566.819 1 0.29 60 60 3600
-1400.971 818.859 1 1.40 60 60 3600
-5905.278 3722.207 1 0.88 60 60 3600
3617.047 -1454.741 1 1.63 60 60 3600
2021.518 -656.821 1 1.34 60 60 3600
870.632 2872.713 1 1.56 60 60 3600
6628.273 -2384.218 1 1.69 60 60 3600
53.989 -196.458 1 1.12 60 60 3600
-3015.030 2648.459 1 1.41 60 60 3600
1398.269 2259.139 1 1.21 60 60 3600
-3285.090 4959.306 1 1.08 60 60 3600
5362.831 -1334.449 1 0.62 60 60 3600
7200.443 -1453.205 1 0.81 60 60 3600
-1950.464 2387.235 1 0.80 60 60 3600
-4087.287 7371.933 1 0.65 60 60 3600
4987.256 -4134.892 1 1.12 60 60 3600
-1033.004 -3398.388 1 1.44 60 60 3600
-3355.239 -919.704 1 0.27 60 60 3600
-3569.636 2320.521 1 1.01 60 60 3600
-512.714 623.860 1 0.26 60 60 3600
-4923.041 5961.576 1 0.54 60 60 3600
-3929.321 -4440.310 1 1.42 60 60 3600
-4259.568 -2885.259 1 0.78 60 60 3600
-5270.958 6757.480 1 1.46 60 60 3600
-2708.254 -1903.271 1 1.67 60 60 3600
-6556.534 3937.978 1 0.74 60 60 3600
-6889.562 -680.009 1 0.59 60 60 3600
-4211.654 -2265.006 1 0.43 60 60 3600
836.513 -5014.209 1 0.76 60 60 3600
-4127.734 -3842.577 1 1.39 60 60 3600
335.470 -1311.094 1 1.99 60 60 3600
-4716.958 3258.336 1 1.13 60 60 3600
571.951 -3402.618 1 0.76 60 60 3600
-4104.112 4387.667 1 0.53 60 60 3600
-6333.132 -813.293 1 0.42 60 60 3600
-423.661 1547.426 1 1.71 60 60 3600
916.660 -2189.163 1 0.27 60 60 3600
-2061.893 6951.132 1 0.34 60 60 3600
2487.372 -2232.322 1 1.55 60 60 3600
-6544.261 -3444.252 1 0.96 60 60 3600
-4144.305 4965.963 1 0.75 60 60 3600
-4132.785 6699.427 1 1.67 60 60 3600
-3707.586 87.542 1 0.26 60 60 3600
-5812.234 -3421.810 1 1.45 60 60 3600
-1552.722 4838.335 1 0.63 60 60 3600
-5109.358 2819.435 1 1.77 60 60 3600
679.451 -423.439 1 1.51 60 60 3600
1904.249 689.238 1 1.65 60 60 3600
-235.411 -3561.116 1 1.37 60 60 3600
-3795.590 -6954.684 1 1.60 60 60 3600
-3595.160 -2522.801 1 1.54 60 60 3600
6426.493 -490.064 1 1.63 60 60 3600
-6784.265 -2747.355 1 1.10 60 60 3600
-6572.185 3288.337 1 1.54 60 60 3600
5914.054 -5536.077 1 1.89 60 60 3600
2295.412 -4529.221 1 1.15 60 60 3600
-4921.534 4416.031 1 1.26 60 60 3600
-3157.137 4445.854 1 0.67 60 60 3600
3352.838 -3030.431 1 0.37 60 60 3600
-4976.964 -1982.194 1 0.23 60 60 3600
2150.187 -3518.168 1 0.79 60 60 3600
1115.593 -840.188 1 1.33 60 60 3600
1783.374 -3990.054 1 1.10 60 60 3600
1585.968 -2552.178 1 0.95 60 60 3600
-2826.909 -515.994 1 0.53 60 60 3600
-2497.951 7311.086 1 1.00 60 60 3600
6058.162 -99.643 1 1.08 60 60 3600
2965.572 -3959.396 1 0.67 60 60 3600
1222.085 1668.943 1 0.96 60 60 3600
7484.387 -4267.842 1 1.16 60 60 3600
-1673.592 -1345.080 1 1.98 60 60 3600
-3608.728 1439.529 1 1.47 60 60 3600
-46.922 -2238.612 1 1.44 60 60 3600
-5459.720 -2297.678 1 1.70 60 60 3600
-901.903 2219.487 1 1.71 60 60 3600
-3522.548 3819.601 1 0.91 60 60 3600
7135.646 -411.658 1 1.99 60 60 3600
-6605.368 -7264.187 1 1.78 60 60 3600
-1672.647 6281.014 1 1.39 60 60 3600
-3120.992 -3347.326 1 1.96 60 60 3600
-5822.834 -6824.072 1 1.35 60 60 3600
3705.130 -4132.443 1 1.38 60 60 3600
-6985.848 1886.195 1 0.83 60 60 3600
-5712.175 4650.538 1 0.63 60 60 3600
-3173.152 -3898.738 1 1.75 60 60 3600
7318.169 -2268.579 1 0.53 60 60 3600
-356.587 -930.034 1 0.71 60 60 3600
-2258.165 750.108 1 1.87 60 60 3600
-850.938 -2555.896 1 1.98 60 60 3600
-6325.226 1293.908 1 0.46 60 60 3600
-2942.470 445.814 1 1.52 60 60 3600
-1806.403 1256.157 1 1.88 60 60 3600
