INSTANCE_FILE: big_instance/200.20.1.txt
INSTANCE_BASE: 200.20.1
SOLVER: light
TRAFFIC: light
SIGMA: 0.9,0.7,0.8,0.9,0.7,0.8,0.9,0.7,0.8,0.9,0.7,0.8
RUN: 2
---SOLVER OUTPUT---
Initial solution cost: 16759.093786
Improved solution cost: 8100.699026
Worst solution cost: 8100.699026
Mean solution cost: 8100.699026
Mean elapsed time: 1645.150448 seconds
Final solution feasibility: FEASIBLE
Solution Details:
Truck Routes:
Truck 1: 0 44 40 182 93 158 14 101 36 110 0 51 56 100 117 107 67 105 33 200 92 66 0 |Truck Time: 7978.685038|7978.685038,0.000000,0.000000,0.000000
Truck 2: 0 24 111 149 127 133 96 183 142 0 137 25 109 140 17 72 167 181 69 173 20 0 |Truck Time: 7976.252115|7976.252115,0.000000,0.000000,0.000000
Truck 3: 0 154 79 164 159 176 121 52 126 43 7 169 128 152 0 3 53 175 180 156 63 124 170 174 193 0 48 0 |Truck Time: 8035.057790|8035.057790,0.000000,0.000000,0.000000
Truck 4: 0 26 87 41 38 103 90 150 99 65 0 94 141 186 86 194 95 0 |Truck Time: 8058.623827|8058.623827,0.000000,0.000000,0.000000
Truck 5: 0 2 178 115 31 64 61 108 97 73 132 49 129 0 29 89 83 34 30 98 57 184 139 0 |Truck Time: 8100.699026|8100.699026,0.000000,0.000000,0.000000
Truck 6: 0 47 116 80 71 179 85 46 23 0 148 157 145 37 13 147 168 5 1 102 161 0 |Truck Time: 8050.452325|8050.452325,0.000000,0.000000,0.000000
Drone Routes:
Drone 1: 0 84 9 138 0 15 39 171 0 177 143 192 0 10 112 134 151 0 81 22 0 125 42 0 118 45 0 162 114 0 |Drone Time: 8063.556184|8063.556184,0.000000,0.000000,0.000000
Drone 2: 0 120 54 74 8 196 16 160 0 195 106 32 12 0 91 131 119 113 0 198 55 104 0 35 0 165 21 0 11 4 0 |Drone Time: 8089.261530|8089.261530,0.000000,0.000000,0.000000
Drone 3: 0 88 0 199 172 27 0 185 78 60 0 76 62 0 6 0 18 0 188 0 59 197 58 0 |Drone Time: 8099.951237|8099.951237,0.000000,0.000000,0.000000
Drone 4: 0 82 77 153 135 146 0 163 187 0 75 136 70 189 0 122 28 166 0 123 190 19 0 155 130 50 68 191 144 0 |Drone Time: 7914.797645|7914.797645,0.000000,0.000000,0.000000
Total validation: Makespan=8100.699026, Deadline violation=0.000000, Energy violation=0.000000, Capacity violation=0.000000
