INSTANCE_FILE: big_instance/200.30.1.txt
INSTANCE_BASE: 200.30.1
SOLVER: heavy
TRAFFIC: heavy
SIGMA: 0.6,0.4,0.5,0.6,0.4,0.5,0.6,0.4,0.5,0.6,0.4,0.5
RUN: 3
---SOLVER OUTPUT---
Initial solution cost: 36633.914305
Improved solution cost: 22781.034550
Worst solution cost: 22781.034550
Mean solution cost: 22781.034550
Mean elapsed time: 1095.235933 seconds
Final solution feasibility: FEASIBLE
Solution Details:
Truck Routes:
Truck 1: 0 172 120 77 54 150 0 1 175 0 48 45 151 0 130 187 0 |Truck Time: 22189.262954|22189.262954,0.000000,0.000000,0.000000
Truck 2: 0 156 191 0 79 143 14 0 80 170 124 0 176 185 16 0 |Truck Time: 22742.445522|22742.445522,0.000000,0.000000,0.000000
Truck 3: 0 128 98 90 33 0 186 139 27 132 0 164 31 137 0 83 154 194 0 |Truck Time: 22781.034550|22781.034550,0.000000,0.000000,0.000000
Truck 4: 0 23 99 113 85 0 59 197 179 199 0 28 119 65 8 114 0 96 66 15 158 0 26 0 |Truck Time: 22673.356974|22673.356974,0.000000,0.000000,0.000000
Truck 5: 0 160 195 97 0 135 3 94 0 152 42 157 0 84 69 0 |Truck Time: 22772.877646|22772.877646,0.000000,0.000000,0.000000
Truck 6: 0 166 123 19 144 107 192 0 118 64 100 87 0 190 115 9 47 177 200 0 168 173 181 198 106 0 112 0 |Truck Time: 22754.747528|22754.747528,0.000000,0.000000,0.000000
Drone Routes:
Drone 1: 0 196 5 108 95 0 62 51 189 0 174 159 169 0 72 145 0 67 0 18 122 0 29 46 0 78 0 161 0 38 0 43 110 57 0 70 6 0 37 0 |Drone Time: 22763.704379|22763.704379,0.000000,0.000000,0.000000
Drone 2: 0 142 104 34 0 7 0 117 148 41 0 171 17 102 0 121 21 140 133 0 61 0 153 0 134 0 82 44 125 39 0 53 73 0 4 129 0 163 22 0 165 0 136 147 0 |Drone Time: 22707.887699|22707.887699,0.000000,0.000000,0.000000
Drone 3: 0 35 2 76 0 193 74 49 180 0 146 109 60 0 131 111 0 81 103 0 89 167 0 155 184 0 63 182 188 0 56 25 0 126 88 0 11 105 0 55 0 149 101 0 |Drone Time: 22744.884506|22744.884506,0.000000,0.000000,0.000000
Drone 4: 0 10 93 138 0 30 32 0 127 0 183 13 40 0 92 0 91 20 0 68 52 0 58 86 36 162 0 141 50 0 71 178 0 116 75 0 12 24 0 |Drone Time: 22762.205219|22762.205219,0.000000,0.000000,0.000000
Total validation: Makespan=22781.034550, Deadline violation=0.000000, Energy violation=0.000000, Capacity violation=0.000000
