trucks_count 1
drones_count 1
customers 100
depot 0 0
Coordinate X Coordinate Y Dronable Demand
X Y Dronable Demand Drone_service Truck_service Lw
-4736.288 2898.973 1 1.18 60 60 3600
-4777.608 -2417.536 1 0.89 60 60 3600
-3957.141 1763.108 1 1.73 60 60 3600
-63.342 104.786 1 0.22 60 60 3600
2114.655 1913.346 1 0.89 60 60 3600
1592.380 -3438.474 1 0.77 60 60 3600
-927.738 1332.545 1 1.36 60 60 3600
21.315 -2041.264 1 1.07 60 60 3600
2299.507 -2599.656 1 0.93 60 60 3600
-4104.112 4387.667 1 1.84 60 60 3600
-3285.090 4959.306 1 0.23 60 60 3600
1768.492 -1443.642 1 1.43 60 60 3600
-3655.541 -137.736 1 1.26 60 60 3600
-4144.305 4965.963 1 0.31 60 60 3600
-3554.910 -1027.495 1 1.03 60 60 3600
-4209.523 3318.638 1 0.36 60 60 3600
555.666 -2042.254 1 0.75 60 60 3600
1404.073 -4286.583 1 1.73 60 60 3600
-2950.846 1124.510 1 0.67 60 60 3600
2151.071 778.071 1 0.52 60 60 3600
-3122.208 1969.340 1 0.47 60 60 3600
-1575.482 3816.751 1 1.95 60 60 3600
-1842.372 589.473 1 1.37 60 60 3600
2150.187 -3518.168 1 0.41 60 60 3600
1328.089 2924.710 1 0.29 60 60 3600
-24.838 2395.094 1 1.83 60 60 3600
970.909 1911.498 1 0.51 60 60 3600
-4525.590 749.751 1 1.54 60 60 3600
-2490.469 4808.824 1 0.22 60 60 3600
-4259.568 -2885.259 1 1.26 60 60 3600
-1092.293 603.900 1 0.86 60 60 3600
-1415.968 -3512.691 1 1.15 60 60 3600
-4211.654 -2265.006 1 0.47 60 60 3600
805.606 -901.169 1 0.75 60 60 3600
-2688.830 4126.065 1 1.03 60 60 3600
-215.655 -3195.619 1 1.74 60 60 3600
3129.441 767.574 1 0.38 60 60 3600
515.572 2813.168 1 0.59 60 60 3600
4702.263 -2011.797 1 0.91 60 60 3600
-4873.303 -4230.995 1 0.37 60 60 3600
-3713.947 -3796.969 1 1.95 60 60 3600
-3219.492 -4851.081 1 0.96 60 60 3600
3347.580 -3243.553 1 0.57 60 60 3600
-2818.898 2701.670 1 0.23 60 60 3600
-2820.618 -1098.038 1 0.79 60 60 3600
-512.714 623.860 1 1.40 60 60 3600
-4884.921 291.903 1 0.68 60 60 3600
3705.130 -4132.443 1 1.51 60 60 3600
2872.217 -2562.375 1 1.30 60 60 3600
-3040.513 239.605 1 0.25 60 60 3600
2025.062 -386.269 1 0.33 60 60 3600
1585.968 -2552.178 1 0.67 60 60 3600
-3314.989 -4279.386 1 0.64 60 60 3600
2295.412 -4529.221 1 1.31 60 60 3600
-4668.809 2392.590 1 1.90 60 60 3600
66.117 -4185.009 1 0.77 60 60 3600
-1739.725 1832.828 1 0.52 60 60 3600
-901.903 2219.487 1 1.15 60 60 3600
561.538 771.804 1 1.86 60 60 3600
-3782.038 2896.602 1 0.35 60 60 3600
2873.765 -4896.577 1 0.87 60 60 3600
-3590.895 4058.881 1 0.32 60 60 3600
-2729.881 -4397.763 1 1.48 60 60 3600
-738.106 -2070.697 1 0.57 60 60 3600
-1950.464 2387.235 1 1.40 60 60 3600
-1156.425 -3010.360 1 0.59 60 60 3600
-1716.124 -479.277 1 1.66 60 60 3600
-1718.779 -1048.345 1 0.21 60 60 3600
3164.443 -4034.192 1 1.04 60 60 3600
2103.847 -1819.503 1 0.53 60 60 3600
244.338 1869.408 1 0.44 60 60 3600
-2280.384 -1002.949 1 1.13 60 60 3600
-4410.535 -3376.213 1 1.94 60 60 3600
-1440.868 2399.503 1 1.61 60 60 3600
2298.977 -862.051 1 1.11 60 60 3600
3203.768 -1846.409 1 0.51 60 60 3600
4365.234 -716.545 1 0.76 60 60 3600
625.784 -4210.301 1 1.77 60 60 3600
-1093.000 -1179.614 1 1.77 60 60 3600
-356.587 -930.034 1 0.60 60 60 3600
-1868.873 4946.682 1 1.27 60 60 3600
-2186.509 973.237 1 0.87 60 60 3600
1011.315 269.439 1 1.46 60 60 3600
-2615.376 -350.380 1 1.99 60 60 3600
2525.180 -4036.719 1 0.48 60 60 3600
-3869.242 -3299.937 1 0.65 60 60 3600
-4596.956 1445.190 1 0.70 60 60 3600
1342.056 -2000.888 1 0.47 60 60 3600
-3949.108 1193.762 1 1.01 60 60 3600
-15.963 1070.887 1 1.48 60 60 3600
4138.252 -1482.192 1 0.69 60 60 3600
-4332.217 -1597.008 1 1.78 60 60 3600
-3569.636 2320.521 1 0.79 60 60 3600
2472.677 -3087.104 1 1.52 60 60 3600
-2921.893 3277.060 1 0.79 60 60 3600
1606.535 133.784 1 0.58 60 60 3600
571.951 -3402.618 1 1.41 60 60 3600
-2176.117 4114.966 1 1.48 60 60 3600
222.441 -438.456 1 0.66 60 60 3600
-3525.281 3335.871 1 1.63 60 60 3600
