INSTANCE_FILE: big_instance/200.30.3.txt
INSTANCE_BASE: 200.30.3
SOLVER: heavy
TRAFFIC: heavy
SIGMA: 0.6,0.4,0.5,0.6,0.4,0.5,0.6,0.4,0.5,0.6,0.4,0.5
RUN: 2
---SOLVER OUTPUT---
Initial solution cost: 40288.816094
Improved solution cost: 24384.376431
Worst solution cost: 24384.376431
Mean solution cost: 24384.376431
Mean elapsed time: 1603.756462 seconds
Final solution feasibility: FEASIBLE
Solution Details:
Truck Routes:
Truck 1: 0 51 39 95 0 158 10 173 0 35 0 20 163 144 0 |Truck Time: 24305.993231|24305.993231,0.000000,0.000000,0.000000
Truck 2: 0 172 36 68 0 166 136 175 1 0 24 72 0 22 67 49 167 162 98 174 0 |Truck Time: 24384.376431|24384.376431,0.000000,0.000000,0.000000
Truck 3: 0 3 4 47 0 45 134 188 138 46 0 83 198 130 170 0 86 142 9 8 0 |Truck Time: 24188.006878|24188.006878,0.000000,0.000000,0.000000
Truck 4: 0 7 93 0 125 89 76 0 80 112 73 117 55 71 0 108 90 181 123 0 116 178 0 |Truck Time: 24279.485227|24279.485227,0.000000,0.000000,0.000000
Truck 5: 0 171 143 52 0 103 176 0 78 84 96 114 34 124 0 61 128 94 0 187 194 16 102 0 |Truck Time: 24384.014434|24384.014434,0.000000,0.000000,0.000000
Truck 6: 0 6 145 152 0 62 42 140 101 161 28 0 199 191 186 182 133 0 41 104 0 131 179 65 17 0 |Truck Time: 24306.281724|24306.281724,0.000000,0.000000,0.000000
Drone Routes:
Drone 1: 0 32 5 180 0 92 122 0 11 0 160 0 29 0 14 147 0 88 0 146 0 63 26 0 119 200 0 2 12 0 137 79 0 25 23 0 120 70 0 |Drone Time: 24313.096897|24313.096897,0.000000,0.000000,0.000000
Drone 2: 0 115 0 126 0 87 0 60 0 44 0 139 196 66 0 40 74 81 0 18 197 0 38 192 132 183 0 31 48 109 0 118 113 0 111 30 0 129 0 99 59 0 |Drone Time: 24366.289540|24366.289540,0.000000,0.000000,0.000000
Drone 3: 0 33 151 135 184 0 164 0 165 82 0 127 54 0 148 0 97 0 177 0 189 155 150 0 154 13 0 85 27 0 195 168 157 0 107 53 185 0 105 0 21 15 153 0 |Drone Time: 24379.416691|24379.416691,0.000000,0.000000,0.000000
Drone 4: 0 64 0 149 0 19 100 43 0 106 0 121 0 77 0 58 0 69 0 57 91 190 169 159 50 0 56 141 0 110 0 75 0 193 156 37 0 |Drone Time: 24331.424682|24331.424682,0.000000,0.000000,0.000000
Total validation: Makespan=24384.376431, Deadline violation=0.000000, Energy violation=0.000000, Capacity violation=0.000000
