INSTANCE_FILE: big_instance/200.40.2.txt
INSTANCE_BASE: 200.40.2
SOLVER: heavy
TRAFFIC: heavy
SIGMA: 0.6,0.4,0.5,0.6,0.4,0.5,0.6,0.4,0.5,0.6,0.4,0.5
RUN: 4
---SOLVER OUTPUT---
Initial solution cost: 57343.130625
Improved solution cost: 39151.487921
Worst solution cost: 39151.487921
Mean solution cost: 39151.487921
Mean elapsed time: 7693.625124 seconds
Final solution feasibility: FEASIBLE
Solution Details:
Truck Routes:
Truck 1: 0 88 0 178 7 0 36 0 51 0 102 0 133 0 |Truck Time: 35674.084464|35674.084464,0.000000,0.000000,0.000000
Truck 2: 0 9 42 0 167 99 19 0 41 0 97 175 153 0 77 0 45 115 63 0 |Truck Time: 36081.617602|36081.617602,0.000000,0.000000,0.000000
Truck 3: 0 3 179 0 73 91 14 0 127 123 163 0 122 12 25 0 95 0 59 0 184 0 |Truck Time: 36831.454024|36831.454024,0.000000,0.000000,0.000000
Truck 4: 0 39 24 159 134 0 107 188 44 0 43 96 54 0 187 0 |Truck Time: 22316.545825|22316.545825,0.000000,0.000000,0.000000
Truck 5: 0 174 69 101 192 0 78 116 148 40 0 200 38 0 157 8 70 0 68 139 29 2 0 55 0 |Truck Time: 38518.675828|38518.675828,0.000000,0.000000,0.000000
Truck 6: 0 194 17 34 92 0 128 170 5 52 0 108 161 173 0 151 93 0 30 0 |Truck Time: 33633.111230|33633.111230,0.000000,0.000000,0.000000
Drone Routes:
Drone 1: 0 138 146 75 182 126 0 60 0 37 189 169 0 121 199 0 164 0 74 154 0 67 0 112 0 190 0 64 27 0 65 183 110 0 144 81 0 117 61 0 181 0 197 125 0 62 79 0 |Drone Time: 39151.487921|39151.487921,0.000000,0.000000,0.000000
Drone 2: 0 132 0 23 0 32 0 130 0 111 0 10 0 166 0 150 71 58 0 66 53 57 0 22 0 143 0 47 0 177 0 11 0 180 0 15 0 129 193 0 149 0 105 86 0 100 0 |Drone Time: 39137.037500|39137.037500,0.000000,0.000000,0.000000
Drone 3: 0 89 0 82 0 136 0 195 87 185 0 196 18 158 0 160 0 46 0 103 0 72 0 20 0 140 0 56 104 16 0 85 0 152 198 0 6 147 0 145 120 0 83 0 162 172 0 124 119 0 |Drone Time: 39145.083415|39145.083415,0.000000,0.000000,0.000000
Drone 4: 0 113 84 0 156 31 0 155 0 168 0 1 13 0 165 0 131 141 0 135 0 191 50 171 21 4 49 118 0 80 90 48 0 94 0 106 76 0 114 0 186 0 28 0 109 0 33 142 0 137 35 26 0 98 176 0 |Drone Time: 39138.963989|39138.963989,0.000000,0.000000,0.000000
Total validation: Makespan=39151.487921, Deadline violation=0.000000, Energy violation=0.000000, Capacity violation=0.000000
