INSTANCE_FILE: big_instance/200.30.4.txt
INSTANCE_BASE: 200.30.4
SOLVER: heavy
TRAFFIC: heavy
SIGMA: 0.6,0.4,0.5,0.6,0.4,0.5,0.6,0.4,0.5,0.6,0.4,0.5
RUN: 3
---SOLVER OUTPUT---
Initial solution cost: 40167.507379
Improved solution cost: 23680.357131
Worst solution cost: 23680.357131
Mean solution cost: 23680.357131
Mean elapsed time: 1206.879527 seconds
Final solution feasibility: FEASIBLE
Solution Details:
Truck Routes:
Truck 1: 0 96 8 132 0 48 145 98 177 0 174 0 131 62 0 |Truck Time: 23676.532001|23676.532001,0.000000,0.000000,0.000000
Truck 2: 0 64 104 0 60 18 17 185 0 83 71 170 119 84 31 25 0 199 80 0 120 86 28 117 126 0 |Truck Time: 23665.919651|23665.919651,0.000000,0.000000,0.000000
Truck 3: 0 10 101 73 0 121 149 195 0 194 114 67 161 168 41 175 124 151 0 123 97 159 87 0 77 5 61 166 0 |Truck Time: 23675.277974|23675.277974,0.000000,0.000000,0.000000
Truck 4: 0 89 143 125 157 0 36 107 0 127 35 171 53 23 0 184 0 179 74 102 109 0 |Truck Time: 23667.642282|23667.642282,0.000000,0.000000,0.000000
Truck 5: 0 20 24 190 4 0 197 137 0 54 13 11 22 0 47 0 19 29 191 46 0 |Truck Time: 23657.441147|23657.441147,0.000000,0.000000,0.000000
Truck 6: 0 56 95 156 0 26 50 0 43 138 122 37 198 0 118 173 33 40 0 155 3 0 |Truck Time: 23587.429751|23587.429751,0.000000,0.000000,0.000000
Drone Routes:
Drone 1: 0 52 108 14 0 192 111 30 200 0 65 0 146 34 160 0 103 130 183 100 0 140 115 0 49 0 153 0 154 88 0 21 150 0 165 193 182 0 81 7 0 106 186 0 |Drone Time: 23673.551440|23673.551440,0.000000,0.000000,0.000000
Drone 2: 0 134 0 12 0 68 0 76 0 180 0 113 15 0 6 0 55 78 142 0 189 85 27 0 94 0 176 0 196 0 79 112 0 39 91 0 188 163 0 |Drone Time: 23673.364912|23673.364912,0.000000,0.000000,0.000000
Drone 3: 0 162 0 69 90 38 0 42 169 72 139 0 45 0 105 0 66 0 144 0 1 92 172 0 9 0 147 187 0 158 2 0 57 128 0 44 136 0 |Drone Time: 23680.357131|23680.357131,0.000000,0.000000,0.000000
Drone 4: 0 51 32 0 16 0 58 178 110 0 63 0 133 164 0 99 0 148 75 152 0 70 135 0 116 0 129 82 141 0 181 59 0 167 0 93 0 |Drone Time: 23658.073151|23658.073151,0.000000,0.000000,0.000000
Total validation: Makespan=23680.357131, Deadline violation=0.000000, Energy violation=0.000000, Capacity violation=0.000000
