INSTANCE_FILE: big_instance/200.10.3.txt
INSTANCE_BASE: 200.10.3
SOLVER: light
TRAFFIC: light
SIGMA: 0.9,0.7,0.8,0.9,0.7,0.8,0.9,0.7,0.8,0.9,0.7,0.8
RUN: 1
---SOLVER OUTPUT---
Initial solution cost: 8028.301096
Improved solution cost: 3554.799660
Worst solution cost: 3554.799660
Mean solution cost: 3554.799660
Mean elapsed time: 1718.850479 seconds
Final solution feasibility: FEASIBLE
Solution Details:
Truck Routes:
Truck 1: 0 154 101 24 88 9 71 157 166 195 72 114 92 85 8 180 162 41 125 46 193 96 0 |Truck Time: 3550.714390|3550.714390,0.000000,0.000000,0.000000
Truck 2: 0 23 5 69 100 42 171 130 68 112 170 45 188 198 156 134 36 155 59 190 65 186 2 0 |Truck Time: 3499.001340|3499.001340,0.000000,0.000000,0.000000
Truck 3: 0 26 102 108 121 136 55 87 90 129 181 54 174 10 168 74 34 91 99 110 127 150 123 149 0 |Truck Time: 3554.039482|3554.039482,0.000000,0.000000,0.000000
Truck 4: 0 148 13 133 1 14 184 84 103 118 122 161 120 117 83 82 80 140 97 132 58 17 0 172 93 0 |Truck Time: 3549.463521|3549.463521,0.000000,0.000000,0.000000
Truck 5: 0 27 79 137 86 77 106 39 0 16 142 70 33 21 124 40 6 15 107 199 182 81 169 104 194 4 0 |Truck Time: 3553.676790|3553.676790,0.000000,0.000000,0.000000
Truck 6: 0 20 175 126 185 200 66 50 7 143 25 89 128 35 153 197 38 191 63 115 22 0 |Truck Time: 3554.799660|3554.799660,0.000000,0.000000,0.000000
Drone Routes:
Drone 1: 0 11 119 94 53 0 177 164 179 138 192 0 116 109 44 95 0 62 144 0 57 30 176 183 0 |Drone Time: 3548.896636|3548.896636,0.000000,0.000000,0.000000
Drone 2: 0 145 29 146 0 105 60 189 48 28 51 0 152 19 147 32 0 76 111 78 0 |Drone Time: 3487.526677|3487.526677,0.000000,0.000000,0.000000
Drone 3: 0 67 64 18 0 139 73 31 0 165 167 0 49 196 12 0 160 98 0 |Drone Time: 3538.082606|3538.082606,0.000000,0.000000,0.000000
Drone 4: 0 56 52 37 159 163 113 178 135 0 173 43 151 0 158 75 131 0 3 47 61 0 141 187 0 |Drone Time: 3548.461840|3548.461840,0.000000,0.000000,0.000000
Total validation: Makespan=3554.799660, Deadline violation=0.000000, Energy violation=0.000000, Capacity violation=0.000000
