trucks_count 1
drones_count 1
customers 100
depot 0 0
Coordinate X Coordinate Y Dronable Demand
X Y Dronable Demand Drone_service Truck_service Lw
-2176.117 4114.966 1 1.72 60 60 3600
4686.975 -3822.606 1 0.22 60 60 3600
-4716.958 3258.336 1 1.01 60 60 3600
1942.701 274.760 1 0.64 60 60 3600
406.918 -4251.066 1 0.27 60 60 3600
255.593 2748.969 1 0.91 60 60 3600
-3019.322 -4289.360 1 1.40 60 60 3600
789.165 1229.318 1 1.58 60 60 3600
-4782.680 -3443.617 1 0.42 60 60 3600
4046.881 -4142.139 1 1.90 60 60 3600
2533.535 -4500.712 1 1.01 60 60 3600
2965.572 -3959.396 1 1.55 60 60 3600
2150.187 -3518.168 1 1.77 60 60 3600
-3522.548 3819.601 1 1.82 60 60 3600
-15.963 1070.887 1 1.34 60 60 3600
-663.769 -681.596 1 0.76 60 60 3600
1416.747 -51.374 1 1.35 60 60 3600
-739.561 -1529.080 1 1.54 60 60 3600
571.951 -3402.618 1 0.25 60 60 3600
2670.883 -1435.393 1 0.71 60 60 3600
391.049 -4873.723 1 1.51 60 60 3600
214.325 25.125 1 1.22 60 60 3600
-4194.859 3823.942 1 1.32 60 60 3600
-2555.308 654.428 1 0.63 60 60 3600
-3349.056 3171.318 1 0.98 60 60 3600
2290.289 -2021.326 1 1.97 60 60 3600
-2717.275 -1677.080 1 1.60 60 60 3600
-4382.143 2134.205 1 0.87 60 60 3600
722.294 -710.018 1 1.46 60 60 3600
-4024.932 720.040 1 1.56 60 60 3600
-3540.298 -2747.867 1 1.61 60 60 3600
-3592.739 -3443.595 1 0.24 60 60 3600
3129.441 767.574 1 1.55 60 60 3600
-1400.971 818.859 1 0.78 60 60 3600
-1527.354 4264.413 1 1.31 60 60 3600
-1403.320 1674.442 1 0.99 60 60 3600
1342.056 -2000.888 1 1.03 60 60 3600
-839.340 143.647 1 1.47 60 60 3600
2520.971 -546.837 1 0.47 60 60 3600
-3557.259 4850.368 1 0.95 60 60 3600
-4332.217 -1597.008 1 0.56 60 60 3600
683.629 3128.459 1 0.99 60 60 3600
-4126.227 4615.127 1 1.30 60 60 3600
-2804.457 1991.259 1 1.86 60 60 3600
-235.411 -3561.116 1 1.53 60 60 3600
-3957.141 1763.108 1 1.98 60 60 3600
-3183.513 -2011.141 1 0.75 60 60 3600
-4994.832 -124.489 1 0.33 60 60 3600
555.666 -2042.254 1 0.42 60 60 3600
-1868.873 4946.682 1 1.41 60 60 3600
-168.764 -2413.963 1 1.81 60 60 3600
4548.703 -2526.641 1 1.71 60 60 3600
521.579 2073.469 1 1.17 60 60 3600
-3670.651 -4390.984 1 1.24 60 60 3600
-3007.641 4850.491 1 0.77 60 60 3600
1322.227 -3908.145 1 2.00 60 60 3600
335.470 -1311.094 1 1.45 60 60 3600
-2308.268 1383.596 1 1.00 60 60 3600
-4209.523 3318.638 1 1.04 60 60 3600
4899.679 -4446.510 1 1.86 60 60 3600
1585.968 -2552.178 1 0.25 60 60 3600
-1603.479 2928.306 1 0.23 60 60 3600
-4844.838 4112.651 1 0.33 60 60 3600
-2941.940 -3469.121 1 0.76 60 60 3600
1011.315 269.439 1 1.99 60 60 3600
-2077.097 23.244 1 0.65 60 60 3600
-2109.341 2953.616 1 1.13 60 60 3600
2299.507 -2599.656 1 0.86 60 60 3600
-1314.131 -210.517 1 1.65 60 60 3600
4261.953 -1947.109 1 0.96 60 60 3600
1262.211 -1112.888 1 0.32 60 60 3600
1900.726 2182.362 1 1.44 60 60 3600
-2950.846 1124.510 1 0.84 60 60 3600
3352.838 -3030.431 1 0.94 60 60 3600
-2979.051 3952.005 1 1.07 60 60 3600
1079.365 2136.832 1 1.47 60 60 3600
-4.583 561.654 1 0.31 60 60 3600
-4976.964 -1982.194 1 1.67 60 60 3600
2872.217 -2562.375 1 1.18 60 60 3600
-2176.522 -1398.691 1 0.41 60 60 3600
-3421.086 32.082 1 1.33 60 60 3600
4667.884 -1372.175 1 1.59 60 60 3600
-1806.403 1256.157 1 0.60 60 60 3600
1181.617 3062.079 1 0.70 60 60 3600
1842.029 -1206.141 1 0.79 60 60 3600
-1673.592 -1345.080 1 0.21 60 60 3600
-2764.872 4.144 1 1.40 60 60 3600
-4211.654 -2265.006 1 1.29 60 60 3600
-980.480 -2714.772 1 0.65 60 60 3600
-4275.807 217.185 1 0.29 60 60 3600
-1950.464 2387.235 1 1.22 60 60 3600
1592.380 -3438.474 1 1.30 60 60 3600
-2818.898 2701.670 1 0.24 60 60 3600
-1286.737 -3247.639 1 1.24 60 60 3600
-423.661 1547.426 1 1.09 60 60 3600
-4834.684 1400.472 1 0.39 60 60 3600
-3782.038 2896.602 1 0.27 60 60 3600
4365.234 -716.545 1 1.69 60 60 3600
2025.062 -386.269 1 1.37 60 60 3600
3617.047 -1454.741 1 1.86 60 60 3600
