trucks_count 1
drones_count 1
customers 100
depot 0 0
Coordinate X Coordinate Y Dronable Demand
X Y Dronable Demand Drone_service Truck_service Lw
1322.227 -3908.145 1 1.53 60 60 3600
-927.738 1332.545 1 0.41 60 60 3600
-1150.554 -680.566 1 0.91 60 60 3600
-66.917 -376.952 1 1.45 60 60 3600
1634.304 -682.202 1 0.29 60 60 3600
3024.965 -4630.545 1 0.59 60 60 3600
-2077.097 23.244 1 0.79 60 60 3600
-2717.275 -1677.080 1 0.46 60 60 3600
-4332.217 -1597.008 1 1.94 60 60 3600
594.700 -4498.797 1 1.70 60 60 3600
-3670.651 -4390.984 1 1.71 60 60 3600
-4873.303 -4230.995 1 0.36 60 60 3600
-4634.223 4800.252 1 1.84 60 60 3600
-168.764 -2413.963 1 0.20 60 60 3600
345.104 762.787 1 0.25 60 60 3600
1842.029 -1206.141 1 0.90 60 60 3600
-2555.308 654.428 1 1.09 60 60 3600
-850.938 -2555.896 1 1.87 60 60 3600
-4503.205 -2345.423 1 1.43 60 60 3600
571.951 -3402.618 1 1.78 60 60 3600
-2979.051 3952.005 1 0.40 60 60 3600
1328.089 2924.710 1 0.79 60 60 3600
683.629 3128.459 1 1.74 60 60 3600
-240.400 -1804.520 1 0.53 60 60 3600
4260.374 -1206.508 1 0.79 60 60 3600
2151.071 778.071 1 0.25 60 60 3600
2533.535 -4500.712 1 1.58 60 60 3600
-1652.376 1540.980 1 0.94 60 60 3600
-4252.954 -660.974 1 0.81 60 60 3600
2472.677 -3087.104 1 1.03 60 60 3600
-2157.410 2325.864 1 1.76 60 60 3600
1079.365 2136.832 1 1.13 60 60 3600
-2308.268 1383.596 1 1.28 60 60 3600
4686.975 -3822.606 1 1.00 60 60 3600
-4984.721 3470.546 1 0.49 60 60 3600
-2490.469 4808.824 1 1.37 60 60 3600
668.716 -54.424 1 1.64 60 60 3600
-3036.480 -4668.460 1 1.09 60 60 3600
-3403.762 -283.643 1 1.02 60 60 3600
-2998.319 4624.600 1 0.88 60 60 3600
-3799.737 4456.173 1 0.46 60 60 3600
-3366.889 -3556.284 1 1.20 60 60 3600
-1587.548 -314.279 1 1.63 60 60 3600
-4060.464 137.870 1 1.09 60 60 3600
-2590.341 -1087.084 1 1.35 60 60 3600
-4697.576 1222.104 1 1.79 60 60 3600
-4736.600 2201.999 1 1.48 60 60 3600
1099.256 706.437 1 0.21 60 60 3600
-2826.909 -515.994 1 0.41 60 60 3600
3352.838 -3030.431 1 0.47 60 60 3600
-3627.668 2059.965 1 1.56 60 60 3600
-3401.683 2876.397 1 0.47 60 60 3600
442.731 -2663.943 1 1.92 60 60 3600
-1603.479 2928.306 1 1.05 60 60 3600
-1879.442 4637.090 1 1.07 60 60 3600
1555.352 -2918.532 1 0.52 60 60 3600
-2694.338 2399.792 1 0.59 60 60 3600
-2298.104 2860.000 1 1.15 60 60 3600
3891.066 -2261.321 1 0.50 60 60 3600
407.292 1543.530 1 1.77 60 60 3600
-4371.490 -3702.570 1 0.91 60 60 3600
-4498.559 3275.892 1 1.14 60 60 3600
-3977.500 -2247.295 1 0.95 60 60 3600
-3355.239 -919.704 1 1.60 60 60 3600
2290.289 -2021.326 1 0.81 60 60 3600
3705.130 -4132.443 1 0.42 60 60 3600
2298.977 -862.051 1 0.65 60 60 3600
4548.703 -2526.641 1 1.80 60 60 3600
1592.380 -3438.474 1 0.78 60 60 3600
-4.640 -2898.244 1 1.22 60 60 3600
-1092.293 603.900 1 0.82 60 60 3600
1115.593 -840.188 1 0.82 60 60 3600
1808.950 2420.052 1 1.87 60 60 3600
-739.561 -1529.080 1 0.98 60 60 3600
-1856.713 967.293 1 1.74 60 60 3600
-4167.901 1932.092 1 0.89 60 60 3600
-3234.322 1535.793 1 0.85 60 60 3600
-4919.580 -1317.194 1 1.56 60 60 3600
-1156.425 -3010.360 1 1.18 60 60 3600
2965.572 -3959.396 1 0.99 60 60 3600
-4976.964 -1982.194 1 1.00 60 60 3600
-512.714 623.860 1 1.37 60 60 3600
-4194.859 3823.942 1 1.11 60 60 3600
3948.827 -2836.667 1 1.71 60 60 3600
-3522.548 3819.601 1 1.12 60 60 3600
1789.214 -4419.604 1 1.13 60 60 3600
-1575.482 3816.751 1 0.48 60 60 3600
-1563.998 -1520.230 1 1.67 60 60 3600
-839.340 143.647 1 1.41 60 60 3600
521.579 2073.469 1 1.34 60 60 3600
-3137.579 -2345.535 1 1.84 60 60 3600
-4779.645 -3069.382 1 1.46 60 60 3600
-1912.261 3331.752 1 0.50 60 60 3600
-1440.868 2399.503 1 0.32 60 60 3600
-4525.590 749.751 1 1.30 60 60 3600
-2176.117 4114.966 1 1.87 60 60 3600
1136.493 -4687.385 1 0.81 60 60 3600
-356.587 -930.034 1 1.05 60 60 3600
2174.984 -3984.878 1 1.22 60 60 3600
1242.247 1238.012 1 0.53 60 60 3600
