INSTANCE_FILE: big_instance/200.40.3.txt
INSTANCE_BASE: 200.40.3
SOLVER: light
TRAFFIC: light
SIGMA: 0.9,0.7,0.8,0.9,0.7,0.8,0.9,0.7,0.8,0.9,0.7,0.8
RUN: 3
---SOLVER OUTPUT---
Initial solution cost: 42296.819653
Improved solution cost: 22218.638501
Worst solution cost: 22218.638501
Mean solution cost: 22218.638501
Mean elapsed time: 2482.309587 seconds
Final solution feasibility: FEASIBLE
Solution Details:
Truck Routes:
Truck 1: 0 192 193 138 196 0 22 33 183 41 40 25 0 68 90 176 63 0 89 4 126 125 0 |Truck Time: 22199.334957|22199.334957,0.000000,0.000000,0.000000
Truck 2: 0 96 170 190 0 14 197 6 91 169 7 10 70 0 86 18 154 191 152 0 112 78 72 105 135 0 |Truck Time: 22218.638501|22218.638501,0.000000,0.000000,0.000000
Truck 3: 0 104 188 66 113 132 0 71 198 148 94 120 0 92 140 181 165 159 0 60 168 24 0 62 114 43 42 11 97 0 |Truck Time: 22216.782435|22216.782435,0.000000,0.000000,0.000000
Truck 4: 0 115 182 187 158 57 149 0 150 127 87 80 175 189 161 0 45 98 37 61 56 1 0 109 21 166 2 144 0 180 59 20 0 |Truck Time: 21956.833708|21956.833708,0.000000,0.000000,0.000000
Truck 5: 0 31 194 167 75 0 48 82 153 0 121 65 178 185 46 133 44 0 129 55 124 0 |Truck Time: 22127.330082|22127.330082,0.000000,0.000000,0.000000
Truck 6: 0 151 39 84 0 77 177 171 88 23 128 0 26 34 184 64 0 29 103 106 32 93 142 0 |Truck Time: 22197.096249|22197.096249,0.000000,0.000000,0.000000
Drone Routes:
Drone 1: 0 73 15 134 160 52 0 174 199 111 0 146 0 155 0 85 173 0 107 143 0 58 0 122 0 116 130 0 |Drone Time: 22190.835069|22190.835069,0.000000,0.000000,0.000000
Drone 2: 0 110 13 137 8 0 195 0 49 0 147 30 0 108 0 156 83 0 186 17 0 102 0 27 35 0 3 79 0 |Drone Time: 22211.164617|22211.164617,0.000000,0.000000,0.000000
Drone 3: 0 200 100 16 0 81 139 0 74 0 12 28 0 145 47 0 163 162 0 136 36 76 0 117 157 0 5 0 |Drone Time: 22207.685672|22207.685672,0.000000,0.000000,0.000000
Drone 4: 0 172 95 179 118 0 53 50 101 119 0 141 38 19 0 99 0 123 0 131 69 0 9 0 54 0 164 67 0 51 0 |Drone Time: 22216.687696|22216.687696,0.000000,0.000000,0.000000
Total validation: Makespan=22218.638501, Deadline violation=0.000000, Energy violation=0.000000, Capacity violation=0.000000
