INSTANCE_FILE: big_instance/200.10.1.txt
INSTANCE_BASE: 200.10.1
SOLVER: heavy
TRAFFIC: heavy
SIGMA: 0.6,0.4,0.5,0.6,0.4,0.5,0.6,0.4,0.5,0.6,0.4,0.5
RUN: 1
---SOLVER OUTPUT---
Initial solution cost: 11150.534892
Improved solution cost: 5425.193872
Worst solution cost: 5425.193872
Mean solution cost: 5425.193872
Mean elapsed time: 1642.550105 seconds
Final solution feasibility: FEASIBLE
Solution Details:
Truck Routes:
Truck 1: 0 154 125 59 115 65 198 52 49 143 60 14 0 53 190 152 167 139 73 50 29 0 |Truck Time: 5408.653585|5408.653585,0.000000,0.000000,0.000000
Truck 2: 0 136 156 159 92 133 12 91 107 17 76 104 28 160 95 6 72 56 0 153 169 42 131 15 161 0 |Truck Time: 5286.529345|5286.529345,0.000000,0.000000,0.000000
Truck 3: 0 135 158 82 187 74 36 164 116 128 43 188 113 100 75 46 140 132 0 105 183 178 62 86 18 0 |Truck Time: 5413.908774|5413.908774,0.000000,0.000000,0.000000
Truck 4: 0 109 108 87 186 142 70 150 57 68 0 94 149 98 45 37 184 25 155 129 0 |Truck Time: 5422.629864|5422.629864,0.000000,0.000000,0.000000
Truck 5: 0 151 166 58 44 41 39 2 157 181 196 148 24 80 0 177 16 120 163 173 89 0 |Truck Time: 5413.880642|5413.880642,0.000000,0.000000,0.000000
Truck 6: 0 81 130 175 117 22 137 69 124 0 85 78 30 122 111 9 197 126 11 21 51 171 180 0 |Truck Time: 5425.193872|5425.193872,0.000000,0.000000,0.000000
Drone Routes:
Drone 1: 0 185 0 71 93 138 63 0 67 103 40 0 38 145 176 84 0 110 134 0 147 83 0 31 144 0 27 118 0 |Drone Time: 5416.019371|5416.019371,0.000000,0.000000,0.000000
Drone 2: 0 193 23 141 0 170 102 127 0 96 88 174 172 0 7 0 146 195 0 189 121 0 194 0 199 1 0 |Drone Time: 5411.569464|5411.569464,0.000000,0.000000,0.000000
Drone 3: 0 179 106 66 99 162 8 35 0 61 114 26 0 90 34 182 0 5 32 119 0 123 0 19 54 0 47 0 168 64 0 |Drone Time: 5416.679546|5416.679546,0.000000,0.000000,0.000000
Drone 4: 0 20 79 97 192 0 3 0 48 55 4 0 77 33 0 112 10 0 101 0 191 200 0 165 13 0 |Drone Time: 5423.085895|5423.085895,0.000000,0.000000,0.000000
Total validation: Makespan=5425.193872, Deadline violation=0.000000, Energy violation=0.000000, Capacity violation=0.000000
