INSTANCE_FILE: big_instance/200.10.3.txt
INSTANCE_BASE: 200.10.3
SOLVER: heavy
TRAFFIC: heavy
SIGMA: 0.6,0.4,0.5,0.6,0.4,0.5,0.6,0.4,0.5,0.6,0.4,0.5
RUN: 1
---SOLVER OUTPUT---
Initial solution cost: 10408.006638
Improved solution cost: 5231.789486
Worst solution cost: 5231.789486
Mean solution cost: 5231.789486
Mean elapsed time: 1418.823190 seconds
Final solution feasibility: FEASIBLE
Solution Details:
Truck Routes:
Truck 1: 0 148 13 133 1 14 184 80 82 117 120 161 122 103 84 199 182 0 183 193 76 0 |Truck Time: 5210.836798|5210.836798,0.000000,0.000000,0.000000
Truck 2: 0 12 188 73 171 130 68 112 170 198 95 197 38 191 63 22 0 93 77 86 26 79 27 0 |Truck Time: 5198.391018|5198.391018,0.000000,0.000000,0.000000
Truck 3: 0 158 8 154 101 24 88 9 157 71 114 92 56 85 162 144 75 0 192 149 123 150 102 108 0 |Truck Time: 5205.130413|5205.130413,0.000000,0.000000,0.000000
Truck 4: 0 143 25 7 50 66 200 185 91 99 127 0 55 141 165 173 43 167 20 106 39 0 |Truck Time: 5149.434505|5149.434505,0.000000,0.000000,0.000000
Truck 5: 0 5 65 190 69 42 100 155 59 18 36 47 3 23 11 0 96 104 160 17 186 2 0 |Truck Time: 5212.066514|5212.066514,0.000000,0.000000,0.000000
Truck 6: 0 16 46 41 172 0 136 175 87 90 129 181 54 168 74 34 126 67 137 0 |Truck Time: 5215.883113|5215.883113,0.000000,0.000000,0.000000
Drone Routes:
Drone 1: 0 19 147 28 189 60 105 0 134 196 145 0 35 0 21 0 128 0 40 0 57 115 94 0 194 6 0 |Drone Time: 5188.069977|5188.069977,0.000000,0.000000,0.000000
Drone 2: 0 131 52 163 113 159 125 0 107 124 81 0 53 29 31 45 61 0 30 111 78 0 151 0 64 179 110 138 0 166 0 |Drone Time: 5231.789486|5231.789486,0.000000,0.000000,0.000000
Drone 3: 0 51 48 10 174 0 135 178 142 33 98 0 116 44 109 164 0 176 97 132 4 0 70 0 177 89 0 15 0 |Drone Time: 5230.249416|5230.249416,0.000000,0.000000,0.000000
Drone 4: 0 187 62 72 195 37 0 169 118 83 140 0 152 121 32 0 139 146 156 0 180 0 58 0 153 0 49 119 0 |Drone Time: 5226.315638|5226.315638,0.000000,0.000000,0.000000
Total validation: Makespan=5231.789486, Deadline violation=0.000000, Energy violation=0.000000, Capacity violation=0.000000
