INSTANCE_FILE: big_instance/200.20.1.txt
INSTANCE_BASE: 200.20.1
SOLVER: light
TRAFFIC: light
SIGMA: 0.9,0.7,0.8,0.9,0.7,0.8,0.9,0.7,0.8,0.9,0.7,0.8
RUN: 4
---SOLVER OUTPUT---
Initial solution cost: 16759.093786
Improved solution cost: 8011.077904
Worst solution cost: 8011.077904
Mean solution cost: 8011.077904
Mean elapsed time: 1655.170310 seconds
Final solution feasibility: FEASIBLE
Solution Details:
Truck Routes:
Truck 1: 0 161 56 47 199 116 80 71 179 85 46 23 0 61 97 64 135 63 124 170 31 174 0 144 0 |Truck Time: 7915.212022|7915.212022,0.000000,0.000000,0.000000
Truck 2: 0 149 127 133 142 183 104 26 166 0 99 159 87 41 38 103 90 150 65 0 |Truck Time: 8008.159046|8008.159046,0.000000,0.000000,0.000000
Truck 3: 0 89 181 167 83 17 72 98 34 11 139 0 163 24 111 162 182 158 14 101 21 118 35 152 0 |Truck Time: 7989.501196|7989.501196,0.000000,0.000000,0.000000
Truck 4: 0 119 86 186 141 94 194 131 32 95 0 79 9 169 7 16 126 196 121 81 45 0 |Truck Time: 8011.077904|8011.077904,0.000000,0.000000,0.000000
Truck 5: 0 100 67 145 37 13 147 157 168 143 148 192 107 0 49 154 122 48 137 29 69 173 20 188 0 |Truck Time: 8007.784313|8007.784313,0.000000,0.000000,0.000000
Truck 6: 0 6 40 36 110 60 0 3 33 18 175 53 115 0 92 200 2 178 42 51 123 193 0 |Truck Time: 7945.727640|7945.727640,0.000000,0.000000,0.000000
Drone Routes:
Drone 1: 0 50 68 30 191 0 5 177 117 59 0 93 198 55 0 140 109 25 0 12 129 0 151 44 0 4 190 19 0 |Drone Time: 7952.695533|7952.695533,0.000000,0.000000,0.000000
Drone 2: 0 105 102 146 0 73 77 153 108 0 96 74 8 0 155 172 27 130 0 66 106 82 113 0 176 54 0 10 0 |Drone Time: 8005.348867|8005.348867,0.000000,0.000000,0.000000
Drone 3: 0 160 84 52 43 0 70 189 75 136 0 1 58 197 125 0 171 39 15 0 134 184 112 185 0 128 195 0 |Drone Time: 7986.611209|7986.611209,0.000000,0.000000,0.000000
Drone 4: 0 156 180 0 132 0 138 22 165 187 0 88 91 0 62 76 0 57 0 164 120 114 28 78 0 |Drone Time: 7946.583791|7946.583791,0.000000,0.000000,0.000000
Total validation: Makespan=8011.077904, Deadline violation=0.000000, Energy violation=0.000000, Capacity violation=0.000000
