INSTANCE_FILE: big_instance/200.20.2.txt
INSTANCE_BASE: 200.20.2
SOLVER: light
TRAFFIC: light
SIGMA: 0.9,0.7,0.8,0.9,0.7,0.8,0.9,0.7,0.8,0.9,0.7,0.8
RUN: 1
---SOLVER OUTPUT---
Initial solution cost: 17425.702742
Improved solution cost: 7663.067787
Worst solution cost: 7663.067787
Mean solution cost: 7663.067787
Mean elapsed time: 1642.175900 seconds
Final solution feasibility: FEASIBLE
Solution Details:
Truck Routes:
Truck 1: 0 57 122 21 102 73 156 118 166 127 39 185 0 15 179 171 6 8 43 87 25 0 |Truck Time: 7638.499915|7638.499915,0.000000,0.000000,0.000000
Truck 2: 0 55 195 84 144 68 103 112 131 0 74 132 36 99 11 183 48 10 107 109 52 53 72 0 |Truck Time: 7642.867200|7642.867200,0.000000,0.000000,0.000000
Truck 3: 0 50 120 168 123 12 126 124 40 27 192 184 0 32 89 34 90 82 28 191 139 159 94 59 142 0 |Truck Time: 7651.454038|7651.454038,0.000000,0.000000,0.000000
Truck 4: 0 172 77 71 160 119 140 64 41 3 2 0 75 101 96 128 194 164 26 174 114 62 31 91 49 0 |Truck Time: 7596.381408|7596.381408,0.000000,0.000000,0.000000
Truck 5: 0 113 138 145 79 155 98 69 130 1 110 80 0 54 136 198 85 56 88 97 111 78 165 47 0 |Truck Time: 7628.411435|7628.411435,0.000000,0.000000,0.000000
Truck 6: 0 17 104 187 176 197 70 24 143 182 125 147 0 157 5 83 148 117 35 151 137 0 |Truck Time: 7663.067787|7663.067787,0.000000,0.000000,0.000000
Drone Routes:
Drone 1: 0 30 14 7 0 169 180 33 0 67 29 38 0 173 42 0 9 141 0 200 0 |Drone Time: 7655.248029|7655.248029,0.000000,0.000000,0.000000
Drone 2: 0 146 0 162 158 133 135 58 0 45 178 18 181 66 0 161 153 0 150 175 63 108 106 0 51 76 0 81 186 0 |Drone Time: 7576.248807|7576.248807,0.000000,0.000000,0.000000
Drone 3: 0 22 190 177 188 0 167 65 95 0 16 86 100 154 0 60 116 92 61 193 0 46 134 149 0 20 19 0 |Drone Time: 7637.085778|7637.085778,0.000000,0.000000,0.000000
Drone 4: 0 121 37 152 0 44 189 163 0 129 170 23 0 4 115 0 199 13 196 0 93 105 0 |Drone Time: 7630.898403|7630.898403,0.000000,0.000000,0.000000
Total validation: Makespan=7663.067787, Deadline violation=0.000000, Energy violation=0.000000, Capacity violation=0.000000
