INSTANCE_FILE: big_instance/200.10.1.txt
INSTANCE_BASE: 200.10.1
SOLVER: heavy
TRAFFIC: heavy
SIGMA: 0.6,0.4,0.5,0.6,0.4,0.5,0.6,0.4,0.5,0.6,0.4,0.5
RUN: 4
---SOLVER OUTPUT---
Initial solution cost: 11150.534892
Improved solution cost: 5625.025890
Worst solution cost: 5625.025890
Mean solution cost: 5625.025890
Mean elapsed time: 1634.720435 seconds
Final solution feasibility: FEASIBLE
Solution Details:
Truck Routes:
Truck 1: 0 151 58 41 39 2 157 181 196 148 166 194 0 180 126 85 9 111 122 78 30 73 0 |Truck Time: 5619.557860|5619.557860,0.000000,0.000000,0.000000
Truck 2: 0 120 59 115 198 52 0 57 108 142 186 7 10 19 131 0 |Truck Time: 5611.142054|5611.142054,0.000000,0.000000,0.000000
Truck 3: 0 3 14 146 60 143 163 173 15 0 136 92 133 192 12 159 123 121 117 182 175 130 0 |Truck Time: 5535.778812|5535.778812,0.000000,0.000000,0.000000
Truck 4: 0 24 69 13 137 22 34 147 124 0 145 200 190 176 152 139 167 29 51 171 0 |Truck Time: 5622.073339|5622.073339,0.000000,0.000000,0.000000
Truck 5: 0 197 168 33 110 134 107 76 104 6 0 94 149 98 45 37 184 155 169 129 35 0 |Truck Time: 5625.025890|5625.025890,0.000000,0.000000,0.000000
Truck 6: 0 75 67 158 82 187 74 164 116 128 43 188 113 100 135 199 46 140 0 105 183 178 53 174 62 172 86 0 |Truck Time: 5583.724912|5583.724912,0.000000,0.000000,0.000000
Drone Routes:
Drone 1: 0 153 25 31 0 138 93 71 0 11 193 95 118 0 189 170 165 63 44 0 119 32 5 0 56 0 195 89 0 177 154 0 4 0 72 21 0 161 0 |Drone Time: 5610.361248|5610.361248,0.000000,0.000000,0.000000
Drone 2: 0 38 1 61 103 8 0 109 70 0 160 28 0 87 54 0 150 55 48 0 127 102 0 49 0 185 0 |Drone Time: 5623.300618|5623.300618,0.000000,0.000000,0.000000
Drone 3: 0 179 101 66 99 0 36 96 88 0 40 26 114 0 84 50 191 64 0 83 16 42 0 20 156 0 18 0 27 0 |Drone Time: 5580.097499|5580.097499,0.000000,0.000000,0.000000
Drone 4: 0 77 23 141 0 79 97 17 0 47 81 80 0 162 112 125 0 68 144 0 132 0 90 65 106 0 91 0 |Drone Time: 5625.005855|5625.005855,0.000000,0.000000,0.000000
Total validation: Makespan=5625.025890, Deadline violation=0.000000, Energy violation=0.000000, Capacity violation=0.000000
