INSTANCE_FILE: big_instance/200.30.2.txt
INSTANCE_BASE: 200.30.2
SOLVER: heavy
TRAFFIC: heavy
SIGMA: 0.6,0.4,0.5,0.6,0.4,0.5,0.6,0.4,0.5,0.6,0.4,0.5
RUN: 5
---SOLVER OUTPUT---
Initial solution cost: 37146.593154
Improved solution cost: 22434.363190
Worst solution cost: 22434.363190
Mean solution cost: 22434.363190
Mean elapsed time: 1236.655056 seconds
Final solution feasibility: FEASIBLE
Solution Details:
Truck Routes:
Truck 1: 0 86 174 49 0 19 148 0 16 122 179 0 76 0 1 4 102 0 |Truck Time: 22366.647303|22366.647303,0.000000,0.000000,0.000000
Truck 2: 0 57 69 56 0 194 34 11 158 65 0 20 147 140 146 195 0 33 10 183 0 90 0 |Truck Time: 22430.225796|22430.225796,0.000000,0.000000,0.000000
Truck 3: 0 137 125 134 0 46 67 75 0 23 60 14 41 52 31 197 177 0 21 153 129 82 182 40 0 |Truck Time: 22016.011069|22016.011069,0.000000,0.000000,0.000000
Truck 4: 0 48 103 92 107 0 151 35 91 74 5 73 0 142 43 113 155 162 54 0 36 63 45 101 0 |Truck Time: 22402.914387|22402.914387,0.000000,0.000000,0.000000
Truck 5: 0 89 55 68 198 187 0 126 114 190 96 0 72 138 0 160 193 61 112 0 |Truck Time: 22383.778736|22383.778736,0.000000,0.000000,0.000000
Truck 6: 0 116 180 131 77 189 135 0 7 172 171 18 0 188 27 167 80 51 47 0 39 32 186 132 184 169 0 196 161 178 0 |Truck Time: 22337.144036|22337.144036,0.000000,0.000000,0.000000
Drone Routes:
Drone 1: 0 192 64 143 166 120 0 28 156 175 0 94 170 165 0 173 0 145 0 13 0 157 2 0 164 53 0 99 84 0 25 141 0 97 111 0 62 0 |Drone Time: 22434.334196|22434.334196,0.000000,0.000000,0.000000
Drone 2: 0 85 139 87 0 108 130 78 0 26 0 159 0 88 163 121 0 200 0 98 0 136 0 176 0 30 79 0 127 38 0 17 83 0 144 154 0 |Drone Time: 22433.436601|22433.436601,0.000000,0.000000,0.000000
Drone 3: 0 3 104 37 168 0 149 0 110 0 123 199 181 0 133 0 119 0 93 95 59 0 66 0 71 0 124 0 191 0 117 100 0 8 9 0 |Drone Time: 22432.252213|22432.252213,0.000000,0.000000,0.000000
Drone 4: 0 115 152 70 0 50 0 106 42 22 81 0 150 0 29 0 6 0 12 0 44 0 58 0 185 0 24 15 0 118 128 0 105 109 0 |Drone Time: 22434.363190|22434.363190,0.000000,0.000000,0.000000
Total validation: Makespan=22434.363190, Deadline violation=0.000000, Energy violation=0.000000, Capacity violation=0.000000
