trucks_count 1
drones_count 1
customers 100
depot 0 0
Coordinate X Coordinate Y Dronable Demand
X Y Dronable Demand Drone_service Truck_service Lw
1342.056 -2000.888 1 0.79 60 60 3600
-629.214 -3028.104 1 0.43 60 60 3600
407.292 1543.530 1 1.12 60 60 3600
1945.476 2791.416 1 0.98 60 60 3600
-4697.576 1222.104 1 1.90 60 60 3600
317.231 -148.078 1 1.63 60 60 3600
4987.256 -4134.892 1 1.30 60 60 3600
-1515.008 1927.016 1 1.22 60 60 3600
-4410.535 -3376.213 1 0.91 60 60 3600
1136.493 -4687.385 1 1.92 60 60 3600
450.629 955.348 1 0.68 60 60 3600
571.951 -3402.618 1 0.22 60 60 3600
3705.130 -4132.443 1 1.71 60 60 3600
-123.286 -4667.102 1 0.82 60 60 3600
1394.808 3265.383 1 1.30 60 60 3600
2118.199 -1528.513 1 1.42 60 60 3600
-4209.523 3318.638 1 0.60 60 60 3600
-2454.864 -227.738 1 1.25 60 60 3600
-1552.722 4838.335 1 0.21 60 60 3600
-3403.762 -283.643 1 1.77 60 60 3600
-2298.104 2860.000 1 1.10 60 60 3600
4261.953 -1947.109 1 1.56 60 60 3600
1115.593 -840.188 1 0.95 60 60 3600
-3156.441 1763.698 1 0.56 60 60 3600
-2476.054 -2577.526 1 0.62 60 60 3600
-3523.296 -3127.201 1 1.95 60 60 3600
-235.411 -3561.116 1 1.45 60 60 3600
867.898 3233.568 1 0.97 60 60 3600
-2376.234 4267.814 1 1.09 60 60 3600
1173.490 2763.675 1 1.96 60 60 3600
-101.389 1595.405 1 0.25 60 60 3600
2965.572 -3959.396 1 1.84 60 60 3600
599.793 2300.728 1 1.61 60 60 3600
-4740.632 4504.475 1 1.03 60 60 3600
1941.547 1133.783 1 0.71 60 60 3600
2567.758 -1761.761 1 1.40 60 60 3600
1202.828 1970.097 1 1.03 60 60 3600
1322.227 -3908.145 1 0.85 60 60 3600
2533.535 -4500.712 1 1.75 60 60 3600
-3219.492 -4851.081 1 0.98 60 60 3600
-2004.427 1624.660 1 1.67 60 60 3600
-3349.056 3171.318 1 0.92 60 60 3600
1096.741 924.446 1 0.85 60 60 3600
-1873.871 -269.539 1 1.08 60 60 3600
-24.838 2395.094 1 1.16 60 60 3600
1180.214 -190.580 1 0.29 60 60 3600
515.572 2813.168 1 0.27 60 60 3600
2472.677 -3087.104 1 1.28 60 60 3600
2295.672 -459.663 1 1.13 60 60 3600
-3007.641 4850.491 1 1.75 60 60 3600
-3670.651 -4390.984 1 1.22 60 60 3600
-3557.259 4850.368 1 0.27 60 60 3600
1938.710 -3469.544 1 0.41 60 60 3600
-2820.618 -1098.038 1 0.84 60 60 3600
711.034 312.731 1 0.76 60 60 3600
-2717.275 -1677.080 1 1.47 60 60 3600
-663.769 -681.596 1 1.43 60 60 3600
-1420.696 -1711.801 1 1.11 60 60 3600
-1527.354 4264.413 1 0.72 60 60 3600
-1204.969 1073.860 1 0.99 60 60 3600
-3816.230 1916.129 1 1.90 60 60 3600
-914.135 1584.262 1 1.85 60 60 3600
2135.409 -2207.331 1 0.59 60 60 3600
-1856.713 967.293 1 1.33 60 60 3600
-1314.131 -210.517 1 1.89 60 60 3600
-4859.179 1867.048 1 0.88 60 60 3600
1909.985 1924.266 1 0.77 60 60 3600
-4382.143 2134.205 1 1.21 60 60 3600
-1603.479 2928.306 1 1.41 60 60 3600
-2642.137 -4200.772 1 1.14 60 60 3600
490.193 -902.494 1 1.85 60 60 3600
-1951.160 3913.132 1 1.54 60 60 3600
-2176.522 -1398.691 1 1.86 60 60 3600
3033.799 -2952.474 1 0.29 60 60 3600
-850.938 -2555.896 1 0.86 60 60 3600
-3953.681 -3712.266 1 1.48 60 60 3600
442.731 -2663.943 1 0.98 60 60 3600
-1484.267 289.510 1 1.52 60 60 3600
-4827.825 711.012 1 0.62 60 60 3600
-4976.964 -1982.194 1 1.49 60 60 3600
-3583.936 4271.226 1 1.46 60 60 3600
-2157.410 2325.864 1 0.58 60 60 3600
-3509.225 -2050.414 1 1.14 60 60 3600
-4332.217 -1597.008 1 1.84 60 60 3600
-3554.910 -1027.495 1 1.30 60 60 3600
1942.701 274.760 1 1.15 60 60 3600
-839.340 143.647 1 1.82 60 60 3600
3024.965 -4630.545 1 1.45 60 60 3600
406.918 -4251.066 1 0.42 60 60 3600
-3921.651 383.720 1 1.58 60 60 3600
642.859 -1664.178 1 0.29 60 60 3600
21.315 -2041.264 1 0.97 60 60 3600
-2577.963 1407.630 1 1.38 60 60 3600
-2941.940 -3469.121 1 0.79 60 60 3600
-2942.470 445.814 1 1.37 60 60 3600
-3233.169 3854.366 1 0.55 60 60 3600
-461.469 1015.205 1 1.38 60 60 3600
-739.561 -1529.080 1 1.40 60 60 3600
-4961.680 -2520.485 1 0.95 60 60 3600
1516.806 646.663 1 1.76 60 60 3600
