INSTANCE_FILE: big_instance/200.30.3.txt
INSTANCE_BASE: 200.30.3
SOLVER: heavy
TRAFFIC: heavy
SIGMA: 0.6,0.4,0.5,0.6,0.4,0.5,0.6,0.4,0.5,0.6,0.4,0.5
RUN: 4
---SOLVER OUTPUT---
Initial solution cost: 40288.816094
Improved solution cost: 24098.463403
Worst solution cost: 24098.463403
Mean solution cost: 24098.463403
Mean elapsed time: 1691.913240 seconds
Final solution feasibility: FEASIBLE
Solution Details:
Truck Routes:
Truck 1: 0 171 96 0 62 0 73 112 4 0 20 163 85 0 |Truck Time: 24098.463403|24098.463403,0.000000,0.000000,0.000000
Truck 2: 0 22 84 0 61 128 94 108 7 0 78 143 0 42 140 10 173 0 |Truck Time: 23940.942741|23940.942741,0.000000,0.000000,0.000000
Truck 3: 0 187 196 194 6 199 133 0 123 90 181 0 166 24 153 60 0 86 109 158 8 0 |Truck Time: 23826.349005|23826.349005,0.000000,0.000000,0.000000
Truck 4: 0 103 152 145 0 17 35 198 55 0 162 167 49 67 98 174 0 147 0 142 193 9 101 161 0 |Truck Time: 24084.127424|24084.127424,0.000000,0.000000,0.000000
Truck 5: 0 200 114 34 124 28 0 191 186 102 0 80 3 127 68 41 0 176 144 46 52 0 72 175 1 82 130 0 |Truck Time: 23640.667347|23640.667347,0.000000,0.000000,0.000000
Truck 6: 0 170 182 0 178 116 0 36 39 183 95 180 104 0 83 47 71 0 125 89 76 38 172 93 0 |Truck Time: 24075.019661|24075.019661,0.000000,0.000000,0.000000
Drone Routes:
Drone 1: 0 117 0 129 0 185 53 65 0 150 155 189 0 66 110 0 118 113 0 132 70 0 122 92 0 43 19 165 0 188 45 0 25 23 0 26 63 0 27 59 0 |Drone Time: 24086.861036|24086.861036,0.000000,0.000000,0.000000
Drone 2: 0 33 151 135 0 69 0 11 0 54 120 5 32 0 146 0 29 0 14 0 177 0 164 0 77 0 12 31 48 0 131 107 0 119 0 58 0 |Drone Time: 24070.810902|24070.810902,0.000000,0.000000,0.000000
Drone 3: 0 57 169 91 190 0 21 15 139 0 148 0 154 141 159 50 192 0 179 0 97 0 160 0 44 0 134 0 16 2 0 126 0 30 111 0 51 87 0 149 0 13 138 0 |Drone Time: 24075.018227|24075.018227,0.000000,0.000000,0.000000
Drone 4: 0 121 0 74 81 79 0 88 0 75 0 156 100 37 136 0 105 0 18 197 184 0 106 0 115 0 64 0 99 168 56 0 40 137 0 157 195 0 |Drone Time: 24098.084000|24098.084000,0.000000,0.000000,0.000000
Total validation: Makespan=24098.463403, Deadline violation=0.000000, Energy violation=0.000000, Capacity violation=0.000000
