trucks_count 1
drones_count 1
customers 100
depot 0 0
Coordinate X Coordinate Y Dronable Demand
X Y Dronable Demand Drone_service Truck_service Lw
-850.938 -2555.896 1 0.74 60 60 3600
-2887.691 3069.493 1 1.06 60 60 3600
515.572 2813.168 1 1.58 60 60 3600
-4827.825 711.012 1 1.39 60 60 3600
-4561.148 -3136.925 1 1.29 60 60 3600
450.629 955.348 1 0.83 60 60 3600
-3125.201 4095.507 1 1.46 60 60 3600
3571.060 -3041.518 1 1.60 60 60 3600
2174.984 -3984.878 1 1.01 60 60 3600
1974.367 3001.666 1 0.55 60 60 3600
-2728.041 1595.204 1 1.91 60 60 3600
-4919.580 -1317.194 1 1.99 60 60 3600
-2258.165 750.108 1 1.78 60 60 3600
-2222.207 1819.436 1 0.63 60 60 3600
1202.828 1970.097 1 1.43 60 60 3600
1394.808 3265.383 1 0.47 60 60 3600
831.223 -3112.351 1 1.18 60 60 3600
-3181.185 2396.786 1 1.09 60 60 3600
464.784 -1106.087 1 1.77 60 60 3600
-1176.743 -406.429 1 1.69 60 60 3600
-4261.548 3018.019 1 1.49 60 60 3600
-4834.684 1400.472 1 0.81 60 60 3600
-2298.104 2860.000 1 1.73 60 60 3600
-177.784 1344.490 1 1.59 60 60 3600
-66.917 -376.952 1 0.86 60 60 3600
3754.955 -2009.460 1 0.86 60 60 3600
21.315 -2041.264 1 1.33 60 60 3600
-4392.878 4827.247 1 1.18 60 60 3600
1592.380 -3438.474 1 1.30 60 60 3600
4394.853 -993.264 1 0.21 60 60 3600
-815.063 1770.533 1 1.87 60 60 3600
3090.968 -1603.553 1 0.74 60 60 3600
3129.441 767.574 1 1.57 60 60 3600
2295.672 -459.663 1 1.81 60 60 3600
1472.430 1500.928 1 0.84 60 60 3600
-1093.000 -1179.614 1 1.90 60 60 3600
2130.857 385.290 1 1.66 60 60 3600
4261.953 -1947.109 1 0.36 60 60 3600
-209.222 -4426.161 1 0.58 60 60 3600
502.405 -555.008 1 1.58 60 60 3600
523.720 1745.731 1 0.26 60 60 3600
-2385.442 4003.579 1 1.35 60 60 3600
-2950.846 1124.510 1 1.00 60 60 3600
2156.194 1007.001 1 1.93 60 60 3600
4548.703 -2526.641 1 1.94 60 60 3600
-3947.227 -83.791 1 1.53 60 60 3600
-3750.591 -2330.317 1 1.75 60 60 3600
2083.093 -3281.992 1 0.62 60 60 3600
1096.741 924.446 1 0.40 60 60 3600
-2371.485 -1586.778 1 0.76 60 60 3600
-1673.592 -1345.080 1 1.31 60 60 3600
-2700.034 4942.441 1 1.64 60 60 3600
2567.758 -1761.761 1 0.83 60 60 3600
-4755.285 -3903.948 1 0.20 60 60 3600
-2919.835 -2011.808 1 0.67 60 60 3600
-3713.947 -3796.969 1 0.76 60 60 3600
-4772.391 -2047.954 1 1.42 60 60 3600
1262.211 -1112.888 1 1.71 60 60 3600
1808.950 2420.052 1 1.88 60 60 3600
1439.631 -4088.784 1 1.24 60 60 3600
-2833.712 -1340.560 1 1.44 60 60 3600
-4252.954 -660.974 1 0.77 60 60 3600
-512.714 623.860 1 1.33 60 60 3600
-4332.217 -1597.008 1 1.17 60 60 3600
-1873.871 -269.539 1 0.50 60 60 3600
-1515.008 1927.016 1 1.15 60 60 3600
2873.765 -4896.577 1 0.42 60 60 3600
-1075.967 2435.314 1 1.69 60 60 3600
-4194.859 3823.942 1 1.03 60 60 3600
668.716 -54.424 1 1.29 60 60 3600
-2729.881 -4397.763 1 0.72 60 60 3600
-1868.873 4946.682 1 1.23 60 60 3600
-3949.108 1193.762 1 1.40 60 60 3600
-3571.673 4635.821 1 1.87 60 60 3600
916.660 -2189.163 1 1.61 60 60 3600
-3137.994 -70.243 1 1.49 60 60 3600
2118.199 -1528.513 1 0.90 60 60 3600
-3929.321 -4440.310 1 0.41 60 60 3600
-3401.683 2876.397 1 0.30 60 60 3600
1606.535 133.784 1 1.00 60 60 3600
1826.793 -1949.191 1 0.46 60 60 3600
-2206.078 4474.452 1 0.54 60 60 3600
-4668.809 2392.590 1 1.75 60 60 3600
157.820 -3374.599 1 1.61 60 60 3600
-1214.800 -2024.699 1 1.57 60 60 3600
-2615.376 -350.380 1 1.79 60 60 3600
-1448.943 4015.691 1 1.96 60 60 3600
-1415.968 -3512.691 1 1.91 60 60 3600
1847.656 -837.321 1 0.70 60 60 3600
4686.975 -3822.606 1 0.55 60 60 3600
-4844.838 4112.651 1 0.92 60 60 3600
-248.983 1849.838 1 1.49 60 60 3600
-1400.971 818.859 1 1.72 60 60 3600
-2476.054 -2577.526 1 1.21 60 60 3600
-4956.557 2979.146 1 1.19 60 60 3600
-3554.910 -1027.495 1 1.88 60 60 3600
1516.806 646.663 1 1.29 60 60 3600
-3685.845 1689.871 1 1.29 60 60 3600
-4.583 561.654 1 0.65 60 60 3600
2872.217 -2562.375 1 0.98 60 60 3600
