INSTANCE_FILE: big_instance/200.10.2.txt
INSTANCE_BASE: 200.10.2
SOLVER: light
TRAFFIC: light
SIGMA: 0.9,0.7,0.8,0.9,0.7,0.8,0.9,0.7,0.8,0.9,0.7,0.8
RUN: 5
---SOLVER OUTPUT---
Initial solution cost: 7914.494247
Improved solution cost: 4117.743903
Worst solution cost: 4117.743903
Mean solution cost: 4117.743903
Mean elapsed time: 1955.290647 seconds
Final solution feasibility: FEASIBLE
Solution Details:
Truck Routes:
Truck 1: 0 30 115 85 129 113 84 118 55 92 161 88 51 83 10 162 126 8 36 133 38 0 128 151 41 0 |Truck Time: 4094.219480|4094.219480,0.000000,0.000000,0.000000
Truck 2: 0 50 87 140 5 46 45 117 103 141 134 20 148 169 61 0 180 93 135 119 114 199 179 0 |Truck Time: 4095.331774|4095.331774,0.000000,0.000000,0.000000
Truck 3: 0 1 90 198 164 139 70 192 143 132 157 0 48 173 195 47 63 156 21 16 144 32 138 0 |Truck Time: 4117.743903|4117.743903,0.000000,0.000000,0.000000
Truck 4: 0 190 65 3 166 100 75 7 2 57 176 96 182 64 122 137 158 56 26 120 27 181 60 153 74 0 99 14 0 |Truck Time: 4117.535205|4117.535205,0.000000,0.000000,0.000000
Truck 5: 0 91 189 98 58 125 150 200 123 82 17 112 18 110 72 34 67 66 94 0 174 109 19 106 154 0 |Truck Time: 4096.378237|4096.378237,0.000000,0.000000,0.000000
Truck 6: 0 136 31 81 185 40 149 95 111 78 171 0 130 4 80 49 172 9 33 127 160 76 0 |Truck Time: 4110.392833|4110.392833,0.000000,0.000000,0.000000
Drone Routes:
Drone 1: 0 116 101 196 24 0 79 62 145 35 0 89 188 68 0 152 186 0 107 155 184 0 |Drone Time: 4094.308067|4094.308067,0.000000,0.000000,0.000000
Drone 2: 0 165 71 163 15 0 42 178 22 146 177 43 0 168 37 59 0 13 44 23 0 6 0 |Drone Time: 4084.744297|4084.744297,0.000000,0.000000,0.000000
Drone 3: 0 73 104 12 52 0 86 191 11 0 175 0 53 102 0 69 54 194 0 124 147 0 |Drone Time: 4094.324280|4094.324280,0.000000,0.000000,0.000000
Drone 4: 0 183 197 39 105 28 97 121 0 77 108 167 142 25 0 193 29 170 0 159 131 0 187 0 |Drone Time: 4078.206057|4078.206057,0.000000,0.000000,0.000000
Total validation: Makespan=4117.743903, Deadline violation=0.000000, Energy violation=0.000000, Capacity violation=0.000000
