INSTANCE_FILE: big_instance/200.10.4.txt
INSTANCE_BASE: 200.10.4
SOLVER: light
TRAFFIC: light
SIGMA: 0.9,0.7,0.8,0.9,0.7,0.8,0.9,0.7,0.8,0.9,0.7,0.8
RUN: 1
---SOLVER OUTPUT---
Initial solution cost: 7653.980454
Improved solution cost: 3934.980268
Worst solution cost: 3934.980268
Mean solution cost: 3934.980268
Mean elapsed time: 1891.811342 seconds
Final solution feasibility: FEASIBLE
Solution Details:
Truck Routes:
Truck 1: 0 79 57 28 198 132 185 119 124 179 14 134 180 47 83 117 126 147 4 65 111 81 73 78 42 104 106 0 77 0 |Truck Time: 3868.100336|3868.100336,0.000000,0.000000,0.000000
Truck 2: 0 140 86 9 94 80 61 66 33 60 107 31 15 164 16 153 5 182 0 190 40 114 21 101 0 |Truck Time: 3932.293630|3932.293630,0.000000,0.000000,0.000000
Truck 3: 0 138 7 85 168 167 174 130 194 8 175 63 49 72 70 37 54 178 64 90 93 1 30 118 145 189 158 0 |Truck Time: 3925.693449|3925.693449,0.000000,0.000000,0.000000
Truck 4: 0 196 188 92 45 154 156 25 58 137 39 127 199 105 187 186 75 0 200 17 96 99 0 |Truck Time: 3934.516980|3934.516980,0.000000,0.000000,0.000000
Truck 5: 0 43 163 129 120 36 131 171 19 18 0 148 26 177 41 136 176 59 87 84 157 46 0 |Truck Time: 3934.662262|3934.662262,0.000000,0.000000,0.000000
Truck 6: 0 53 82 195 170 55 113 110 108 48 69 115 0 51 20 34 68 112 71 102 97 23 10 172 0 |Truck Time: 3934.980268|3934.980268,0.000000,0.000000,0.000000
Drone Routes:
Drone 1: 0 191 146 183 0 116 121 166 0 98 144 0 151 0 135 149 62 0 160 0 |Drone Time: 3920.192008|3920.192008,0.000000,0.000000,0.000000
Drone 2: 0 74 3 161 125 32 0 29 159 56 13 0 67 173 150 0 143 0 24 0 100 0 128 181 0 |Drone Time: 3901.021206|3901.021206,0.000000,0.000000,0.000000
Drone 3: 0 162 52 6 0 141 88 192 2 0 123 193 197 0 152 76 0 142 0 44 11 133 35 0 |Drone Time: 3933.393566|3933.393566,0.000000,0.000000,0.000000
Drone 4: 0 103 89 95 139 12 0 50 165 122 0 91 22 27 155 169 38 0 184 109 0 |Drone Time: 3858.376313|3858.376313,0.000000,0.000000,0.000000
Total validation: Makespan=3934.980268, Deadline violation=0.000000, Energy violation=0.000000, Capacity violation=0.000000
