INSTANCE_FILE: big_instance/200.10.3.txt
INSTANCE_BASE: 200.10.3
SOLVER: heavy
TRAFFIC: heavy
SIGMA: 0.6,0.4,0.5,0.6,0.4,0.5,0.6,0.4,0.5,0.6,0.4,0.5
RUN: 4
---SOLVER OUTPUT---
Initial solution cost: 10408.006638
Improved solution cost: 5222.809339
Worst solution cost: 5222.809339
Mean solution cost: 5222.809339
Mean elapsed time: 1398.027514 seconds
Final solution feasibility: FEASIBLE
Solution Details:
Truck Routes:
Truck 1: 0 133 1 14 184 80 82 117 120 161 21 124 40 15 0 79 27 151 93 0 |Truck Time: 5008.970047|5008.970047,0.000000,0.000000,0.000000
Truck 2: 0 121 136 175 87 90 129 181 54 168 10 185 91 110 0 76 96 193 46 16 183 0 |Truck Time: 5204.220027|5204.220027,0.000000,0.000000,0.000000
Truck 3: 0 158 154 62 101 24 88 157 71 114 92 56 85 41 162 144 8 180 172 0 39 20 106 0 |Truck Time: 5218.508111|5218.508111,0.000000,0.000000,0.000000
Truck 4: 0 23 47 188 68 146 139 198 134 95 197 38 191 63 22 0 192 149 123 150 102 86 26 0 |Truck Time: 5214.168963|5214.168963,0.000000,0.000000,0.000000
Truck 5: 0 194 104 182 84 103 122 140 58 160 17 0 137 108 127 99 126 51 105 32 19 55 0 |Truck Time: 5222.809339|5222.809339,0.000000,0.000000,0.000000
Truck 6: 0 143 25 7 66 50 89 128 35 0 5 18 155 100 59 190 65 2 186 0 |Truck Time: 5217.878801|5217.878801,0.000000,0.000000,0.000000
Drone Routes:
Drone 1: 0 4 132 97 176 0 152 28 34 0 135 107 118 83 199 81 169 0 166 0 115 156 119 0 69 13 0 187 141 0 |Drone Time: 5201.289492|5201.289492,0.000000,0.000000,0.000000
Drone 2: 0 142 33 113 159 163 125 0 12 170 31 0 77 74 48 174 179 64 0 42 0 75 52 0 6 98 0 49 94 0 |Drone Time: 5207.739336|5207.739336,0.000000,0.000000,0.000000
Drone 3: 0 153 0 45 112 73 0 147 60 189 67 0 148 111 78 57 0 171 29 53 0 165 173 0 196 36 0 |Drone Time: 5221.152674|5221.152674,0.000000,0.000000,0.000000
Drone 4: 0 167 0 145 130 0 131 37 195 72 9 43 0 164 177 44 109 116 0 11 3 61 30 0 70 178 0 200 138 0 |Drone Time: 5198.994151|5198.994151,0.000000,0.000000,0.000000
Total validation: Makespan=5222.809339, Deadline violation=0.000000, Energy violation=0.000000, Capacity violation=0.000000
