INSTANCE_FILE: big_instance/200.20.1.txt
INSTANCE_BASE: 200.20.1
SOLVER: heavy
TRAFFIC: heavy
SIGMA: 0.6,0.4,0.5,0.6,0.4,0.5,0.6,0.4,0.5,0.6,0.4,0.5
RUN: 1
---SOLVER OUTPUT---
Initial solution cost: 23077.778929
Improved solution cost: 12575.937479
Worst solution cost: 12575.937479
Mean solution cost: 12575.937479
Mean elapsed time: 1186.506123 seconds
Final solution feasibility: FEASIBLE
Solution Details:
Truck Routes:
Truck 1: 0 94 141 82 32 95 0 117 143 148 192 107 161 42 51 0 22 66 0 |Truck Time: 12520.670431|12520.670431,0.000000,0.000000,0.000000
Truck 2: 0 19 56 47 67 102 59 100 146 193 0 174 115 170 31 49 129 0 164 99 159 38 41 104 26 166 0 10 0 |Truck Time: 12556.784165|12556.784165,0.000000,0.000000,0.000000
Truck 3: 0 154 65 176 121 81 79 0 40 6 48 0 163 162 158 101 36 110 60 187 0 |Truck Time: 12567.326566|12567.326566,0.000000,0.000000,0.000000
Truck 4: 0 17 98 30 34 83 89 173 20 0 157 147 145 33 3 178 2 200 92 123 4 0 122 118 35 45 152 0 |Truck Time: 12575.937479|12575.937479,0.000000,0.000000,0.000000
Truck 5: 0 190 130 46 179 85 23 188 144 0 87 149 111 76 24 28 0 137 29 69 181 167 11 139 0 |Truck Time: 12563.386701|12563.386701,0.000000,0.000000,0.000000
Truck 6: 0 25 80 71 0 180 156 124 12 0 135 61 64 97 73 132 0 |Truck Time: 12549.477581|12549.477581,0.000000,0.000000,0.000000
Drone Routes:
Drone 1: 0 196 52 84 0 169 77 153 108 0 186 0 116 0 171 86 119 0 194 0 18 0 198 182 0 127 62 0 21 165 0 |Drone Time: 12573.013108|12573.013108,0.000000,0.000000,0.000000
Drone 2: 0 16 43 9 0 113 39 15 0 88 0 114 14 0 55 96 74 0 112 57 0 93 78 0 128 0 133 0 197 58 0 |Drone Time: 12575.855398|12575.855398,0.000000,0.000000,0.000000
Drone 3: 0 199 172 27 0 75 189 70 0 160 126 0 125 175 37 0 13 136 0 120 183 0 168 0 53 0 90 150 0 151 44 0 |Drone Time: 12510.775679|12510.775679,0.000000,0.000000,0.000000
Drone 4: 0 191 68 184 134 0 195 91 131 106 0 105 63 0 54 142 0 1 5 177 155 0 7 138 0 109 140 50 0 185 72 0 103 8 0 |Drone Time: 12525.515094|12525.515094,0.000000,0.000000,0.000000
Total validation: Makespan=12575.937479, Deadline violation=0.000000, Energy violation=0.000000, Capacity violation=0.000000
