INSTANCE_FILE: big_instance/200.30.2.txt
INSTANCE_BASE: 200.30.2
SOLVER: light
TRAFFIC: light
SIGMA: 0.9,0.7,0.8,0.9,0.7,0.8,0.9,0.7,0.8,0.9,0.7,0.8
RUN: 4
---SOLVER OUTPUT---
Initial solution cost: 27957.480651
Improved solution cost: 13353.097034
Worst solution cost: 13353.097034
Mean solution cost: 13353.097034
Mean elapsed time: 1608.967659 seconds
Final solution feasibility: FEASIBLE
Solution Details:
Truck Routes:
Truck 1: 0 33 118 69 0 2 151 91 78 74 0 106 159 144 8 129 0 |Truck Time: 13198.176415|13198.176415,0.000000,0.000000,0.000000
Truck 2: 0 18 148 54 186 61 47 150 142 0 55 68 189 46 67 135 89 75 0 167 193 53 6 164 160 51 0 196 31 197 0 |Truck Time: 13321.157016|13321.157016,0.000000,0.000000,0.000000
Truck 3: 0 111 29 13 5 0 194 4 102 26 30 171 0 20 66 64 192 62 133 0 |Truck Time: 13351.093971|13351.093971,0.000000,0.000000,0.000000
Truck 4: 0 86 174 49 138 72 180 131 77 79 198 10 183 0 161 107 146 140 147 85 48 103 92 76 0 80 58 170 126 114 96 177 0 |Truck Time: 13316.156377|13316.156377,0.000000,0.000000,0.000000
Truck 5: 0 21 63 36 154 9 45 153 28 137 172 0 162 43 113 32 117 132 169 0 3 188 27 176 115 17 83 149 0 |Truck Time: 13353.097034|13353.097034,0.000000,0.000000,0.000000
Truck 6: 0 184 39 38 136 175 90 19 0 101 158 34 11 125 82 182 134 65 0 190 87 14 60 139 50 23 178 0 |Truck Time: 13345.176340|13345.176340,0.000000,0.000000,0.000000
Drone Routes:
Drone 1: 0 121 191 187 0 145 0 41 165 110 0 73 120 130 0 22 42 1 0 95 93 0 71 157 0 7 0 |Drone Time: 13346.236209|13346.236209,0.000000,0.000000,0.000000
Drone 2: 0 88 163 59 0 98 0 112 37 173 0 124 0 15 24 0 12 0 185 52 0 |Drone Time: 13303.304927|13303.304927,0.000000,0.000000,0.000000
Drone 3: 0 70 152 127 156 0 195 44 0 94 100 0 40 200 81 0 56 0 166 143 109 105 0 84 99 0 |Drone Time: 13348.394260|13348.394260,0.000000,0.000000,0.000000
Drone 4: 0 155 104 168 0 16 0 179 108 122 35 57 0 119 0 116 97 128 0 25 141 0 123 199 181 0 |Drone Time: 13334.941005|13334.941005,0.000000,0.000000,0.000000
Total validation: Makespan=13353.097034, Deadline violation=0.000000, Energy violation=0.000000, Capacity violation=0.000000
