INSTANCE_FILE: big_instance/200.20.3.txt
INSTANCE_BASE: 200.20.3
SOLVER: heavy
TRAFFIC: heavy
SIGMA: 0.6,0.4,0.5,0.6,0.4,0.5,0.6,0.4,0.5,0.6,0.4,0.5
RUN: 1
---SOLVER OUTPUT---
Initial solution cost: 23304.851808
Improved solution cost: 12443.684389
Worst solution cost: 12443.684389
Mean solution cost: 12443.684389
Mean elapsed time: 1185.499365 seconds
Final solution feasibility: FEASIBLE
Solution Details:
Truck Routes:
Truck 1: 0 109 53 6 45 5 16 25 0 195 40 178 200 0 140 176 120 0 |Truck Time: 12292.829911|12292.829911,0.000000,0.000000,0.000000
Truck 2: 0 68 62 117 130 94 36 33 0 29 81 139 191 116 99 199 182 0 177 59 77 103 106 4 0 |Truck Time: 12389.266142|12389.266142,0.000000,0.000000,0.000000
Truck 3: 0 34 189 179 15 0 158 113 121 69 10 104 105 0 20 166 123 1 24 0 |Truck Time: 12443.684389|12443.684389,0.000000,0.000000,0.000000
Truck 4: 0 181 167 196 112 124 26 0 22 83 38 80 79 188 64 169 87 54 0 32 197 144 0 |Truck Time: 12392.634105|12392.634105,0.000000,0.000000,0.000000
Truck 5: 0 186 97 152 95 8 57 0 119 18 138 27 125 137 0 165 66 128 0 |Truck Time: 12428.378243|12428.378243,0.000000,0.000000,0.000000
Truck 6: 0 78 42 43 11 183 159 28 0 92 100 143 90 0 73 172 168 93 141 173 149 0 |Truck Time: 12406.360441|12406.360441,0.000000,0.000000,0.000000
Drone Routes:
Drone 1: 0 76 0 157 0 86 82 35 0 63 0 129 0 174 147 134 0 192 50 0 3 72 0 14 56 0 146 187 0 44 190 0 |Drone Time: 12437.069315|12437.069315,0.000000,0.000000,0.000000
Drone 2: 0 132 21 0 49 161 98 19 0 52 84 70 0 154 46 74 0 135 0 96 170 101 160 0 51 0 131 118 193 0 184 0 30 153 0 108 126 0 |Drone Time: 12442.652069|12442.652069,0.000000,0.000000,0.000000
Drone 3: 0 107 58 110 61 0 133 55 13 67 194 156 142 136 39 0 23 102 114 9 122 0 31 0 89 37 60 0 180 127 0 41 7 2 0 85 148 0 17 0 |Drone Time: 12426.437280|12426.437280,0.000000,0.000000,0.000000
Drone 4: 0 150 0 164 12 171 0 175 162 0 151 111 0 198 163 47 0 65 155 0 48 0 91 75 88 0 185 0 145 0 71 115 0 |Drone Time: 12425.976863|12425.976863,0.000000,0.000000,0.000000
Total validation: Makespan=12443.684389, Deadline violation=0.000000, Energy violation=0.000000, Capacity violation=0.000000
