INSTANCE_FILE: big_instance/200.10.2.txt
INSTANCE_BASE: 200.10.2
SOLVER: heavy
TRAFFIC: heavy
SIGMA: 0.6,0.4,0.5,0.6,0.4,0.5,0.6,0.4,0.5,0.6,0.4,0.5
RUN: 3
---SOLVER OUTPUT---
Initial solution cost: 10951.554196
Improved solution cost: 5754.463189
Worst solution cost: 5754.463189
Mean solution cost: 5754.463189
Mean elapsed time: 1526.643093 seconds
Final solution feasibility: FEASIBLE
Solution Details:
Truck Routes:
Truck 1: 0 166 3 100 176 57 2 7 156 21 40 144 32 185 78 136 0 86 0 |Truck Time: 5633.666864|5633.666864,0.000000,0.000000,0.000000
Truck 2: 0 65 93 64 182 96 75 195 47 63 48 180 0 130 4 80 49 102 36 133 38 76 0 |Truck Time: 5718.496267|5718.496267,0.000000,0.000000,0.000000
Truck 3: 0 50 147 87 140 117 103 134 20 25 148 61 0 145 198 164 139 192 143 132 157 0 |Truck Time: 5740.083938|5740.083938,0.000000,0.000000,0.000000
Truck 4: 0 131 129 113 24 84 118 55 161 92 51 83 10 162 101 126 116 29 0 99 14 106 174 154 74 199 179 187 0 |Truck Time: 5647.417281|5647.417281,0.000000,0.000000,0.000000
Truck 5: 0 119 60 120 158 137 56 26 27 181 109 19 0 88 160 127 33 183 8 53 193 175 0 |Truck Time: 5754.463189|5754.463189,0.000000,0.000000,0.000000
Truck 6: 0 94 90 189 91 98 125 150 123 17 112 110 34 66 128 151 41 0 79 44 0 |Truck Time: 5551.999679|5551.999679,0.000000,0.000000,0.000000
Drone Routes:
Drone 1: 0 124 168 191 0 52 12 104 0 184 155 107 0 81 190 43 0 31 0 177 71 173 0 70 0 171 95 0 |Drone Time: 5606.255990|5606.255990,0.000000,0.000000,0.000000
Drone 2: 0 42 122 178 0 167 85 77 170 0 152 0 13 196 108 6 0 159 153 138 0 115 0 111 0 69 141 0 114 0 |Drone Time: 5748.038096|5748.038096,0.000000,0.000000,0.000000
Drone 3: 0 82 18 72 67 0 121 9 197 142 0 54 62 188 0 163 15 165 0 146 16 22 0 35 135 0 30 0 68 194 0 |Drone Time: 5753.281228|5753.281228,0.000000,0.000000,0.000000
Drone 4: 0 97 39 28 186 105 46 0 58 89 1 0 149 0 23 169 0 11 45 0 59 37 5 0 172 0 200 73 0 |Drone Time: 5676.047539|5676.047539,0.000000,0.000000,0.000000
Total validation: Makespan=5754.463189, Deadline violation=0.000000, Energy violation=0.000000, Capacity violation=0.000000
