INSTANCE_FILE: big_instance/200.30.4.txt
INSTANCE_BASE: 200.30.4
SOLVER: heavy
TRAFFIC: heavy
SIGMA: 0.6,0.4,0.5,0.6,0.4,0.5,0.6,0.4,0.5,0.6,0.4,0.5
RUN: 1
---SOLVER OUTPUT---
Initial solution cost: 40167.507379
Improved solution cost: 23608.476522
Worst solution cost: 23608.476522
Mean solution cost: 23608.476522
Mean elapsed time: 1350.799062 seconds
Final solution feasibility: FEASIBLE
Solution Details:
Truck Routes:
Truck 1: 0 35 0 136 36 0 77 60 0 48 145 98 0 |Truck Time: 23597.580904|23597.580904,0.000000,0.000000,0.000000
Truck 2: 0 25 119 170 71 0 171 53 0 131 102 62 177 0 197 50 0 141 127 126 0 |Truck Time: 23608.476522|23608.476522,0.000000,0.000000,0.000000
Truck 3: 0 118 173 121 40 0 3 0 13 22 54 149 104 0 174 0 198 73 0 |Truck Time: 23468.726273|23468.726273,0.000000,0.000000,0.000000
Truck 4: 0 96 8 46 0 26 166 0 179 6 150 33 0 56 95 23 0 107 70 1 0 |Truck Time: 23500.176385|23500.176385,0.000000,0.000000,0.000000
Truck 5: 0 4 190 125 143 157 0 195 194 114 124 151 0 161 196 168 41 67 175 0 87 101 80 0 191 29 19 47 156 61 0 |Truck Time: 23492.574936|23492.574936,0.000000,0.000000,0.000000
Truck 6: 0 38 20 83 155 89 0 137 0 123 122 138 43 37 0 86 28 120 17 18 31 0 184 10 159 0 |Truck Time: 23589.955653|23589.955653,0.000000,0.000000,0.000000
Drone Routes:
Drone 1: 0 176 0 153 0 117 0 144 0 116 64 0 93 0 146 34 160 0 45 0 75 59 0 129 9 0 81 7 0 140 115 0 133 164 0 |Drone Time: 23598.801311|23598.801311,0.000000,0.000000,0.000000
Drone 2: 0 135 0 69 90 186 0 99 0 79 112 0 180 0 200 111 14 0 172 92 0 106 0 185 193 0 49 0 152 181 0 57 128 0 162 0 76 0 |Drone Time: 23597.308771|23597.308771,0.000000,0.000000,0.000000
Drone 3: 0 97 103 130 42 0 55 78 142 0 169 74 109 0 132 32 51 0 30 24 192 0 147 187 0 58 183 108 91 0 88 154 188 0 139 72 110 0 163 0 182 66 0 113 15 44 0 |Drone Time: 23604.211204|23604.211204,0.000000,0.000000,0.000000
Drone 4: 0 84 0 167 0 16 0 94 0 11 52 0 189 85 27 0 158 63 0 68 0 178 21 0 12 0 165 2 82 5 0 134 0 148 105 0 199 65 0 39 100 0 |Drone Time: 23605.875805|23605.875805,0.000000,0.000000,0.000000
Total validation: Makespan=23608.476522, Deadline violation=0.000000, Energy violation=0.000000, Capacity violation=0.000000
