INSTANCE_FILE: big_instance/200.10.1.txt
INSTANCE_BASE: 200.10.1
SOLVER: heavy
TRAFFIC: heavy
SIGMA: 0.6,0.4,0.5,0.6,0.4,0.5,0.6,0.4,0.5,0.6,0.4,0.5
RUN: 3
---SOLVER OUTPUT---
Initial solution cost: 11150.534892
Improved solution cost: 5580.457542
Worst solution cost: 5580.457542
Mean solution cost: 5580.457542
Mean elapsed time: 1446.002298 seconds
Final solution feasibility: FEASIBLE
Solution Details:
Truck Routes:
Truck 1: 0 132 94 149 45 37 184 155 0 90 24 41 2 157 181 196 148 0 |Truck Time: 5577.189177|5577.189177,0.000000,0.000000,0.000000
Truck 2: 0 49 198 52 59 108 68 131 0 178 53 190 152 73 78 122 111 9 85 50 29 0 |Truck Time: 5576.035839|5576.035839,0.000000,0.000000,0.000000
Truck 3: 0 135 158 82 74 36 164 116 128 43 188 113 100 75 140 145 62 86 0 56 118 72 6 51 171 180 38 161 0 |Truck Time: 5577.127335|5577.127335,0.000000,0.000000,0.000000
Truck 4: 0 125 115 10 7 186 142 150 57 169 0 14 146 60 143 163 120 16 177 154 15 0 |Truck Time: 5580.457542|5580.457542,0.000000,0.000000,0.000000
Truck 5: 0 28 104 134 107 76 27 133 192 12 92 97 156 20 136 0 173 3 151 58 166 194 89 0 |Truck Time: 5579.037591|5579.037591,0.000000,0.000000,0.000000
Truck 6: 0 124 147 69 102 13 137 22 170 189 175 130 0 126 197 168 30 139 167 0 |Truck Time: 5531.405807|5531.405807,0.000000,0.000000,0.000000
Drone Routes:
Drone 1: 0 119 32 5 0 34 138 71 0 141 23 193 0 18 0 80 81 0 101 65 0 195 153 144 0 11 95 47 0 93 123 0 |Drone Time: 5501.393373|5501.393373,0.000000,0.000000,0.000000
Drone 2: 0 129 0 31 40 114 61 0 25 55 70 0 112 99 66 106 0 39 0 182 121 0 79 159 0 84 33 77 0 |Drone Time: 5565.844947|5565.844947,0.000000,0.000000,0.000000
Drone 3: 0 191 176 172 0 87 162 0 88 96 67 0 19 54 0 21 91 0 46 199 0 179 185 0 26 187 0 |Drone Time: 5571.441063|5571.441063,0.000000,0.000000,0.000000
Drone 4: 0 83 165 63 127 44 0 1 200 174 0 183 64 105 0 160 17 110 0 8 109 42 0 117 0 103 98 35 0 4 48 0 |Drone Time: 5564.966660|5564.966660,0.000000,0.000000,0.000000
Total validation: Makespan=5580.457542, Deadline violation=0.000000, Energy violation=0.000000, Capacity violation=0.000000
