INSTANCE_FILE: big_instance/200.30.2.txt
INSTANCE_BASE: 200.30.2
SOLVER: heavy
TRAFFIC: heavy
SIGMA: 0.6,0.4,0.5,0.6,0.4,0.5,0.6,0.4,0.5,0.6,0.4,0.5
RUN: 2
---SOLVER OUTPUT---
Initial solution cost: 37146.593154
Improved solution cost: 22353.754493
Worst solution cost: 22353.754493
Mean solution cost: 22353.754493
Mean elapsed time: 1171.753637 seconds
Final solution feasibility: FEASIBLE
Solution Details:
Truck Routes:
Truck 1: 0 86 174 49 46 0 63 21 45 129 125 0 19 137 169 0 20 0 |Truck Time: 21711.320166|21711.320166,0.000000,0.000000,0.000000
Truck 2: 0 194 11 34 158 0 193 160 51 47 0 75 135 89 0 23 60 139 52 0 |Truck Time: 22284.977104|22284.977104,0.000000,0.000000,0.000000
Truck 3: 0 190 31 0 107 146 0 3 27 176 188 117 0 10 55 68 198 183 0 151 2 0 |Truck Time: 22311.534460|22311.534460,0.000000,0.000000,0.000000
Truck 4: 0 96 150 0 153 82 65 7 0 126 87 14 41 0 1 4 102 0 |Truck Time: 22214.645476|22214.645476,0.000000,0.000000,0.000000
Truck 5: 0 167 80 61 0 184 186 132 162 0 140 74 91 5 0 33 142 196 0 116 180 131 77 79 0 |Truck Time: 22353.754493|22353.754493,0.000000,0.000000,0.000000
Truck 6: 0 48 103 92 195 161 0 69 56 0 90 39 136 0 18 171 0 155 113 32 43 101 40 172 0 |Truck Time: 22228.565220|22228.565220,0.000000,0.000000,0.000000
Drone Routes:
Drone 1: 0 127 38 0 66 178 0 145 0 185 0 22 144 0 97 128 187 0 112 25 173 0 179 122 111 57 0 106 200 0 157 71 0 24 15 0 177 54 0 |Drone Time: 22320.097328|22320.097328,0.000000,0.000000,0.000000
Drone 2: 0 30 134 0 73 13 35 0 124 0 108 130 120 0 26 0 104 37 168 0 99 64 143 166 0 6 0 199 123 0 118 181 0 189 72 138 0 159 42 0 |Drone Time: 22347.560101|22347.560101,0.000000,0.000000,0.000000
Drone 3: 0 9 36 154 81 0 16 0 105 50 0 44 0 62 0 29 78 0 12 0 133 197 0 115 152 70 0 141 0 98 76 0 67 191 59 0 192 109 0 |Drone Time: 22310.212380|22310.212380,0.000000,0.000000,0.000000
Drone 4: 0 164 94 0 28 156 175 0 149 0 147 85 84 0 88 163 121 0 8 182 0 100 53 0 119 0 58 0 148 83 17 0 114 170 0 165 110 0 93 95 0 |Drone Time: 22312.586388|22312.586388,0.000000,0.000000,0.000000
Total validation: Makespan=22353.754493, Deadline violation=0.000000, Energy violation=0.000000, Capacity violation=0.000000
