INSTANCE_FILE: big_instance/200.10.1.txt
INSTANCE_BASE: 200.10.1
SOLVER: heavy
TRAFFIC: heavy
SIGMA: 0.6,0.4,0.5,0.6,0.4,0.5,0.6,0.4,0.5,0.6,0.4,0.5
RUN: 2
---SOLVER OUTPUT---
Initial solution cost: 11150.534892
Improved solution cost: 5585.861357
Worst solution cost: 5585.861357
Mean solution cost: 5585.861357
Mean elapsed time: 1611.830877 seconds
Final solution feasibility: FEASIBLE
Solution Details:
Truck Routes:
Truck 1: 0 173 146 60 143 185 49 52 115 0 30 78 122 111 9 73 152 176 190 29 105 0 |Truck Time: 5579.404609|5579.404609,0.000000,0.000000,0.000000
Truck 2: 0 80 124 90 147 24 127 181 157 2 39 41 196 148 0 14 58 151 166 194 3 15 0 |Truck Time: 5582.929582|5582.929582,0.000000,0.000000,0.000000
Truck 3: 0 75 135 158 96 82 187 74 164 116 26 188 128 113 100 199 140 0 56 118 72 6 11 21 51 171 0 |Truck Time: 5552.393294|5552.393294,0.000000,0.000000,0.000000
Truck 4: 0 108 70 142 186 7 10 101 59 125 163 120 16 177 0 18 172 174 145 62 178 183 180 0 |Truck Time: 5580.350361|5580.350361,0.000000,0.000000,0.000000
Truck 5: 0 126 197 134 17 107 91 76 104 28 0 169 150 4 57 68 131 8 0 |Truck Time: 5567.371177|5567.371177,0.000000,0.000000,0.000000
Truck 6: 0 130 117 121 123 156 92 12 192 133 27 0 94 149 98 45 37 184 155 129 0 |Truck Time: 5585.861357|5585.861357,0.000000,0.000000,0.000000
Drone Routes:
Drone 1: 0 38 84 23 141 0 13 0 167 0 35 43 36 88 0 64 53 0 170 22 0 159 97 0 46 200 0 |Drone Time: 5574.471850|5574.471850,0.000000,0.000000,0.000000
Drone 2: 0 102 63 44 0 175 83 0 42 66 106 0 109 55 48 25 61 0 40 103 1 0 89 0 85 50 0 33 0 |Drone Time: 5572.403147|5572.403147,0.000000,0.000000,0.000000
Drone 3: 0 19 112 0 154 153 144 0 179 198 65 99 0 5 32 119 0 139 191 193 0 86 0 132 0 47 137 34 0 168 0 |Drone Time: 5561.476397|5561.476397,0.000000,0.000000,0.000000
Drone 4: 0 81 71 93 138 0 79 20 136 0 67 114 31 0 182 189 0 195 0 110 77 160 95 0 162 87 54 0 165 69 0 161 0 |Drone Time: 5453.195160|5453.195160,0.000000,0.000000,0.000000
Total validation: Makespan=5585.861357, Deadline violation=0.000000, Energy violation=0.000000, Capacity violation=0.000000
