INSTANCE_FILE: big_instance/200.40.3.txt
INSTANCE_BASE: 200.40.3
SOLVER: heavy
TRAFFIC: heavy
SIGMA: 0.6,0.4,0.5,0.6,0.4,0.5,0.6,0.4,0.5,0.6,0.4,0.5
RUN: 4
---SOLVER OUTPUT---
Initial solution cost: 59014.849795
Improved solution cost: 41868.298877
Worst solution cost: 41868.298877
Mean solution cost: 41868.298877
Mean elapsed time: 7215.074083 seconds
Final solution feasibility: FEASIBLE
Solution Details:
Truck Routes:
Truck 1: 0 194 53 0 115 0 166 0 7 0 52 0 18 0 |Truck Time: 36321.168787|36321.168787,0.000000,0.000000,0.000000
Truck 2: 0 114 28 0 197 14 0 71 132 0 72 186 0 138 175 0 |Truck Time: 33284.812250|33284.812250,0.000000,0.000000,0.000000
Truck 3: 0 198 20 120 24 0 126 127 3 0 31 63 0 82 125 0 |Truck Time: 23089.179144|23089.179144,0.000000,0.000000,0.000000
Truck 4: 0 149 97 23 128 0 161 144 75 0 160 190 148 59 180 0 171 88 0 10 70 142 66 0 73 0 |Truck Time: 32889.402943|32889.402943,0.000000,0.000000,0.000000
Truck 5: 0 37 56 44 0 1 188 104 113 0 87 80 189 0 33 183 22 0 25 0 26 135 0 |Truck Time: 36890.240560|36890.240560,0.000000,0.000000,0.000000
Truck 6: 0 152 151 86 191 0 92 159 50 0 140 150 0 182 42 11 0 |Truck Time: 24101.287214|24101.287214,0.000000,0.000000,0.000000
Drone Routes:
Drone 1: 0 9 0 155 0 94 0 46 0 187 0 170 0 12 0 91 0 116 0 64 0 51 0 40 0 177 0 184 0 154 67 0 108 0 124 0 110 193 0 119 165 0 55 117 137 0 49 0 |Drone Time: 41849.043169|41849.043169,0.000000,0.000000,0.000000
Drone 2: 0 77 0 90 68 147 0 17 0 146 0 112 0 107 143 0 38 141 0 19 58 0 79 93 0 89 34 8 0 85 173 0 48 4 0 74 0 157 0 130 96 174 0 123 164 0 129 0 |Drone Time: 41723.507395|41723.507395,0.000000,0.000000,0.000000
Drone 3: 0 145 47 0 133 0 15 100 16 0 60 168 0 121 30 0 6 43 0 163 162 0 172 36 95 21 0 29 118 2 0 27 35 0 81 83 0 156 0 61 0 76 5 0 54 62 0 69 200 0 122 0 199 131 0 13 192 0 |Drone Time: 41868.298877|41868.298877,0.000000,0.000000,0.000000
Drone 4: 0 57 0 134 99 0 136 0 39 84 0 65 185 0 179 98 0 196 0 102 0 111 0 181 101 0 176 0 158 0 167 178 0 139 78 0 105 0 109 0 195 0 45 0 169 106 0 153 0 32 0 41 103 0 |Drone Time: 41861.912596|41861.912596,0.000000,0.000000,0.000000
Total validation: Makespan=41868.298877, Deadline violation=0.000000, Energy violation=0.000000, Capacity violation=0.000000
