trucks_count 1
drones_count 1
customers 100
depot 0 0
Coordinate X Coordinate Y Dronable Demand
X Y Dronable Demand Drone_service Truck_service Lw
-3522.548 3819.601 1 0.74 60 60 3600
-956.858 359.831 1 0.51 60 60 3600
-4167.901 1932.092 1 1.71 60 60 3600
1079.365 2136.832 1 1.50 60 60 3600
-2004.427 1624.660 1 1.51 60 60 3600
442.731 -2663.943 1 0.87 60 60 3600
-3036.480 -4668.460 1 0.52 60 60 3600
2520.971 -546.837 1 0.79 60 60 3600
-3938.466 -4039.547 1 0.61 60 60 3600
-4033.776 3647.934 1 0.79 60 60 3600
-639.398 -999.142 1 1.18 60 60 3600
1324.139 701.650 1 1.16 60 60 3600
1001.276 -647.983 1 1.90 60 60 3600
-3860.024 -2066.845 1 0.83 60 60 3600
4260.374 -1206.508 1 1.27 60 60 3600
1181.617 3062.079 1 1.51 60 60 3600
-2728.041 1595.204 1 1.66 60 60 3600
1789.214 -4419.604 1 0.60 60 60 3600
-4125.978 -1573.931 1 1.22 60 60 3600
-4755.285 -3903.948 1 1.09 60 60 3600
-3540.298 -2747.867 1 0.57 60 60 3600
1942.701 274.760 1 1.91 60 60 3600
1472.430 1500.928 1 0.57 60 60 3600
2135.409 -2207.331 1 1.53 60 60 3600
-3799.737 4456.173 1 0.32 60 60 3600
-934.327 -359.252 1 1.99 60 60 3600
-2385.442 4003.579 1 1.88 60 60 3600
4261.953 -1947.109 1 0.29 60 60 3600
-927.738 1332.545 1 0.53 60 60 3600
-4777.608 -2417.536 1 1.55 60 60 3600
-2708.254 -1903.271 1 1.89 60 60 3600
-15.963 1070.887 1 1.37 60 60 3600
1232.758 -2183.353 1 1.06 60 60 3600
195.400 -4825.099 1 1.82 60 60 3600
53.989 -196.458 1 0.36 60 60 3600
-3569.636 2320.521 1 1.18 60 60 3600
-1552.722 4838.335 1 1.04 60 60 3600
-3015.030 2648.459 1 0.35 60 60 3600
-4736.600 2201.999 1 1.60 60 60 3600
-4527.097 -2927.438 1 1.64 60 60 3600
66.117 -4185.009 1 0.25 60 60 3600
2981.161 -3647.177 1 0.69 60 60 3600
-1033.004 -3398.388 1 0.46 60 60 3600
-4736.288 2898.973 1 0.59 60 60 3600
-2833.712 -1340.560 1 1.65 60 60 3600
1768.492 -1443.642 1 0.75 60 60 3600
-3285.090 4959.306 1 0.33 60 60 3600
1909.985 1924.266 1 0.29 60 60 3600
967.739 -4006.373 1 1.81 60 60 3600
-398.085 -2153.263 1 1.27 60 60 3600
571.951 -3402.618 1 1.69 60 60 3600
-4984.721 3470.546 1 0.77 60 60 3600
174.293 2340.514 1 1.78 60 60 3600
4548.703 -2526.641 1 0.55 60 60 3600
-4.583 561.654 1 0.65 60 60 3600
3754.955 -2009.460 1 1.34 60 60 3600
-3266.924 164.353 1 0.89 60 60 3600
-3137.579 -2345.535 1 0.51 60 60 3600
4643.899 -4458.923 1 1.45 60 60 3600
-2377.502 4583.378 1 0.55 60 60 3600
-1440.868 2399.503 1 0.23 60 60 3600
1769.468 -3164.739 1 0.70 60 60 3600
1001.504 -1384.810 1 1.64 60 60 3600
3129.441 767.574 1 0.78 60 60 3600
-729.325 -1749.962 1 0.53 60 60 3600
-2258.165 750.108 1 1.15 60 60 3600
-3734.939 3239.290 1 1.35 60 60 3600
974.515 1638.374 1 0.30 60 60 3600
-4994.832 -124.489 1 0.22 60 60 3600
-1527.354 4264.413 1 1.41 60 60 3600
2150.187 -3518.168 1 1.94 60 60 3600
-3685.845 1689.871 1 0.35 60 60 3600
2637.845 -2625.427 1 0.31 60 60 3600
-4392.878 4827.247 1 1.68 60 60 3600
-1950.464 2387.235 1 0.23 60 60 3600
-235.411 -3561.116 1 1.92 60 60 3600
2101.540 -2752.587 1 1.14 60 60 3600
3033.799 -2952.474 1 0.48 60 60 3600
-3136.789 3304.005 1 1.22 60 60 3600
1011.315 269.439 1 0.93 60 60 3600
-1581.177 652.035 1 0.26 60 60 3600
-4024.932 720.040 1 1.78 60 60 3600
-2280.384 -1002.949 1 1.21 60 60 3600
-3554.910 -1027.495 1 0.62 60 60 3600
-2077.097 23.244 1 0.61 60 60 3600
2156.194 1007.001 1 1.49 60 60 3600
4954.406 -3932.513 1 1.67 60 60 3600
3705.130 -4132.443 1 1.00 60 60 3600
-3336.834 -3348.105 1 0.26 60 60 3600
2670.883 -1435.393 1 1.20 60 60 3600
490.193 -902.494 1 1.62 60 60 3600
2021.518 -656.821 1 1.56 60 60 3600
2533.535 -4500.712 1 0.60 60 60 3600
2755.540 -2013.411 1 0.64 60 60 3600
-4343.160 2560.427 1 0.78 60 60 3600
-2501.781 2181.761 1 0.34 60 60 3600
-3869.242 -3299.937 1 1.27 60 60 3600
1591.487 -277.443 1 1.43 60 60 3600
-2109.341 2953.616 1 0.96 60 60 3600
-4844.838 4112.651 1 1.25 60 60 3600
