INSTANCE_FILE: big_instance/200.20.3.txt
INSTANCE_BASE: 200.20.3
SOLVER: light
TRAFFIC: light
SIGMA: 0.9,0.7,0.8,0.9,0.7,0.8,0.9,0.7,0.8,0.9,0.7,0.8
RUN: 3
---SOLVER OUTPUT---
Initial solution cost: 17069.250257
Improved solution cost: 7861.529818
Worst solution cost: 7861.529818
Mean solution cost: 7861.529818
Mean elapsed time: 1691.871412 seconds
Final solution feasibility: FEASIBLE
Solution Details:
Truck Routes:
Truck 1: 0 43 42 155 129 161 98 147 179 189 34 15 0 94 111 183 49 159 28 115 62 0 |Truck Time: 7817.395615|7817.395615,0.000000,0.000000,0.000000
Truck 2: 0 86 83 79 38 80 81 29 166 20 1 24 116 17 99 182 144 0 104 112 109 16 5 171 3 25 26 124 105 0 |Truck Time: 7772.317665|7772.317665,0.000000,0.000000,0.000000
Truck 3: 0 66 128 123 60 84 101 70 158 135 113 72 0 68 117 11 108 141 163 126 198 130 0 |Truck Time: 7861.529818|7861.529818,0.000000,0.000000,0.000000
Truck 4: 0 149 168 46 48 119 172 36 190 33 87 0 177 59 181 196 167 186 157 13 152 95 57 140 176 0 |Truck Time: 7813.259725|7813.259725,0.000000,0.000000,0.000000
Truck 5: 0 90 100 127 145 180 4 14 51 0 195 40 178 187 185 146 103 106 0 |Truck Time: 7827.531534|7827.531534,0.000000,0.000000,0.000000
Truck 6: 0 75 27 88 18 138 50 22 125 137 44 64 54 0 8 55 53 6 45 132 69 121 76 165 10 32 197 0 |Truck Time: 7858.024788|7858.024788,0.000000,0.000000,0.000000
Drone Routes:
Drone 1: 0 23 102 114 122 0 65 19 71 0 52 139 191 199 0 2 0 78 0 31 110 0 188 73 0 |Drone Time: 7791.949836|7791.949836,0.000000,0.000000,0.000000
Drone 2: 0 89 160 37 170 96 35 0 136 56 142 156 58 0 91 192 9 0 120 0 107 151 47 173 0 92 0 77 0 |Drone Time: 7823.497897|7823.497897,0.000000,0.000000,0.000000
Drone 3: 0 194 67 61 97 0 164 193 118 131 0 30 174 63 134 0 184 82 0 169 0 21 12 0 |Drone Time: 7834.810123|7834.810123,0.000000,0.000000,0.000000
Drone 4: 0 93 154 74 0 175 162 0 143 153 0 39 200 0 133 150 7 41 0 85 148 0 |Drone Time: 7811.593522|7811.593522,0.000000,0.000000,0.000000
Total validation: Makespan=7861.529818, Deadline violation=0.000000, Energy violation=0.000000, Capacity violation=0.000000
