INSTANCE_FILE: big_instance/200.20.1.txt
INSTANCE_BASE: 200.20.1
SOLVER: light
TRAFFIC: light
SIGMA: 0.9,0.7,0.8,0.9,0.7,0.8,0.9,0.7,0.8,0.9,0.7,0.8
RUN: 5
---SOLVER OUTPUT---
Initial solution cost: 16759.093786
Improved solution cost: 7912.713908
Worst solution cost: 7912.713908
Mean solution cost: 7912.713908
Mean elapsed time: 1577.083895 seconds
Final solution feasibility: FEASIBLE
Solution Details:
Truck Routes:
Truck 1: 0 188 167 83 34 98 50 17 72 11 139 0 163 166 26 41 87 104 76 24 118 35 0 |Truck Time: 7856.494266|7856.494266,0.000000,0.000000,0.000000
Truck 2: 0 44 182 93 158 14 101 21 165 152 0 79 164 99 159 176 121 52 126 7 169 128 138 0 |Truck Time: 7912.677917|7912.677917,0.000000,0.000000,0.000000
Truck 3: 0 115 53 175 180 156 63 124 170 31 49 12 129 0 111 55 127 133 142 90 150 154 0 |Truck Time: 7891.535104|7891.535104,0.000000,0.000000,0.000000
Truck 4: 0 186 141 94 131 194 88 95 0 137 29 89 40 6 36 110 60 187 48 0 |Truck Time: 7902.244199|7902.244199,0.000000,0.000000,0.000000
Truck 5: 0 82 119 15 64 108 61 97 73 132 66 193 0 100 59 67 157 147 13 37 145 33 3 200 2 92 0 |Truck Time: 7895.075678|7895.075678,0.000000,0.000000,0.000000
Truck 6: 0 19 130 46 179 85 47 116 80 71 69 173 20 0 51 56 117 107 192 148 143 168 5 161 42 0 |Truck Time: 7807.911071|7807.911071,0.000000,0.000000,0.000000
Drone Routes:
Drone 1: 0 136 75 189 70 0 190 155 178 0 106 86 171 113 0 120 183 0 149 96 0 81 22 0 |Drone Time: 7912.018803|7912.018803,0.000000,0.000000,0.000000
Drone 2: 0 160 196 16 43 91 195 0 151 134 144 0 38 74 8 84 0 39 153 77 0 78 162 45 0 9 32 0 |Drone Time: 7912.713908|7912.713908,0.000000,0.000000,0.000000
Drone 3: 0 181 30 68 109 0 27 172 199 0 10 65 0 18 0 184 112 122 0 103 54 0 146 123 4 0 |Drone Time: 7911.353871|7911.353871,0.000000,0.000000,0.000000
Drone 4: 0 174 135 125 0 105 102 23 0 25 140 0 114 198 62 28 0 1 177 58 197 0 57 191 185 0 |Drone Time: 7897.898663|7897.898663,0.000000,0.000000,0.000000
Total validation: Makespan=7912.713908, Deadline violation=0.000000, Energy violation=0.000000, Capacity violation=0.000000
