INSTANCE_FILE: big_instance/200.20.2.txt
INSTANCE_BASE: 200.20.2
SOLVER: heavy
TRAFFIC: heavy
SIGMA: 0.6,0.4,0.5,0.6,0.4,0.5,0.6,0.4,0.5,0.6,0.4,0.5
RUN: 3
---SOLVER OUTPUT---
Initial solution cost: 22835.540163
Improved solution cost: 12093.925344
Worst solution cost: 12093.925344
Mean solution cost: 12093.925344
Mean elapsed time: 1253.810241 seconds
Final solution feasibility: FEASIBLE
Solution Details:
Truck Routes:
Truck 1: 0 122 57 5 148 175 199 117 0 46 49 0 77 71 119 140 64 0 |Truck Time: 12093.925344|12093.925344,0.000000,0.000000,0.000000
Truck 2: 0 59 32 50 120 44 27 40 192 177 142 153 0 200 113 145 79 130 92 110 147 0 72 193 53 2 172 3 41 31 91 0 |Truck Time: 12079.541664|12079.541664,0.000000,0.000000,0.000000
Truck 3: 0 112 29 194 164 26 146 0 151 43 87 25 179 0 99 183 48 10 52 0 |Truck Time: 11889.635948|11889.635948,0.000000,0.000000,0.000000
Truck 4: 0 56 54 118 166 39 185 15 0 17 197 187 104 107 134 0 51 0 |Truck Time: 12028.681228|12028.681228,0.000000,0.000000,0.000000
Truck 5: 0 78 97 126 124 0 67 36 132 125 80 81 0 74 182 143 24 121 0 |Truck Time: 12086.250229|12086.250229,0.000000,0.000000,0.000000
Truck 6: 0 114 101 174 96 55 131 137 0 66 161 165 184 76 0 89 34 90 82 28 191 139 0 |Truck Time: 12061.103660|12061.103660,0.000000,0.000000,0.000000
Drone Routes:
Drone 1: 0 150 156 86 0 1 186 94 0 22 16 18 178 45 0 106 173 103 0 73 0 111 12 0 102 100 0 93 8 0 20 19 0 35 0 |Drone Time: 12056.425938|12056.425938,0.000000,0.000000,0.000000
Drone 2: 0 95 65 167 0 155 129 14 0 69 170 23 0 141 9 189 190 0 37 109 133 135 158 0 188 21 127 0 42 0 171 63 0 |Drone Time: 11945.384516|11945.384516,0.000000,0.000000,0.000000
Drone 3: 0 181 105 0 149 62 0 75 84 0 157 6 0 154 83 0 195 58 128 0 162 160 0 98 0 115 4 0 61 70 0 |Drone Time: 12084.274008|12084.274008,0.000000,0.000000,0.000000
Drone 4: 0 116 30 7 159 0 88 85 136 198 0 163 60 138 152 0 108 68 0 168 123 47 0 11 180 169 0 196 13 0 176 33 0 38 144 0 |Drone Time: 11799.641953|11799.641953,0.000000,0.000000,0.000000
Total validation: Makespan=12093.925344, Deadline violation=0.000000, Energy violation=0.000000, Capacity violation=0.000000
