INSTANCE_FILE: big_instance/200.20.1.txt
INSTANCE_BASE: 200.20.1
SOLVER: heavy
TRAFFIC: heavy
SIGMA: 0.6,0.4,0.5,0.6,0.4,0.5,0.6,0.4,0.5,0.6,0.4,0.5
RUN: 3
---SOLVER OUTPUT---
Initial solution cost: 23077.778929
Improved solution cost: 12776.245950
Worst solution cost: 12776.245950
Mean solution cost: 12776.245950
Mean elapsed time: 1190.707406 seconds
Final solution feasibility: FEASIBLE
Solution Details:
Truck Routes:
Truck 1: 0 192 107 190 0 94 141 186 86 0 60 110 21 0 |Truck Time: 12692.462201|12692.462201,0.000000,0.000000,0.000000
Truck 2: 0 97 64 108 61 73 132 0 29 69 173 20 0 34 30 17 80 25 71 179 0 |Truck Time: 12760.043301|12760.043301,0.000000,0.000000,0.000000
Truck 3: 0 188 181 167 83 11 139 89 0 164 99 159 176 121 81 65 154 45 0 166 62 111 76 24 163 118 35 152 0 |Truck Time: 12775.940589|12775.940589,0.000000,0.000000,0.000000
Truck 4: 0 174 115 170 31 49 66 48 0 3 2 178 161 42 51 146 0 148 157 147 145 33 200 92 129 12 0 |Truck Time: 12662.940883|12662.940883,0.000000,0.000000,0.000000
Truck 5: 0 44 40 6 0 19 130 46 85 47 56 100 193 0 78 162 182 158 14 101 36 0 |Truck Time: 12702.745350|12702.745350,0.000000,0.000000,0.000000
Truck 6: 0 79 128 95 0 142 41 87 0 180 156 63 124 0 |Truck Time: 12776.245950|12776.245950,0.000000,0.000000,0.000000
Drone Routes:
Drone 1: 0 155 191 98 68 0 123 13 136 0 93 28 10 0 26 54 0 160 126 0 169 32 0 165 151 0 134 184 0 187 0 67 102 0 57 112 0 |Drone Time: 12600.874535|12600.874535,0.000000,0.000000,0.000000
Drone 2: 0 37 189 75 105 0 16 52 196 0 72 0 113 131 106 0 117 70 0 168 0 103 74 0 18 0 53 0 91 88 0 |Drone Time: 12607.590074|12607.590074,0.000000,0.000000,0.000000
Drone 3: 0 143 177 5 1 0 82 119 77 153 135 0 27 172 199 0 7 43 0 175 125 0 183 120 0 116 0 9 84 22 0 171 39 15 0 104 90 0 |Drone Time: 12770.054585|12770.054585,0.000000,0.000000,0.000000
Drone 4: 0 8 38 150 0 59 58 197 4 0 109 140 50 0 194 0 127 0 138 195 96 55 0 114 198 149 0 133 0 137 23 0 185 144 122 0 |Drone Time: 12773.357559|12773.357559,0.000000,0.000000,0.000000
Total validation: Makespan=12776.245950, Deadline violation=0.000000, Energy violation=0.000000, Capacity violation=0.000000
