INSTANCE_FILE: big_instance/200.40.4.txt
INSTANCE_BASE: 200.40.4
SOLVER: light
TRAFFIC: light
SIGMA: 0.9,0.7,0.8,0.9,0.7,0.8,0.9,0.7,0.8,0.9,0.7,0.8
RUN: 2
---SOLVER OUTPUT---
Initial solution cost: 41353.934297
Improved solution cost: 22418.737521
Worst solution cost: 22418.737521
Mean solution cost: 22418.737521
Mean elapsed time: 1902.266122 seconds
Final solution feasibility: FEASIBLE
Solution Details:
Truck Routes:
Truck 1: 0 195 48 0 118 189 43 0 73 83 198 98 15 0 180 10 166 104 173 8 114 0 165 134 0 |Truck Time: 22267.856417|22267.856417,0.000000,0.000000,0.000000
Truck 2: 0 85 88 27 69 105 84 65 0 41 152 78 109 0 86 153 143 139 191 55 0 190 119 61 20 0 |Truck Time: 21251.318318|21251.318318,0.000000,0.000000,0.000000
Truck 3: 0 155 59 0 19 138 147 72 0 95 87 37 26 2 110 0 92 156 71 146 0 |Truck Time: 22400.774488|22400.774488,0.000000,0.000000,0.000000
Truck 4: 0 80 22 123 0 194 171 131 70 54 177 0 148 149 132 0 97 29 128 3 40 0 68 141 94 28 181 89 126 0 |Truck Time: 22409.348486|22409.348486,0.000000,0.000000,0.000000
Truck 5: 0 154 4 23 81 178 0 14 160 140 5 0 199 200 46 0 36 47 45 137 42 0 |Truck Time: 22393.701635|22393.701635,0.000000,0.000000,0.000000
Truck 6: 0 151 32 107 0 193 120 116 49 0 74 185 21 187 102 50 62 99 142 196 0 93 90 145 100 129 31 75 63 161 0 |Truck Time: 22418.737521|22418.737521,0.000000,0.000000,0.000000
Drone Routes:
Drone 1: 0 186 0 162 76 11 0 101 0 150 0 77 0 24 0 169 133 0 176 79 0 35 0 106 122 0 |Drone Time: 22338.705723|22338.705723,0.000000,0.000000,0.000000
Drone 2: 0 16 179 188 0 57 197 51 130 0 167 0 135 33 0 6 0 115 183 0 60 66 0 182 17 0 67 0 113 158 0 |Drone Time: 21894.505220|21894.505220,0.000000,0.000000,0.000000
Drone 3: 0 124 127 58 172 0 174 0 1 30 0 168 0 25 18 0 163 136 53 0 91 192 0 108 96 0 125 0 56 0 |Drone Time: 22412.681995|22412.681995,0.000000,0.000000,0.000000
Drone 4: 0 170 52 157 175 39 111 0 38 0 34 7 0 12 0 184 112 121 0 13 82 44 0 164 9 103 0 159 0 64 144 117 0 |Drone Time: 22410.946126|22410.946126,0.000000,0.000000,0.000000
Total validation: Makespan=22418.737521, Deadline violation=0.000000, Energy violation=0.000000, Capacity violation=0.000000
