INSTANCE_FILE: big_instance/200.40.2.txt
INSTANCE_BASE: 200.40.2
SOLVER: light
TRAFFIC: light
SIGMA: 0.9,0.7,0.8,0.9,0.7,0.8,0.9,0.7,0.8,0.9,0.7,0.8
RUN: 1
---SOLVER OUTPUT---
Initial solution cost: 41852.247064
Improved solution cost: 22630.662626
Worst solution cost: 22630.662626
Mean solution cost: 22630.662626
Mean elapsed time: 1434.689304 seconds
Final solution feasibility: FEASIBLE
Solution Details:
Truck Routes:
Truck 1: 0 197 125 190 107 0 78 175 148 0 47 0 41 105 106 0 200 70 0 |Truck Time: 22282.216764|22282.216764,0.000000,0.000000,0.000000
Truck 2: 0 187 131 132 0 161 173 0 135 121 46 59 0 163 127 19 0 85 57 44 0 |Truck Time: 22609.605879|22609.605879,0.000000,0.000000,0.000000
Truck 3: 0 188 14 0 97 151 22 93 153 0 167 198 177 123 11 0 89 168 178 130 98 54 0 69 2 0 |Truck Time: 22372.063636|22372.063636,0.000000,0.000000,0.000000
Truck 4: 0 94 34 23 96 0 122 12 77 183 73 20 110 25 0 157 51 10 172 38 162 24 159 134 0 166 72 116 40 0 |Truck Time: 22123.878289|22123.878289,0.000000,0.000000,0.000000
Truck 5: 0 67 8 160 0 52 88 3 179 0 139 68 30 140 145 29 170 174 42 0 101 108 192 0 164 15 0 |Truck Time: 22630.662626|22630.662626,0.000000,0.000000,0.000000
Truck 6: 0 180 128 0 112 165 31 113 0 186 43 92 0 100 60 87 56 102 0 |Truck Time: 22616.176715|22616.176715,0.000000,0.000000,0.000000
Drone Routes:
Drone 1: 0 191 55 58 137 0 83 185 86 0 33 120 76 0 45 80 90 48 0 181 115 0 109 0 111 0 119 124 0 95 136 0 |Drone Time: 22441.484647|22441.484647,0.000000,0.000000,0.000000
Drone 2: 0 118 50 21 171 99 0 133 0 65 53 66 5 0 196 18 158 0 32 0 143 0 149 0 155 0 13 62 0 17 0 27 64 0 |Drone Time: 22617.760683|22617.760683,0.000000,0.000000,0.000000
Drone 3: 0 146 75 144 126 0 195 71 150 26 0 1 79 141 156 0 82 0 36 4 152 0 7 176 0 91 84 194 0 114 0 129 193 0 9 63 39 0 |Drone Time: 22615.003937|22615.003937,0.000000,0.000000,0.000000
Drone 4: 0 138 142 184 0 16 104 103 0 169 189 37 0 6 147 0 154 74 0 182 81 0 28 49 0 117 61 0 35 199 0 |Drone Time: 22537.509509|22537.509509,0.000000,0.000000,0.000000
Total validation: Makespan=22630.662626, Deadline violation=0.000000, Energy violation=0.000000, Capacity violation=0.000000
