INSTANCE_FILE: big_instance/200.10.4.txt
INSTANCE_BASE: 200.10.4
SOLVER: heavy
TRAFFIC: heavy
SIGMA: 0.6,0.4,0.5,0.6,0.4,0.5,0.6,0.4,0.5,0.6,0.4,0.5
RUN: 5
---SOLVER OUTPUT---
Initial solution cost: 11313.625343
Improved solution cost: 5417.213730
Worst solution cost: 5417.213730
Mean solution cost: 5417.213730
Mean elapsed time: 1585.651940 seconds
Final solution feasibility: FEASIBLE
Solution Details:
Truck Routes:
Truck 1: 0 138 90 54 49 72 70 68 0 120 19 171 131 36 62 149 100 0 |Truck Time: 5383.613122|5383.613122,0.000000,0.000000,0.000000
Truck 2: 0 128 188 45 154 156 25 39 137 58 127 199 22 105 187 43 0 183 34 97 23 0 |Truck Time: 5395.738531|5395.738531,0.000000,0.000000,0.000000
Truck 3: 0 35 148 26 41 136 59 176 84 0 157 28 198 185 119 132 110 108 162 52 48 69 0 |Truck Time: 5406.071998|5406.071998,0.000000,0.000000,0.000000
Truck 4: 0 99 47 180 14 134 113 55 170 195 82 53 57 79 122 46 0 115 96 143 17 200 42 106 0 |Truck Time: 5410.998576|5410.998576,0.000000,0.000000,0.000000
Truck 5: 0 114 168 167 8 63 175 194 130 174 161 64 1 30 118 101 189 158 0 51 20 10 172 190 77 0 |Truck Time: 5398.579965|5398.579965,0.000000,0.000000,0.000000
Truck 6: 0 5 73 81 111 193 94 80 61 33 123 9 65 86 140 104 24 0 181 78 153 160 186 182 0 |Truck Time: 5417.213730|5417.213730,0.000000,0.000000,0.000000
Drone Routes:
Drone 1: 0 146 191 71 0 121 32 169 3 0 67 177 13 0 163 0 38 145 0 142 197 15 0 21 40 0 60 66 0 102 0 |Drone Time: 5399.859543|5399.859543,0.000000,0.000000,0.000000
Drone 2: 0 83 147 4 0 155 27 18 0 116 166 129 0 135 12 139 95 0 196 0 7 37 93 0 151 0 125 85 0 |Drone Time: 5415.041317|5415.041317,0.000000,0.000000,0.000000
Drone 3: 0 6 126 117 29 0 11 173 150 44 0 98 144 0 184 109 0 16 91 0 76 152 0 74 0 179 124 0 |Drone Time: 5398.354740|5398.354740,0.000000,0.000000,0.000000
Drone 4: 0 133 165 50 159 0 141 88 192 2 0 89 107 31 103 0 164 92 0 178 75 0 56 87 0 112 0 |Drone Time: 5405.720314|5405.720314,0.000000,0.000000,0.000000
Total validation: Makespan=5417.213730, Deadline violation=0.000000, Energy violation=0.000000, Capacity violation=0.000000
