INSTANCE_FILE: big_instance/200.20.4.txt
INSTANCE_BASE: 200.20.4
SOLVER: light
TRAFFIC: light
SIGMA: 0.9,0.7,0.8,0.9,0.7,0.8,0.9,0.7,0.8,0.9,0.7,0.8
RUN: 3
---SOLVER OUTPUT---
Initial solution cost: 17641.737697
Improved solution cost: 7630.949916
Worst solution cost: 7630.949916
Mean solution cost: 7630.949916
Mean elapsed time: 1591.376112 seconds
Final solution feasibility: FEASIBLE
Solution Details:
Truck Routes:
Truck 1: 0 143 172 39 86 179 187 40 190 44 22 0 138 79 109 161 174 31 23 178 180 0 |Truck Time: 7533.149378|7533.149378,0.000000,0.000000,0.000000
Truck 2: 0 119 111 91 53 55 177 78 26 148 102 0 146 85 56 99 192 128 2 125 110 167 29 0 |Truck Time: 7601.548574|7601.548574,0.000000,0.000000,0.000000
Truck 3: 0 132 113 37 67 4 127 144 90 184 59 35 0 45 126 107 92 170 142 185 196 73 0 |Truck Time: 7623.026051|7623.026051,0.000000,0.000000,0.000000
Truck 4: 0 171 151 62 20 162 108 50 33 60 136 27 0 137 189 81 64 77 186 14 94 97 95 0 |Truck Time: 7569.430424|7569.430424,0.000000,0.000000,0.000000
Truck 5: 0 145 120 49 163 32 72 176 123 96 169 0 71 88 159 140 19 0 |Truck Time: 7624.267302|7624.267302,0.000000,0.000000,0.000000
Truck 6: 0 104 157 54 181 7 58 115 103 194 9 153 131 166 0 152 199 121 41 89 65 74 57 63 28 1 191 0 |Truck Time: 7630.949916|7630.949916,0.000000,0.000000,0.000000
Drone Routes:
Drone 1: 0 8 117 84 76 69 18 139 0 193 155 68 0 5 30 0 134 82 0 130 100 0 135 200 0 47 93 0 |Drone Time: 7585.886484|7585.886484,0.000000,0.000000,0.000000
Drone 2: 0 51 156 195 158 0 80 198 43 0 114 175 12 0 10 0 42 106 0 118 122 0 83 38 0 |Drone Time: 7575.760404|7575.760404,0.000000,0.000000,0.000000
Drone 3: 0 101 17 105 0 46 150 141 21 129 0 112 98 6 87 165 116 0 13 75 25 0 36 0 124 0 164 0 15 24 0 |Drone Time: 7624.978196|7624.978196,0.000000,0.000000,0.000000
Drone 4: 0 70 16 3 66 173 154 0 183 182 147 48 61 0 149 11 188 34 0 168 0 160 52 0 197 133 0 |Drone Time: 7615.628777|7615.628777,0.000000,0.000000,0.000000
Total validation: Makespan=7630.949916, Deadline violation=0.000000, Energy violation=0.000000, Capacity violation=0.000000
