INSTANCE_FILE: big_instance/200.10.3.txt
INSTANCE_BASE: 200.10.3
SOLVER: light
TRAFFIC: light
SIGMA: 0.9,0.7,0.8,0.9,0.7,0.8,0.9,0.7,0.8,0.9,0.7,0.8
RUN: 2
---SOLVER OUTPUT---
Initial solution cost: 8028.301096
Improved solution cost: 3598.550418
Worst solution cost: 3598.550418
Mean solution cost: 3598.550418
Mean elapsed time: 1318.496169 seconds
Final solution feasibility: FEASIBLE
Solution Details:
Truck Routes:
Truck 1: 0 23 5 69 13 133 1 14 84 103 118 199 122 161 120 117 83 82 80 140 184 160 17 0 |Truck Time: 3566.321767|3566.321767,0.000000,0.000000,0.000000
Truck 2: 0 154 62 101 24 88 71 157 166 195 72 92 56 85 52 41 46 16 144 162 8 180 75 0 |Truck Time: 3580.692926|3580.692926,0.000000,0.000000,0.000000
Truck 3: 0 35 110 91 185 50 66 200 7 143 25 89 128 153 197 198 95 38 191 63 0 |Truck Time: 3575.490167|3575.490167,0.000000,0.000000,0.000000
Truck 4: 0 96 193 98 70 33 21 124 40 6 15 182 58 104 0 27 79 137 102 138 150 123 149 192 0 |Truck Time: 3576.335650|3576.335650,0.000000,0.000000,0.000000
Truck 5: 0 100 42 73 68 112 31 170 188 36 47 18 155 59 190 65 186 2 0 93 106 151 172 0 |Truck Time: 3584.635590|3584.635590,0.000000,0.000000,0.000000
Truck 6: 0 26 108 121 136 147 60 175 87 90 129 181 54 168 10 34 126 51 105 32 19 141 167 20 39 0 |Truck Time: 3587.815367|3587.815367,0.000000,0.000000,0.000000
Drone Routes:
Drone 1: 0 179 174 48 74 28 64 0 173 43 0 53 61 3 12 0 139 146 156 0 152 86 22 0 |Drone Time: 3598.550418|3598.550418,0.000000,0.000000,0.000000
Drone 2: 0 165 9 114 37 125 0 29 171 45 0 127 67 0 57 196 134 0 115 94 0 |Drone Time: 3558.041683|3558.041683,0.000000,0.000000,0.000000
Drone 3: 0 194 142 178 113 163 159 135 0 77 189 99 0 130 145 0 131 187 55 0 183 158 0 |Drone Time: 3583.972467|3583.972467,0.000000,0.000000,0.000000
Drone 4: 0 169 81 107 97 132 4 0 164 177 44 109 116 0 11 78 111 148 0 30 176 76 0 119 49 0 |Drone Time: 3567.299873|3567.299873,0.000000,0.000000,0.000000
Total validation: Makespan=3598.550418, Deadline violation=0.000000, Energy violation=0.000000, Capacity violation=0.000000
