INSTANCE_FILE: big_instance/200.30.2.txt
INSTANCE_BASE: 200.30.2
SOLVER: heavy
TRAFFIC: heavy
SIGMA: 0.6,0.4,0.5,0.6,0.4,0.5,0.6,0.4,0.5,0.6,0.4,0.5
RUN: 1
---SOLVER OUTPUT---
Initial solution cost: 37146.593154
Improved solution cost: 22569.996515
Worst solution cost: 22569.996515
Mean solution cost: 22569.996515
Mean elapsed time: 1421.824359 seconds
Final solution feasibility: FEASIBLE
Solution Details:
Truck Routes:
Truck 1: 0 59 181 69 183 0 4 194 1 34 11 158 65 0 74 91 5 73 0 35 151 2 0 |Truck Time: 22505.619890|22505.619890,0.000000,0.000000,0.000000
Truck 2: 0 188 27 3 132 184 177 0 86 102 171 0 113 43 155 54 0 126 165 190 96 178 0 |Truck Time: 22569.295115|22569.295115,0.000000,0.000000,0.000000
Truck 3: 0 193 186 169 0 160 167 80 51 47 0 147 195 161 0 20 140 179 146 0 |Truck Time: 22567.531030|22567.531030,0.000000,0.000000,0.000000
Truck 4: 0 40 172 101 28 137 0 180 131 77 189 89 75 0 87 14 41 52 31 197 196 0 60 23 48 103 92 76 0 |Truck Time: 22099.790494|22099.790494,0.000000,0.000000,0.000000
Truck 5: 0 33 56 10 55 68 198 0 174 49 46 67 135 0 19 90 175 136 0 39 162 18 148 0 116 79 0 |Truck Time: 22503.084432|22503.084432,0.000000,0.000000,0.000000
Truck 6: 0 142 61 150 0 63 129 82 182 7 0 83 32 0 153 21 125 134 0 |Truck Time: 22569.996515|22569.996515,0.000000,0.000000,0.000000
Drone Routes:
Drone 1: 0 119 0 98 0 44 0 110 0 85 122 108 107 0 117 152 70 0 159 0 176 0 95 93 0 26 0 199 123 0 144 8 0 6 0 |Drone Time: 22533.173199|22533.173199,0.000000,0.000000,0.000000
Drone 2: 0 104 37 168 0 78 13 0 163 88 187 0 99 139 0 166 120 130 0 112 94 170 0 71 157 0 100 53 0 156 24 0 38 127 0 97 128 0 57 111 0 |Drone Time: 22550.565579|22550.565579,0.000000,0.000000,0.000000
Drone 3: 0 9 154 36 0 105 109 0 106 42 22 81 0 149 0 16 0 118 0 200 0 12 0 62 0 164 114 0 191 121 0 50 0 45 15 0 |Drone Time: 22565.362307|22565.362307,0.000000,0.000000,0.000000
Drone 4: 0 58 0 84 192 64 0 30 0 133 0 185 0 29 0 145 0 173 0 138 72 0 124 0 66 143 0 115 17 0 141 25 0 |Drone Time: 22562.830027|22562.830027,0.000000,0.000000,0.000000
Total validation: Makespan=22569.996515, Deadline violation=0.000000, Energy violation=0.000000, Capacity violation=0.000000
