INSTANCE_FILE: big_instance/200.20.1.txt
INSTANCE_BASE: 200.20.1
SOLVER: light
TRAFFIC: light
SIGMA: 0.9,0.7,0.8,0.9,0.7,0.8,0.9,0.7,0.8,0.9,0.7,0.8
RUN: 3
---SOLVER OUTPUT---
Initial solution cost: 16759.093786
Improved solution cost: 7933.297878
Worst solution cost: 7933.297878
Mean solution cost: 7933.297878
Mean elapsed time: 1686.218877 seconds
Final solution feasibility: FEASIBLE
Solution Details:
Truck Routes:
Truck 1: 0 174 115 175 180 156 63 124 170 49 66 0 83 34 98 17 140 80 116 71 85 23 0 |Truck Time: 7911.377841|7911.377841,0.000000,0.000000,0.000000
Truck 2: 0 154 166 26 87 41 38 103 150 65 81 79 152 0 99 159 176 121 52 16 126 43 7 169 128 0 |Truck Time: 7837.338965|7837.338965,0.000000,0.000000,0.000000
Truck 3: 0 82 119 15 86 186 141 94 131 95 0 163 78 162 158 182 93 114 76 118 35 0 |Truck Time: 7921.835246|7921.835246,0.000000,0.000000,0.000000
Truck 4: 0 28 24 111 149 127 133 142 183 96 0 97 64 61 135 53 200 92 123 0 |Truck Time: 7845.782328|7845.782328,0.000000,0.000000,0.000000
Truck 5: 0 19 100 46 179 167 11 139 181 69 173 20 0 145 37 13 147 157 168 148 0 |Truck Time: 7915.973455|7915.973455,0.000000,0.000000,0.000000
Truck 6: 0 137 29 89 44 40 6 101 36 110 60 187 48 0 51 178 2 3 33 67 102 107 117 47 56 59 161 42 146 0 |Truck Time: 7933.297878|7933.297878,0.000000,0.000000,0.000000
Drone Routes:
Drone 1: 0 160 84 9 0 130 189 75 58 0 62 55 198 14 0 25 109 50 68 0 18 0 31 12 0 |Drone Time: 7910.413893|7910.413893,0.000000,0.000000,0.000000
Drone 2: 0 199 172 27 0 184 191 30 0 132 0 77 153 39 113 0 193 0 108 73 0 197 143 0 185 188 0 |Drone Time: 7887.205253|7887.205253,0.000000,0.000000,0.000000
Drone 3: 0 90 104 120 0 151 134 144 0 72 0 125 70 136 105 4 0 129 122 5 0 91 88 0 |Drone Time: 7869.900446|7869.900446,0.000000,0.000000,0.000000
Drone 4: 0 155 192 177 1 190 0 45 54 74 8 196 164 10 0 22 138 195 106 32 0 112 57 0 165 21 0 171 194 0 |Drone Time: 7930.910761|7930.910761,0.000000,0.000000,0.000000
Total validation: Makespan=7933.297878, Deadline violation=0.000000, Energy violation=0.000000, Capacity violation=0.000000
