INSTANCE_FILE: big_instance/200.40.1.txt
INSTANCE_BASE: 200.40.1
SOLVER: light
TRAFFIC: light
SIGMA: 0.9,0.7,0.8,0.9,0.7,0.8,0.9,0.7,0.8,0.9,0.7,0.8
RUN: 5
---SOLVER OUTPUT---
Initial solution cost: 39283.903513
Improved solution cost: 19877.507168
Worst solution cost: 19877.507168
Mean solution cost: 19877.507168
Mean elapsed time: 1411.214174 seconds
Final solution feasibility: FEASIBLE
Solution Details:
Truck Routes:
Truck 1: 0 198 173 116 199 0 185 51 182 119 0 115 107 0 54 14 28 0 |Truck Time: 19605.834604|19605.834604,0.000000,0.000000,0.000000
Truck 2: 0 146 123 79 9 118 179 188 0 70 91 1 74 0 41 46 105 167 66 55 100 0 49 195 39 164 73 190 96 0 129 0 |Truck Time: 19790.120313|19790.120313,0.000000,0.000000,0.000000
Truck 3: 0 58 151 108 135 0 186 191 72 0 144 147 63 13 176 0 136 80 83 192 0 |Truck Time: 19577.389086|19577.389086,0.000000,0.000000,0.000000
Truck 4: 0 42 181 131 0 90 130 124 64 92 2 0 197 175 125 0 65 87 183 122 0 |Truck Time: 19876.386169|19876.386169,0.000000,0.000000,0.000000
Truck 5: 0 59 26 165 193 10 102 0 128 162 143 36 154 109 152 0 93 166 61 76 3 0 168 184 101 16 194 6 121 30 0 |Truck Time: 19876.266201|19876.266201,0.000000,0.000000,0.000000
Truck 6: 0 156 77 88 0 104 8 52 68 21 0 71 85 22 200 62 0 187 169 158 18 37 11 0 |Truck Time: 19828.931334|19828.931334,0.000000,0.000000,0.000000
Drone Routes:
Drone 1: 0 24 32 84 0 20 17 48 0 67 31 140 35 141 0 153 81 114 38 47 0 103 82 33 0 15 0 134 0 5 0 |Drone Time: 19864.319700|19864.319700,0.000000,0.000000,0.000000
Drone 2: 0 45 132 157 4 0 75 137 0 189 97 34 0 177 23 178 0 94 50 0 89 0 155 0 126 196 43 0 172 138 0 |Drone Time: 19819.655452|19819.655452,0.000000,0.000000,0.000000
Drone 3: 0 40 120 170 0 148 0 117 95 149 0 133 0 78 0 127 0 44 112 0 150 0 86 163 0 |Drone Time: 19877.507168|19877.507168,0.000000,0.000000,0.000000
Drone 4: 0 53 60 106 0 142 19 160 25 0 159 0 7 139 174 0 56 180 110 111 145 0 99 12 0 113 69 98 0 27 57 29 0 161 171 0 |Drone Time: 19872.045127|19872.045127,0.000000,0.000000,0.000000
Total validation: Makespan=19877.507168, Deadline violation=0.000000, Energy violation=0.000000, Capacity violation=0.000000
