INSTANCE_FILE: big_instance/200.10.2.txt
INSTANCE_BASE: 200.10.2
SOLVER: light
TRAFFIC: light
SIGMA: 0.9,0.7,0.8,0.9,0.7,0.8,0.9,0.7,0.8,0.9,0.7,0.8
RUN: 4
---SOLVER OUTPUT---
Initial solution cost: 7914.494247
Improved solution cost: 4086.724635
Worst solution cost: 4086.724635
Mean solution cost: 4086.724635
Mean elapsed time: 1841.234162 seconds
Final solution feasibility: FEASIBLE
Solution Details:
Truck Routes:
Truck 1: 0 50 147 87 140 168 152 46 45 117 103 141 134 20 0 93 48 144 32 0 |Truck Time: 4086.724635|4086.724635,0.000000,0.000000,0.000000
Truck 2: 0 1 91 189 98 58 125 150 200 123 82 17 112 34 66 78 31 0 19 109 174 106 170 14 187 0 |Truck Time: 4073.407835|4073.407835,0.000000,0.000000,0.000000
Truck 3: 0 53 8 183 88 160 127 33 9 49 130 0 79 157 132 68 143 192 139 164 198 90 145 128 151 41 0 |Truck Time: 4075.036369|4075.036369,0.000000,0.000000,0.000000
Truck 4: 0 94 190 65 3 166 100 176 22 57 2 7 75 195 47 63 156 21 40 177 149 95 111 185 0 |Truck Time: 3891.217379|3891.217379,0.000000,0.000000,0.000000
Truck 5: 0 199 154 181 27 120 77 26 56 158 137 122 64 182 96 173 178 135 60 119 114 74 0 38 76 193 175 0 |Truck Time: 4031.146158|4031.146158,0.000000,0.000000,0.000000
Truck 6: 0 6 30 115 85 131 129 113 24 55 161 155 184 51 83 10 162 29 0 61 4 36 133 0 |Truck Time: 4048.356208|4048.356208,0.000000,0.000000,0.000000
Drone Routes:
Drone 1: 0 52 12 104 0 44 194 0 180 0 70 0 42 153 0 84 118 0 136 0 |Drone Time: 4053.592541|4053.592541,0.000000,0.000000,0.000000
Drone 2: 0 37 11 191 0 167 196 108 92 107 101 0 23 86 69 0 80 0 172 0 59 124 169 0 |Drone Time: 4072.671180|4072.671180,0.000000,0.000000,0.000000
Drone 3: 0 43 81 146 16 35 0 171 67 72 89 73 0 13 102 142 197 39 0 25 148 0 138 179 0 99 0 |Drone Time: 4001.883400|4001.883400,0.000000,0.000000,0.000000
Drone 4: 0 5 105 186 28 97 121 0 159 15 163 71 165 0 188 62 54 0 18 110 0 126 116 0 |Drone Time: 3975.957910|3975.957910,0.000000,0.000000,0.000000
Total validation: Makespan=4086.724635, Deadline violation=0.000000, Energy violation=0.000000, Capacity violation=0.000000
