INSTANCE_FILE: big_instance/200.40.4.txt
INSTANCE_BASE: 200.40.4
SOLVER: heavy
TRAFFIC: heavy
SIGMA: 0.6,0.4,0.5,0.6,0.4,0.5,0.6,0.4,0.5,0.6,0.4,0.5
RUN: 5
---SOLVER OUTPUT---
Initial solution cost: 57305.353609
Improved solution cost: 46766.318083
Worst solution cost: 46766.318083
Mean solution cost: 46766.318083
Mean elapsed time: 7202.346383 seconds
Final solution feasibility: FEASIBLE
Solution Details:
Truck Routes:
Truck 1: 0 |Truck Time: 0.000000|0.000000,0.000000,0.000000,0.000000
Truck 2: 0 |Truck Time: 0.000000|0.000000,0.000000,0.000000,0.000000
Truck 3: 0 165 29 3 178 114 65 0 6 8 196 0 193 173 0 108 181 31 63 0 |Truck Time: 23273.966991|23273.966991,0.000000,0.000000,0.000000
Truck 4: 0 62 0 128 0 55 92 191 0 19 0 118 120 0 1 116 45 0 |Truck Time: 34556.335767|34556.335767,0.000000,0.000000,0.000000
Truck 5: 0 50 99 0 146 2 0 41 0 166 199 0 80 123 72 0 163 136 0 14 132 0 61 126 0 |Truck Time: 46508.906230|46508.906230,0.000000,0.000000,0.000000
Truck 6: 0 182 143 75 0 105 0 81 194 40 0 171 54 0 |Truck Time: 22802.808200|22802.808200,0.000000,0.000000,0.000000
Drone Routes:
Drone 1: 0 111 23 0 167 106 0 164 35 0 79 59 0 77 0 197 0 97 0 155 0 10 74 0 88 0 133 121 183 0 28 135 145 0 26 70 0 131 177 0 119 18 0 152 0 12 0 125 0 49 144 0 7 46 69 27 0 42 0 5 0 22 0 110 0 |Drone Time: 46075.408635|46075.408635,0.000000,0.000000,0.000000
Drone 2: 0 101 0 102 51 0 174 0 170 36 0 168 0 71 147 158 0 39 175 157 64 0 162 76 11 0 187 21 0 37 115 0 189 0 138 0 87 0 142 44 0 30 172 0 9 103 0 86 25 184 169 0 43 0 137 0 56 0 68 33 0 188 48 0 |Drone Time: 46766.318083|46766.318083,0.000000,0.000000,0.000000
Drone 3: 0 122 0 82 192 0 185 0 159 0 78 0 107 0 140 0 95 0 141 93 0 96 0 94 89 17 0 112 0 83 134 0 13 91 130 0 34 16 0 20 0 180 0 113 0 66 154 0 153 0 161 0 139 0 84 0 148 176 0 |Drone Time: 46749.092090|46749.092090,0.000000,0.000000,0.000000
Drone 4: 0 67 0 38 0 47 58 0 98 90 0 104 200 195 0 57 85 0 52 127 124 0 117 179 53 0 156 190 0 73 0 4 60 0 100 198 0 149 0 151 0 160 0 24 0 150 0 129 0 186 0 32 0 109 0 15 0 |Drone Time: 46749.260194|46749.260194,0.000000,0.000000,0.000000
Total validation: Makespan=46766.318083, Deadline violation=0.000000, Energy violation=0.000000, Capacity violation=0.000000
