INSTANCE_FILE: big_instance/200.10.4.txt
INSTANCE_BASE: 200.10.4
SOLVER: heavy
TRAFFIC: heavy
SIGMA: 0.6,0.4,0.5,0.6,0.4,0.5,0.6,0.4,0.5,0.6,0.4,0.5
RUN: 2
---SOLVER OUTPUT---
Initial solution cost: 11313.625343
Improved solution cost: 5438.661687
Worst solution cost: 5438.661687
Mean solution cost: 5438.661687
Mean elapsed time: 1519.107618 seconds
Final solution feasibility: FEASIBLE
Solution Details:
Truck Routes:
Truck 1: 0 132 14 134 179 124 113 55 170 195 198 82 57 28 0 158 101 90 0 |Truck Time: 5432.667057|5432.667057,0.000000,0.000000,0.000000
Truck 2: 0 86 9 94 61 33 60 80 193 111 81 73 78 0 153 16 188 160 128 186 0 |Truck Time: 5422.501397|5422.501397,0.000000,0.000000,0.000000
Truck 3: 0 64 167 174 130 194 8 175 63 49 72 70 112 146 0 96 143 17 200 140 104 42 106 24 0 |Truck Time: 5432.437043|5432.437043,0.000000,0.000000,0.000000
Truck 4: 0 77 84 87 59 136 41 176 26 148 35 0 51 20 118 138 169 1 30 68 34 183 97 23 10 172 0 |Truck Time: 5417.935056|5417.935056,0.000000,0.000000,0.000000
Truck 5: 0 196 149 62 151 171 131 36 18 120 129 163 135 100 43 0 79 53 110 108 52 48 69 99 115 0 |Truck Time: 5438.661687|5438.661687,0.000000,0.000000,0.000000
Truck 6: 0 187 45 154 156 25 58 137 39 127 199 105 75 0 21 114 40 116 145 189 0 |Truck Time: 5403.347340|5403.347340,0.000000,0.000000,0.000000
Drone Routes:
Drone 1: 0 141 88 192 2 0 65 123 66 0 46 0 50 165 0 15 164 0 32 168 0 54 93 0 184 109 0 |Drone Time: 5371.219092|5371.219092,0.000000,0.000000,0.000000
Drone 2: 0 89 107 31 103 0 38 85 125 0 56 159 119 0 133 177 67 71 0 185 0 47 0 102 0 37 191 0 |Drone Time: 5411.862090|5411.862090,0.000000,0.000000,0.000000
Drone 3: 0 91 139 22 12 0 6 83 147 4 0 122 13 190 0 74 92 95 0 181 197 5 0 7 121 166 0 144 98 0 182 0 |Drone Time: 5414.201787|5414.201787,0.000000,0.000000,0.000000
Drone 4: 0 155 19 27 0 3 161 178 0 157 0 11 173 150 44 0 152 76 0 126 117 0 142 162 0 180 29 0 |Drone Time: 5334.688965|5334.688965,0.000000,0.000000,0.000000
Total validation: Makespan=5438.661687, Deadline violation=0.000000, Energy violation=0.000000, Capacity violation=0.000000
