INSTANCE_FILE: big_instance/200.10.3.txt
INSTANCE_BASE: 200.10.3
SOLVER: light
TRAFFIC: light
SIGMA: 0.9,0.7,0.8,0.9,0.7,0.8,0.9,0.7,0.8,0.9,0.7,0.8
RUN: 5
---SOLVER OUTPUT---
Initial solution cost: 8028.301096
Improved solution cost: 3531.764383
Worst solution cost: 3531.764383
Mean solution cost: 3531.764383
Mean elapsed time: 1759.753131 seconds
Final solution feasibility: FEASIBLE
Solution Details:
Truck Routes:
Truck 1: 0 148 69 13 133 1 14 184 140 80 82 83 117 120 161 122 103 84 97 17 0 39 93 0 |Truck Time: 3524.131844|3524.131844,0.000000,0.000000,0.000000
Truck 2: 0 5 18 100 42 73 171 130 68 112 170 188 196 156 134 36 47 155 59 190 65 186 2 0 27 0 |Truck Time: 3531.764383|3531.764383,0.000000,0.000000,0.000000
Truck 3: 0 154 62 101 88 24 9 157 166 72 71 114 92 85 52 162 144 75 8 180 167 106 0 |Truck Time: 3490.171830|3490.171830,0.000000,0.000000,0.000000
Truck 4: 0 172 77 20 141 136 175 87 90 129 181 54 168 10 34 185 91 99 126 67 86 26 137 79 0 |Truck Time: 3411.396151|3411.396151,0.000000,0.000000,0.000000
Truck 5: 0 41 16 183 76 96 193 194 104 58 182 199 15 6 40 124 21 33 70 142 178 46 158 0 |Truck Time: 3505.831866|3505.831866,0.000000,0.000000,0.000000
Truck 6: 0 108 102 110 149 123 150 143 200 66 50 7 25 89 128 191 38 197 95 198 49 12 0 |Truck Time: 3501.730528|3501.730528,0.000000,0.000000,0.000000
Drone Routes:
Drone 1: 0 31 78 111 132 0 116 44 139 0 22 94 0 121 32 0 138 127 51 0 |Drone Time: 3479.629112|3479.629112,0.000000,0.000000,0.000000
Drone 2: 0 135 125 163 159 113 98 107 118 81 0 165 195 37 56 131 187 0 160 169 4 0 176 30 0 |Drone Time: 3480.385180|3480.385180,0.000000,0.000000,0.000000
Drone 3: 0 173 43 151 0 19 105 28 189 60 147 152 0 55 192 0 153 109 0 63 115 57 53 0 |Drone Time: 3523.263855|3523.263855,0.000000,0.000000,0.000000
Drone 4: 0 64 179 174 48 74 0 146 145 29 45 61 0 35 177 164 0 119 3 11 0 23 0 |Drone Time: 3527.158806|3527.158806,0.000000,0.000000,0.000000
Total validation: Makespan=3531.764383, Deadline violation=0.000000, Energy violation=0.000000, Capacity violation=0.000000
