INSTANCE_FILE: big_instance/200.30.2.txt
INSTANCE_BASE: 200.30.2
SOLVER: light
TRAFFIC: light
SIGMA: 0.9,0.7,0.8,0.9,0.7,0.8,0.9,0.7,0.8,0.9,0.7,0.8
RUN: 3
---SOLVER OUTPUT---
Initial solution cost: 27957.480651
Improved solution cost: 13545.453593
Worst solution cost: 13545.453593
Mean solution cost: 13545.453593
Mean elapsed time: 1642.418614 seconds
Final solution feasibility: FEASIBLE
Solution Details:
Truck Routes:
Truck 1: 0 118 69 0 159 144 0 99 185 44 133 85 0 |Truck Time: 13539.566708|13539.566708,0.000000,0.000000,0.000000
Truck 2: 0 184 162 47 61 150 96 31 197 196 0 33 55 189 46 67 135 68 198 10 183 0 167 193 53 6 164 160 100 51 0 142 169 148 177 0 |Truck Time: 13529.542194|13529.542194,0.000000,0.000000,0.000000
Truck 3: 0 52 14 60 50 23 0 9 63 24 36 154 82 172 0 151 2 157 29 111 13 5 0 |Truck Time: 13525.378026|13525.378026,0.000000,0.000000,0.000000
Truck 4: 0 34 11 194 4 102 26 30 89 0 107 146 140 20 84 48 103 92 0 74 16 62 98 0 |Truck Time: 13515.830742|13515.830742,0.000000,0.000000,0.000000
Truck 5: 0 86 174 49 138 72 180 131 77 79 56 0 101 19 90 175 38 136 0 18 155 43 113 32 149 3 112 0 161 76 0 |Truck Time: 13508.368126|13508.368126,0.000000,0.000000,0.000000
Truck 6: 0 132 176 27 188 117 186 0 153 21 45 129 125 134 65 171 0 190 87 126 58 170 110 80 0 |Truck Time: 13506.205858|13506.205858,0.000000,0.000000,0.000000
Drone Routes:
Drone 1: 0 104 83 0 181 71 57 0 25 141 0 143 66 0 7 0 119 0 109 105 0 17 39 0 |Drone Time: 13522.671221|13522.671221,0.000000,0.000000,0.000000
Drone 2: 0 94 168 37 70 152 0 40 106 42 22 81 0 156 127 115 0 35 199 123 0 200 0 41 139 114 165 0 |Drone Time: 13532.588101|13532.588101,0.000000,0.000000,0.000000
Drone 3: 0 75 0 178 195 130 120 0 124 0 179 108 122 78 73 0 187 95 121 0 97 128 0 173 0 116 145 0 |Drone Time: 13519.742628|13519.742628,0.000000,0.000000,0.000000
Drone 4: 0 147 192 64 166 0 137 28 54 0 12 0 59 163 88 0 15 1 158 0 93 191 0 91 0 182 8 0 |Drone Time: 13545.453593|13545.453593,0.000000,0.000000,0.000000
Total validation: Makespan=13545.453593, Deadline violation=0.000000, Energy violation=0.000000, Capacity violation=0.000000
