INSTANCE_FILE: big_instance/200.20.1.txt
INSTANCE_BASE: 200.20.1
SOLVER: light
TRAFFIC: light
SIGMA: 0.9,0.7,0.8,0.9,0.7,0.8,0.9,0.7,0.8,0.9,0.7,0.8
RUN: 1
---SOLVER OUTPUT---
Initial solution cost: 16759.093786
Improved solution cost: 7950.959006
Worst solution cost: 7950.959006
Mean solution cost: 7950.959006
Mean elapsed time: 1652.808355 seconds
Final solution feasibility: FEASIBLE
Solution Details:
Truck Routes:
Truck 1: 0 89 83 34 191 98 30 17 72 11 167 69 29 0 25 109 140 80 116 71 179 85 46 0 |Truck Time: 7929.966888|7929.966888,0.000000,0.000000,0.000000
Truck 2: 0 166 26 87 41 38 103 74 176 159 99 65 0 44 40 182 93 158 14 21 165 187 0 |Truck Time: 7912.303343|7912.303343,0.000000,0.000000,0.000000
Truck 3: 0 49 31 64 61 135 124 63 53 115 174 0 142 133 127 149 111 76 24 28 163 118 35 0 |Truck Time: 7897.613333|7897.613333,0.000000,0.000000,0.000000
Truck 4: 0 79 121 126 52 16 84 81 22 152 0 94 141 186 86 171 15 39 97 73 132 66 0 |Truck Time: 7940.165940|7940.165940,0.000000,0.000000,0.000000
Truck 5: 0 178 3 145 157 147 13 197 168 143 148 192 161 0 169 7 194 131 32 0 |Truck Time: 7950.959006|7950.959006,0.000000,0.000000,0.000000
Truck 6: 0 151 6 101 36 110 60 0 100 56 47 117 107 102 67 105 33 2 200 92 0 123 51 42 146 0 |Truck Time: 7949.479046|7949.479046,0.000000,0.000000,0.000000
Drone Routes:
Drone 1: 0 59 5 177 1 190 0 199 172 27 0 129 12 175 0 164 90 150 0 193 0 139 0 48 0 188 19 0 162 114 0 |Drone Time: 7941.310502|7941.310502,0.000000,0.000000,0.000000
Drone 2: 0 125 70 37 0 160 8 196 43 9 113 0 54 104 55 78 0 20 0 4 18 0 122 173 0 106 128 0 |Drone Time: 7939.378560|7939.378560,0.000000,0.000000,0.000000
Drone 3: 0 136 189 75 58 0 95 138 10 0 134 184 112 0 120 183 0 156 180 0 154 45 0 91 88 0 |Drone Time: 7892.125240|7892.125240,0.000000,0.000000,0.000000
Drone 4: 0 181 50 68 0 195 82 119 77 153 108 0 62 96 198 0 170 0 137 23 130 155 0 185 57 144 0 |Drone Time: 7947.159961|7947.159961,0.000000,0.000000,0.000000
Total validation: Makespan=7950.959006, Deadline violation=0.000000, Energy violation=0.000000, Capacity violation=0.000000
