INSTANCE_FILE: big_instance/200.10.2.txt
INSTANCE_BASE: 200.10.2
SOLVER: heavy
TRAFFIC: heavy
SIGMA: 0.6,0.4,0.5,0.6,0.4,0.5,0.6,0.4,0.5,0.6,0.4,0.5
RUN: 4
---SOLVER OUTPUT---
Initial solution cost: 10951.554196
Improved solution cost: 5731.205902
Worst solution cost: 5731.205902
Mean solution cost: 5731.205902
Mean elapsed time: 1534.591813 seconds
Final solution feasibility: FEASIBLE
Solution Details:
Truck Routes:
Truck 1: 0 198 125 150 12 104 123 112 17 18 110 34 66 41 0 192 143 68 132 157 0 |Truck Time: 5555.768248|5555.768248,0.000000,0.000000,0.000000
Truck 2: 0 69 50 147 87 140 152 46 45 103 141 20 148 169 0 79 23 86 59 61 187 0 |Truck Time: 5638.732254|5638.732254,0.000000,0.000000,0.000000
Truck 3: 0 96 176 57 2 7 75 195 47 63 156 16 144 32 138 190 31 0 76 38 133 36 130 0 |Truck Time: 5731.205902|5731.205902,0.000000,0.000000,0.000000
Truck 4: 0 4 49 172 9 33 127 160 88 183 8 53 175 0 114 119 153 135 178 166 93 3 65 74 199 0 |Truck Time: 5684.589913|5684.589913,0.000000,0.000000,0.000000
Truck 5: 0 51 55 84 24 113 129 85 115 30 6 19 106 0 10 83 162 126 116 29 99 0 |Truck Time: 5659.196048|5659.196048,0.000000,0.000000,0.000000
Truck 6: 0 154 181 27 120 26 56 64 182 173 100 48 180 136 0 91 98 188 164 90 1 128 151 0 |Truck Time: 5703.939948|5703.939948,0.000000,0.000000,0.000000
Drone Routes:
Drone 1: 0 191 11 37 0 200 0 54 0 78 0 185 0 131 0 149 0 177 40 0 111 0 167 92 161 0 |Drone Time: 5720.722546|5720.722546,0.000000,0.000000,0.000000
Drone 2: 0 22 122 0 43 146 21 0 139 52 0 163 15 0 58 62 0 134 28 0 80 0 14 0 179 0 42 137 0 |Drone Time: 5708.722951|5708.722951,0.000000,0.000000,0.000000
Drone 3: 0 97 39 186 105 117 0 5 168 0 165 71 158 77 0 107 155 184 0 101 118 108 196 0 193 13 170 174 0 70 0 |Drone Time: 5698.055223|5698.055223,0.000000,0.000000,0.000000
Drone 4: 0 44 124 25 0 35 0 95 72 73 0 171 67 81 0 94 0 121 197 142 102 0 145 189 89 82 0 194 109 0 159 60 0 |Drone Time: 5640.429121|5640.429121,0.000000,0.000000,0.000000
Total validation: Makespan=5731.205902, Deadline violation=0.000000, Energy violation=0.000000, Capacity violation=0.000000
