INSTANCE_FILE: big_instance/200.40.2.txt
INSTANCE_BASE: 200.40.2
SOLVER: light
TRAFFIC: light
SIGMA: 0.9,0.7,0.8,0.9,0.7,0.8,0.9,0.7,0.8,0.9,0.7,0.8
RUN: 4
---SOLVER OUTPUT---
Initial solution cost: 41852.247064
Improved solution cost: 22193.322609
Worst solution cost: 22193.322609
Mean solution cost: 22193.322609
Mean elapsed time: 1467.421457 seconds
Final solution feasibility: FEASIBLE
Solution Details:
Truck Routes:
Truck 1: 0 178 169 96 0 112 165 193 23 0 34 24 192 0 100 60 56 10 0 |Truck Time: 22113.564169|22113.564169,0.000000,0.000000,0.000000
Truck 2: 0 108 59 46 161 173 39 0 40 153 175 116 148 45 0 200 157 160 54 0 125 197 190 66 107 44 0 174 133 0 |Truck Time: 22189.406936|22189.406936,0.000000,0.000000,0.000000
Truck 3: 0 85 0 18 164 15 0 51 172 38 159 0 84 31 186 0 |Truck Time: 22186.835879|22186.835879,0.000000,0.000000,0.000000
Truck 4: 0 166 180 128 29 0 150 135 41 106 0 67 8 70 0 198 167 123 6 11 19 0 |Truck Time: 22177.488809|22177.488809,0.000000,0.000000,0.000000
Truck 5: 0 69 2 5 52 0 127 163 188 14 0 139 68 30 140 145 72 170 0 122 12 77 183 20 94 0 131 187 132 43 92 0 |Truck Time: 22182.828504|22182.828504,0.000000,0.000000,0.000000
Truck 6: 0 17 194 113 0 88 49 48 3 179 191 42 0 78 97 151 22 93 9 63 101 0 89 168 7 130 98 0 134 0 |Truck Time: 22045.687849|22045.687849,0.000000,0.000000,0.000000
Drone Routes:
Drone 1: 0 120 76 83 0 82 0 129 0 152 64 0 184 143 0 86 105 0 4 147 0 144 81 0 1 13 0 28 0 |Drone Time: 22168.264611|22168.264611,0.000000,0.000000,0.000000
Drone 2: 0 149 0 114 0 177 0 111 95 0 119 124 0 109 0 181 0 155 0 74 154 0 61 117 0 |Drone Time: 22193.322609|22193.322609,0.000000,0.000000,0.000000
Drone 3: 0 27 158 196 0 182 75 146 138 0 26 195 87 185 0 79 141 156 25 0 171 21 99 0 47 0 121 137 0 32 0 102 103 0 |Drone Time: 22121.605417|22121.605417,0.000000,0.000000,0.000000
Drone 4: 0 199 58 55 0 80 90 118 0 16 71 35 115 0 176 104 162 0 50 136 36 0 65 53 57 0 37 62 189 0 110 91 73 0 126 142 33 0 |Drone Time: 22187.445089|22187.445089,0.000000,0.000000,0.000000
Total validation: Makespan=22193.322609, Deadline violation=0.000000, Energy violation=0.000000, Capacity violation=0.000000
