INSTANCE_FILE: big_instance/200.30.4.txt
INSTANCE_BASE: 200.30.4
SOLVER: light
TRAFFIC: light
SIGMA: 0.9,0.7,0.8,0.9,0.7,0.8,0.9,0.7,0.8,0.9,0.7,0.8
RUN: 5
---SOLVER OUTPUT---
Initial solution cost: 28823.147714
Improved solution cost: 13566.440199
Worst solution cost: 13566.440199
Mean solution cost: 13566.440199
Mean elapsed time: 1808.626306 seconds
Final solution feasibility: FEASIBLE
Solution Details:
Truck Routes:
Truck 1: 0 175 161 41 168 14 45 0 22 54 11 13 39 114 0 139 110 6 72 179 118 62 102 197 0 |Truck Time: 13545.307830|13545.307830,0.000000,0.000000,0.000000
Truck 2: 0 97 135 174 136 164 107 0 95 56 79 134 156 0 25 119 170 154 163 69 76 83 157 0 |Truck Time: 13566.440199|13566.440199,0.000000,0.000000,0.000000
Truck 3: 0 18 17 86 28 117 12 60 158 3 0 74 99 145 98 65 0 40 121 173 58 21 178 0 |Truck Time: 13473.036431|13473.036431,0.000000,0.000000,0.000000
Truck 4: 0 124 190 4 143 155 84 31 89 0 50 195 194 64 149 104 151 192 0 96 85 176 147 187 16 8 0 137 0 |Truck Time: 13520.893999|13520.893999,0.000000,0.000000,0.000000
Truck 5: 0 77 171 53 23 61 166 0 191 29 19 49 47 46 0 35 127 152 9 66 126 0 |Truck Time: 13487.577096|13487.577096,0.000000,0.000000,0.000000
Truck 6: 0 10 1 92 68 159 184 87 0 123 122 138 43 37 198 73 101 80 26 0 67 196 94 167 140 106 116 0 |Truck Time: 13417.260369|13417.260369,0.000000,0.000000,0.000000
Drone Routes:
Drone 1: 0 33 91 183 0 182 165 63 0 36 51 44 0 144 0 81 7 0 103 48 0 188 153 0 |Drone Time: 13430.035028|13430.035028,0.000000,0.000000,0.000000
Drone 2: 0 115 108 52 0 42 130 169 199 0 2 181 75 0 142 78 55 0 162 0 131 109 150 0 90 71 88 0 |Drone Time: 13553.401716|13553.401716,0.000000,0.000000,0.000000
Drone 3: 0 125 38 186 0 177 0 200 30 111 0 129 82 141 0 93 100 0 180 0 193 185 0 148 105 0 |Drone Time: 13561.568507|13561.568507,0.000000,0.000000,0.000000
Drone 4: 0 5 59 120 0 15 113 132 0 133 189 0 27 32 172 70 0 146 112 34 160 0 24 20 0 57 128 0 |Drone Time: 13557.306225|13557.306225,0.000000,0.000000,0.000000
Total validation: Makespan=13566.440199, Deadline violation=0.000000, Energy violation=0.000000, Capacity violation=0.000000
