INSTANCE_FILE: big_instance/200.40.1.txt
INSTANCE_BASE: 200.40.1
SOLVER: light
TRAFFIC: light
SIGMA: 0.9,0.7,0.8,0.9,0.7,0.8,0.9,0.7,0.8,0.9,0.7,0.8
RUN: 1
---SOLVER OUTPUT---
Initial solution cost: 39283.903513
Improved solution cost: 19859.093843
Worst solution cost: 19859.093843
Mean solution cost: 19859.093843
Mean elapsed time: 1480.348248 seconds
Final solution feasibility: FEASIBLE
Solution Details:
Truck Routes:
Truck 1: 0 128 162 41 167 0 186 72 80 136 0 124 130 90 62 0 149 195 39 73 0 |Truck Time: 19813.973632|19813.973632,0.000000,0.000000,0.000000
Truck 2: 0 77 70 88 0 200 71 85 28 14 0 104 8 52 21 196 119 147 29 0 187 169 158 18 37 11 0 |Truck Time: 19780.007556|19780.007556,0.000000,0.000000,0.000000
Truck 3: 0 30 131 194 6 121 159 0 116 198 173 110 0 42 181 145 184 101 0 199 95 117 0 |Truck Time: 19844.645235|19844.645235,0.000000,0.000000,0.000000
Truck 4: 0 16 107 115 168 108 135 0 152 100 109 154 36 66 55 0 58 125 175 197 155 0 164 56 190 63 176 13 188 92 2 3 0 156 0 |Truck Time: 19726.565009|19726.565009,0.000000,0.000000,0.000000
Truck 5: 0 113 46 105 0 185 51 182 96 0 1 74 54 0 59 26 165 193 75 102 0 |Truck Time: 19791.634775|19791.634775,0.000000,0.000000,0.000000
Truck 6: 0 129 49 144 0 166 61 93 76 126 0 146 9 123 177 79 118 179 64 0 65 87 192 183 122 0 |Truck Time: 19852.600106|19852.600106,0.000000,0.000000,0.000000
Drone Routes:
Drone 1: 0 138 132 45 0 4 157 0 24 94 0 69 98 191 0 178 23 0 20 153 12 0 134 0 143 0 127 0 |Drone Time: 19852.357977|19852.357977,0.000000,0.000000,0.000000
Drone 2: 0 83 84 17 0 106 189 60 0 91 142 19 47 86 0 161 171 7 0 43 0 112 140 44 0 137 53 0 5 32 0 |Drone Time: 19850.772616|19850.772616,0.000000,0.000000,0.000000
Drone 3: 0 170 120 40 0 81 67 31 35 141 0 15 0 48 139 10 0 50 174 0 133 0 89 0 163 0 103 27 0 |Drone Time: 19831.488764|19831.488764,0.000000,0.000000,0.000000
Drone 4: 0 99 0 68 57 82 33 0 78 0 34 97 111 0 160 38 114 172 25 0 22 0 151 0 150 0 180 148 0 |Drone Time: 19859.093843|19859.093843,0.000000,0.000000,0.000000
Total validation: Makespan=19859.093843, Deadline violation=0.000000, Energy violation=0.000000, Capacity violation=0.000000
