INSTANCE_FILE: big_instance/200.30.1.txt
INSTANCE_BASE: 200.30.1
SOLVER: light
TRAFFIC: light
SIGMA: 0.9,0.7,0.8,0.9,0.7,0.8,0.9,0.7,0.8,0.9,0.7,0.8
RUN: 4
---SOLVER OUTPUT---
Initial solution cost: 28813.288766
Improved solution cost: 13215.430553
Worst solution cost: 13215.430553
Mean solution cost: 13215.430553
Mean elapsed time: 1612.567013 seconds
Final solution feasibility: FEASIBLE
Solution Details:
Truck Routes:
Truck 1: 0 53 116 24 123 19 0 168 96 92 66 15 173 55 102 158 0 124 190 196 195 14 97 0 |Truck Time: 13129.491535|13129.491535,0.000000,0.000000,0.000000
Truck 2: 0 1 191 54 120 175 172 69 77 0 157 103 42 152 179 197 59 0 156 187 163 130 74 88 84 159 0 |Truck Time: 13215.430553|13215.430553,0.000000,0.000000,0.000000
Truck 3: 0 78 135 12 75 144 198 0 132 99 164 62 127 125 39 0 107 119 145 72 76 128 98 118 0 |Truck Time: 13165.442328|13165.442328,0.000000,0.000000,0.000000
Truck 4: 0 143 51 71 79 109 60 47 0 176 185 101 52 153 29 154 194 0 192 167 0 |Truck Time: 13166.895265|13166.895265,0.000000,0.000000,0.000000
Truck 5: 0 73 3 94 65 4 8 114 28 90 33 0 95 186 139 48 27 23 151 31 137 113 112 0 64 46 7 100 80 16 0 |Truck Time: 13138.302227|13138.302227,0.000000,0.000000,0.000000
Truck 6: 0 67 121 21 61 85 0 142 117 83 134 0 115 9 177 37 200 0 |Truck Time: 13182.113016|13182.113016,0.000000,0.000000,0.000000
Drone Routes:
Drone 1: 0 58 43 57 104 41 35 0 181 0 178 63 189 0 2 149 36 0 68 26 106 0 32 0 20 49 0 38 0 |Drone Time: 13150.324495|13150.324495,0.000000,0.000000,0.000000
Drone 2: 0 34 110 86 0 162 155 184 0 160 182 5 108 0 146 136 188 0 165 87 0 18 0 147 170 0 |Drone Time: 13208.788897|13208.788897,0.000000,0.000000,0.000000
Drone 3: 0 131 45 140 133 193 0 150 0 183 174 22 30 0 89 40 0 161 0 56 25 0 50 141 0 |Drone Time: 13093.527243|13093.527243,0.000000,0.000000,0.000000
Drone 4: 0 148 138 93 10 0 129 81 126 13 0 169 171 91 122 180 0 82 44 111 0 199 17 166 0 11 105 0 70 6 0 |Drone Time: 13187.968391|13187.968391,0.000000,0.000000,0.000000
Total validation: Makespan=13215.430553, Deadline violation=0.000000, Energy violation=0.000000, Capacity violation=0.000000
