Instance: 200.20.1
Customer group: 200
Repetition: 5
Experiment strategy: adaptive
Gamma set: g1
Gamma1: 0.3
Gamma2: 0.2
Gamma3: 0.1
Gamma4: 0.3
Experiment seed: 46
Solver exit code: 0
Neighborhood selection: adaptive
Adaptive parameters: 0.300000 0.200000 0.100000 0.300000
Random seed: 46
Simulated annealing: disabled
Diversification: disabled
Initial solution cost: 19368.725998
Improved solution cost: 14291.406401
Worst solution cost: 14291.406401
Mean solution cost: 14291.406401
Mean elapsed time: 1395.528303 seconds
Final solution feasibility: FEASIBLE
Solution Details:
Truck Routes:
Truck 1: 0 80 179 69 0 87 41 103 150 0 61 135 13 147 145 0 |Truck Time: 14231.557017|14231.557017,0.000000,0.000000,0.000000
Truck 2: 0 133 127 76 24 163 0 64 97 73 0 94 194 88 7 169 9 0 |Truck Time: 14291.406401|14291.406401,0.000000,0.000000,0.000000
Truck 3: 0 195 128 32 12 144 45 0 122 110 60 0 132 31 170 53 115 0 129 49 193 0 116 0 |Truck Time: 14281.552703|14281.552703,0.000000,0.000000,0.000000
Truck 4: 0 188 137 139 89 0 81 0 11 83 72 167 29 185 0 192 148 168 5 161 0 |Truck Time: 14131.407934|14131.407934,0.000000,0.000000,0.000000
Truck 5: 0 124 63 180 0 152 66 95 0 40 57 184 112 48 0 107 67 33 2 200 0 |Truck Time: 14218.984945|14218.984945,0.000000,0.000000,0.000000
Drone Routes:
Drone 1: 0 173 0 1 146 0 106 141 82 0 166 111 0 85 27 0 35 55 78 0 84 16 0 65 8 0 155 130 71 0 162 14 0 74 176 0 118 54 164 160 0 123 178 190 0 |Drone Time: 14259.376803|14259.376803,0.000000,0.000000,0.000000
Drone 2: 0 17 0 23 140 191 0 182 0 142 0 15 86 0 90 104 0 151 44 0 125 92 0 47 117 0 20 25 0 138 154 0 21 0 34 50 0 |Drone Time: 14175.902300|14175.902300,0.000000,0.000000,0.000000
Drone 3: 0 183 196 0 70 189 0 62 96 198 120 0 46 0 98 0 26 38 0 165 174 0 75 197 58 0 79 28 0 187 134 0 99 22 0 100 0 |Drone Time: 14203.915671|14203.915671,0.000000,0.000000,0.000000
Drone 4: 0 186 0 93 0 114 68 30 0 177 157 4 0 36 0 10 91 131 52 0 158 149 0 121 0 19 102 0 159 0 101 0 42 0 |Drone Time: 14291.021270|14291.021270,0.000000,0.000000,0.000000
Drone 5: 0 175 37 0 18 136 0 181 109 143 0 113 39 0 108 153 77 171 119 0 199 172 0 51 0 156 0 3 59 0 56 105 0 43 126 0 6 0 |Drone Time: 14266.134468|14266.134468,0.000000,0.000000,0.000000
Total validation: Makespan=14291.406401, Deadline violation=0.000000, Energy violation=0.000000, Capacity violation=0.000000
