Instance: 200.30.2
Customer group: 200
Repetition: 4
Experiment strategy: adaptive
Gamma set: g3
Gamma1: 0.3
Gamma2: 0.2
Gamma3: 0.1
Gamma4: 0.6
Experiment seed: 45
Solver exit code: 0
Neighborhood selection: adaptive
Adaptive parameters: 0.300000 0.200000 0.100000 0.600000
Random seed: 45
Simulated annealing: disabled
Diversification: disabled
Initial solution cost: 30307.848228
Improved solution cost: 20559.872382
Worst solution cost: 20559.872382
Mean solution cost: 20559.872382
Mean elapsed time: 1613.584115 seconds
Final solution feasibility: FEASIBLE
Solution Details:
Truck Routes:
Truck 1: 0 13 69 0 18 142 169 177 0 12 119 137 0 104 6 160 100 0 73 0 |Truck Time: 20482.822945|20482.822945,0.000000,0.000000,0.000000
Truck 2: 0 146 179 140 147 161 0 184 186 0 101 82 125 134 0 141 80 0 46 174 86 0 |Truck Time: 20559.872382|20559.872382,0.000000,0.000000,0.000000
Truck 3: 0 133 44 103 0 108 122 78 91 74 0 23 105 109 99 0 63 172 0 |Truck Time: 20270.092177|20270.092177,0.000000,0.000000,0.000000
Truck 4: 0 0 196 19 7 0 162 155 43 32 113 0 0 193 51 96 150 61 0 159 144 171 0 |Truck Time: 20495.642791|20495.642791,0.000000,0.000000,0.000000
Truck 5: 0 8 0 163 77 75 0 199 123 71 29 111 0 183 10 68 198 56 0 |Truck Time: 20386.803552|20386.803552,0.000000,0.000000,0.000000
Drone Routes:
Drone 1: 0 88 145 0 129 0 40 9 106 15 0 62 0 89 30 0 65 158 0 166 124 0 182 153 28 0 84 31 0 135 67 57 0 192 66 143 0 148 47 0 45 24 0 |Drone Time: 20498.039388|20498.039388,0.000000,0.000000,0.000000
Drone 2: 0 41 14 0 52 48 0 164 25 94 0 126 0 110 0 149 0 90 0 156 127 175 0 154 36 0 139 50 0 188 132 0 121 118 35 0 16 120 0 |Drone Time: 20505.312381|20505.312381,0.000000,0.000000,0.000000
Drone 3: 0 190 197 0 5 0 33 0 117 53 112 0 70 152 115 0 42 22 0 176 3 0 187 26 116 0 191 93 0 98 0 59 181 79 55 0 85 178 0 39 0 2 157 0 |Drone Time: 20558.683648|20558.683648,0.000000,0.000000,0.000000
Drone 4: 0 136 0 138 131 0 189 180 0 49 72 0 95 0 21 0 165 17 83 0 185 0 38 0 27 0 167 54 0 92 195 107 0 37 168 173 0 |Drone Time: 20558.529068|20558.529068,0.000000,0.000000,0.000000
Drone 5: 0 130 64 0 151 0 128 97 0 200 0 58 76 0 34 194 0 60 87 0 1 4 81 0 102 0 20 0 11 0 114 170 0 |Drone Time: 20556.251133|20556.251133,0.000000,0.000000,0.000000
Total validation: Makespan=20559.872382, Deadline violation=0.000000, Energy violation=0.000000, Capacity violation=0.000000
