Instance: 200.30.4
Customer group: 200
Repetition: 2
Experiment strategy: random
Gamma set: 
Gamma1: 
Gamma2: 
Gamma3: 
Gamma4: 
Experiment seed: 43
Solver exit code: 0
Neighborhood selection: random
Random seed: 43
Simulated annealing: disabled
Diversification: disabled
Initial solution cost: 33373.618535
Improved solution cost: 21146.876158
Worst solution cost: 21146.876158
Mean solution cost: 21146.876158
Mean elapsed time: 1467.847470 seconds
Final solution feasibility: FEASIBLE
Solution Details:
Truck Routes:
Truck 1: 0 56 165 0 112 29 19 49 134 0 155 119 17 0 142 0 |Truck Time: 21096.740193|21096.740193,0.000000,0.000000,0.000000
Truck 2: 0 135 172 89 0 145 74 102 109 0 176 133 180 8 156 0 101 73 0 |Truck Time: 21080.969151|21080.969151,0.000000,0.000000,0.000000
Truck 3: 0 198 0 122 43 37 159 184 0 85 147 51 174 136 0 48 103 98 131 0 |Truck Time: 21146.876158|21146.876158,0.000000,0.000000,0.000000
Truck 4: 0 60 171 23 0 173 40 195 0 54 14 11 168 161 200 0 50 194 114 0 26 190 143 157 0 |Truck Time: 20771.269186|20771.269186,0.000000,0.000000,0.000000
Truck 5: 0 4 125 0 107 0 163 154 170 84 31 0 141 9 117 12 126 77 0 61 5 166 0 151 0 |Truck Time: 21143.112218|21143.112218,0.000000,0.000000,0.000000
Drone Routes:
Drone 1: 0 16 187 0 25 0 189 15 113 0 183 93 0 52 167 0 1 123 97 0 192 38 116 0 99 42 0 76 90 188 0 47 81 0 124 0 129 18 158 0 82 35 0 |Drone Time: 21131.553093|21131.553093,0.000000,0.000000,0.000000
Drone 2: 0 137 0 132 7 0 140 115 0 44 96 0 186 105 0 181 66 0 71 30 0 64 55 78 100 0 95 160 0 62 150 0 139 110 178 121 0 175 0 68 0 |Drone Time: 21134.161696|21134.161696,0.000000,0.000000,0.000000
Drone 3: 0 63 0 191 0 59 0 94 0 193 0 87 10 0 120 152 148 0 27 164 70 0 36 46 0 197 0 72 130 169 0 20 24 0 33 21 0 185 53 0 |Drone Time: 21097.262313|21097.262313,0.000000,0.000000,0.000000
Drone 4: 0 91 22 0 128 57 0 108 41 0 92 32 0 199 179 0 79 34 146 0 118 111 0 86 28 88 0 65 0 149 58 0 83 69 0 3 0 104 0 |Drone Time: 21137.056896|21137.056896,0.000000,0.000000,0.000000
Drone 5: 0 162 0 127 0 144 0 106 0 67 196 0 138 0 6 0 13 0 153 0 45 0 39 0 80 0 177 0 75 2 182 0 |Drone Time: 21065.805836|21065.805836,0.000000,0.000000,0.000000
Total validation: Makespan=21146.876158, Deadline violation=0.000000, Energy violation=0.000000, Capacity violation=0.000000
