Instance: 200.10.2
Customer group: 200
Repetition: 4
Experiment strategy: cyclic
Gamma set: 
Gamma1: 
Gamma2: 
Gamma3: 
Gamma4: 
Experiment seed: 45
Solver exit code: 0
Neighborhood selection: cyclic
Random seed: 45
Simulated annealing: disabled
Diversification: disabled
Initial solution cost: 10569.697666
Improved solution cost: 7045.761558
Worst solution cost: 7045.761558
Mean solution cost: 7045.761558
Mean elapsed time: 1921.169701 seconds
Final solution feasibility: FEASIBLE
Solution Details:
Truck Routes:
Truck 1: 0 125 200 82 112 17 123 104 12 150 164 1 0 166 93 100 3 0 189 90 128 0 |Truck Time: 7007.294192|7007.294192,0.000000,0.000000,0.000000
Truck 2: 0 8 88 184 155 161 55 10 126 116 29 0 190 32 144 48 138 0 33 127 160 0 |Truck Time: 6964.278644|6964.278644,0.000000,0.000000,0.000000
Truck 3: 0 154 181 174 35 0 63 47 75 96 64 122 135 60 119 74 179 0 117 45 103 141 20 0 |Truck Time: 7045.761558|7045.761558,0.000000,0.000000,0.000000
Truck 4: 0 152 168 140 87 139 62 188 58 98 91 0 196 131 129 113 85 115 30 6 0 |Truck Time: 7045.214058|7045.214058,0.000000,0.000000,0.000000
Truck 5: 0 4 130 80 49 9 197 102 36 38 175 99 0 191 147 79 0 31 94 78 171 151 41 0 |Truck Time: 6933.963663|6933.963663,0.000000,0.000000,0.000000
Drone Routes:
Drone 1: 0 65 0 23 51 0 182 0 106 0 120 0 57 0 195 0 61 0 14 0 109 0 86 44 0 22 2 0 19 0 97 172 0 |Drone Time: 7042.128654|7042.128654,0.000000,0.000000,0.000000
Drone 2: 0 178 158 0 40 0 37 11 194 0 148 105 186 0 7 71 0 114 0 95 72 0 69 156 0 27 0 124 169 0 180 0 |Drone Time: 7034.320678|7034.320678,0.000000,0.000000,0.000000
Drone 3: 0 192 0 66 0 176 165 0 15 163 0 110 18 0 157 0 70 0 121 142 76 0 143 54 0 199 0 149 177 0 24 84 0 |Drone Time: 7045.633217|7045.633217,0.000000,0.000000,0.000000
Drone 4: 0 108 118 107 53 0 187 0 5 52 89 145 0 193 170 153 0 173 0 137 0 134 0 167 92 183 0 50 0 83 0 21 0 |Drone Time: 7020.328745|7020.328745,0.000000,0.000000,0.000000
Drone 5: 0 133 13 0 34 73 0 111 67 0 39 28 46 25 59 0 132 68 0 42 26 0 198 0 159 56 77 0 81 146 16 0 162 101 0 43 136 0 185 0 |Drone Time: 7035.370789|7035.370789,0.000000,0.000000,0.000000
Total validation: Makespan=7045.761558, Deadline violation=0.000000, Energy violation=0.000000, Capacity violation=0.000000
