Instance: 200.10.3
Customer group: 200
Repetition: 5
Experiment strategy: adaptive
Gamma set: g2
Gamma1: 0.5
Gamma2: 0.3
Gamma3: 0.1
Gamma4: 0.3
Experiment seed: 46
Solver exit code: 0
Neighborhood selection: adaptive
Adaptive parameters: 0.500000 0.300000 0.100000 0.300000
Random seed: 46
Simulated annealing: disabled
Diversification: disabled
Initial solution cost: 9432.239049
Improved solution cost: 5882.395683
Worst solution cost: 5882.395683
Mean solution cost: 5882.395683
Mean elapsed time: 1663.123255 seconds
Final solution feasibility: FEASIBLE
Solution Details:
Truck Routes:
Truck 1: 0 151 173 24 88 157 166 0 96 193 169 81 15 40 21 124 6 194 0 172 0 |Truck Time: 5874.495561|5874.495561,0.000000,0.000000,0.000000
Truck 2: 0 63 38 197 191 35 0 183 16 46 158 0 160 97 184 84 103 122 182 0 |Truck Time: 5872.960627|5872.960627,0.000000,0.000000,0.000000
Truck 3: 0 14 140 80 82 1 133 13 58 17 0 112 130 29 68 170 0 |Truck Time: 5882.395683|5882.395683,0.000000,0.000000,0.000000
Truck 4: 0 108 127 99 91 34 87 175 19 0 136 181 54 168 10 50 66 200 7 25 143 123 149 0 |Truck Time: 5852.965667|5852.965667,0.000000,0.000000,0.000000
Truck 5: 0 3 18 155 59 42 100 190 65 5 2 186 11 0 141 71 92 85 154 162 144 125 0 |Truck Time: 5736.926490|5736.926490,0.000000,0.000000,0.000000
Drone Routes:
Drone 1: 0 199 33 107 135 0 164 192 0 95 139 0 60 129 0 78 73 31 171 0 132 83 117 0 23 0 104 0 26 126 0 |Drone Time: 5867.002572|5867.002572,0.000000,0.000000,0.000000
Drone 2: 0 106 0 22 0 90 0 52 101 0 61 119 94 115 0 75 56 195 37 0 55 9 72 0 105 147 32 0 180 187 0 134 156 0 |Drone Time: 5875.031826|5875.031826,0.000000,0.000000,0.000000
Drone 3: 0 44 145 146 45 176 0 142 113 159 98 0 131 41 0 163 178 70 0 121 67 102 0 36 12 0 51 185 64 0 188 0 93 0 |Drone Time: 5862.484520|5862.484520,0.000000,0.000000,0.000000
Drone 4: 0 118 120 0 8 0 77 28 74 48 189 0 161 0 53 196 198 0 20 165 0 4 111 0 150 138 0 86 0 137 152 0 |Drone Time: 5871.196450|5871.196450,0.000000,0.000000,0.000000
Drone 5: 0 30 76 0 110 174 57 0 43 114 62 0 128 116 0 109 153 0 179 89 177 0 167 39 0 79 0 49 47 0 27 0 69 148 0 |Drone Time: 5827.004044|5827.004044,0.000000,0.000000,0.000000
Total validation: Makespan=5882.395683, Deadline violation=0.000000, Energy violation=0.000000, Capacity violation=0.000000
