Instance: 200.20.1
Customer group: 200
Repetition: 2
Experiment strategy: cyclic
Gamma set: 
Gamma1: 
Gamma2: 
Gamma3: 
Gamma4: 
Experiment seed: 43
Solver exit code: 0
Neighborhood selection: cyclic
Random seed: 43
Simulated annealing: disabled
Diversification: disabled
Initial solution cost: 21786.580333
Improved solution cost: 15065.407220
Worst solution cost: 15065.407220
Mean solution cost: 15065.407220
Mean elapsed time: 1390.483127 seconds
Final solution feasibility: FEASIBLE
Solution Details:
Truck Routes:
Truck 1: 0 81 79 128 95 0 60 0 41 103 87 150 0 98 72 17 0 |Truck Time: 14267.565170|14267.565170,0.000000,0.000000,0.000000
Truck 2: 0 100 56 19 0 118 163 0 197 136 13 157 145 33 0 43 88 194 141 94 119 0 |Truck Time: 15065.407220|15065.407220,0.000000,0.000000,0.000000
Truck 3: 0 39 97 0 178 200 2 0 11 34 83 0 116 80 139 134 0 |Truck Time: 15047.402586|15047.402586,0.000000,0.000000,0.000000
Truck 4: 0 179 130 46 188 0 132 31 170 0 51 146 0 135 108 86 131 0 161 67 0 |Truck Time: 15018.793096|15018.793096,0.000000,0.000000,0.000000
Truck 5: 0 48 35 45 152 0 20 69 29 122 154 10 193 0 169 0 40 184 144 0 192 177 143 148 107 0 |Truck Time: 15051.587586|15051.587586,0.000000,0.000000,0.000000
Drone Routes:
Drone 1: 0 36 68 0 110 0 28 126 0 142 54 0 4 181 71 0 16 199 27 0 114 78 111 0 93 55 74 0 174 9 0 164 8 159 0 7 0 |Drone Time: 14986.151575|14986.151575,0.000000,0.000000,0.000000
Drone 2: 0 185 85 12 0 42 0 112 57 191 0 96 0 22 26 91 195 0 99 160 0 70 75 190 62 0 156 180 0 140 30 0 121 0 167 0 6 0 |Drone Time: 15047.662310|15047.662310,0.000000,0.000000,0.000000
Drone 3: 0 5 1 59 109 0 89 23 0 84 52 106 0 187 173 0 115 171 0 127 0 25 168 0 151 44 0 53 105 0 63 0 64 196 0 65 0 66 0 |Drone Time: 15000.788929|15000.788929,0.000000,0.000000,0.000000
Drone 4: 0 32 73 0 125 102 155 123 0 124 15 0 49 113 82 0 137 50 0 186 0 166 198 24 0 90 104 0 129 138 182 0 21 165 0 47 117 0 153 77 61 0 92 0 |Drone Time: 15007.756069|15007.756069,0.000000,0.000000,0.000000
Drone 5: 0 158 149 120 0 175 37 0 38 183 0 133 0 3 58 0 147 0 189 172 0 18 0 162 14 0 176 0 101 0 76 0 |Drone Time: 15054.046067|15054.046067,0.000000,0.000000,0.000000
Total validation: Makespan=15065.407220, Deadline violation=0.000000, Energy violation=0.000000, Capacity violation=0.000000
