Instance: 200.20.1
Customer group: 200
Repetition: 5
Experiment strategy: random
Gamma set: 
Gamma1: 
Gamma2: 
Gamma3: 
Gamma4: 
Experiment seed: 46
Solver exit code: 0
Neighborhood selection: random
Random seed: 46
Simulated annealing: disabled
Diversification: disabled
Initial solution cost: 19368.725998
Improved solution cost: 13627.508863
Worst solution cost: 13627.508863
Mean solution cost: 13627.508863
Mean elapsed time: 1536.173366 seconds
Final solution feasibility: FEASIBLE
Solution Details:
Truck Routes:
Truck 1: 0 60 21 165 187 0 133 127 87 0 29 167 181 89 173 0 49 31 0 |Truck Time: 13440.621233|13440.621233,0.000000,0.000000,0.000000
Truck 2: 0 152 166 41 103 90 150 0 48 0 161 192 148 107 0 119 94 141 131 95 0 |Truck Time: 13607.220527|13607.220527,0.000000,0.000000,0.000000
Truck 3: 0 126 52 121 176 154 0 183 142 0 135 61 108 124 53 3 2 51 146 0 |Truck Time: 13627.508863|13627.508863,0.000000,0.000000,0.000000
Truck 4: 0 178 92 115 0 132 0 22 65 0 11 83 72 17 0 19 179 46 100 0 |Truck Time: 13599.904203|13599.904203,0.000000,0.000000,0.000000
Truck 5: 0 10 128 7 169 0 28 163 118 35 0 40 36 193 0 67 5 58 197 147 157 145 0 |Truck Time: 13590.444252|13590.444252,0.000000,0.000000,0.000000
Drone Routes:
Drone 1: 0 196 88 91 0 155 117 143 177 0 186 0 76 55 54 0 185 112 57 0 162 14 0 168 1 0 56 105 0 99 0 139 0 194 106 195 0 |Drone Time: 13616.892055|13616.892055,0.000000,0.000000,0.000000
Drone 2: 0 159 160 0 62 96 38 0 184 0 109 140 50 0 59 200 0 110 134 0 111 104 0 71 0 34 30 0 69 25 0 42 0 13 75 0 |Drone Time: 13596.367033|13596.367033,0.000000,0.000000,0.000000
Drone 3: 0 158 0 70 0 80 0 64 113 0 151 44 0 190 175 125 0 18 129 0 84 16 0 79 43 0 63 153 171 0 97 12 0 26 0 |Drone Time: 13627.336356|13627.336356,0.000000,0.000000,0.000000
Drone 4: 0 20 0 68 98 191 0 170 136 4 0 39 0 116 27 144 0 77 15 86 0 93 0 138 32 82 0 85 102 0 9 66 0 101 0 81 78 0 |Drone Time: 13573.257607|13573.257607,0.000000,0.000000,0.000000
Drone 5: 0 33 0 164 74 8 0 114 198 149 0 182 120 0 123 189 37 0 45 24 0 199 172 0 174 73 0 180 156 0 47 130 0 122 23 0 137 188 0 6 0 |Drone Time: 13605.842898|13605.842898,0.000000,0.000000,0.000000
Total validation: Makespan=13627.508863, Deadline violation=0.000000, Energy violation=0.000000, Capacity violation=0.000000
