Instance: 200.10.1
Customer group: 200
Repetition: 2
Experiment strategy: random
Gamma set: 
Gamma1: 
Gamma2: 
Gamma3: 
Gamma4: 
Experiment seed: 43
Solver exit code: 0
Neighborhood selection: random
Random seed: 43
Simulated annealing: disabled
Diversification: disabled
Initial solution cost: 10237.177381
Improved solution cost: 7205.205969
Worst solution cost: 7205.205969
Mean solution cost: 7205.205969
Mean elapsed time: 1802.442108 seconds
Final solution feasibility: FEASIBLE
Solution Details:
Truck Routes:
Truck 1: 0 24 157 127 194 151 0 97 92 133 12 159 156 79 0 49 198 125 177 0 |Truck Time: 7205.205969|7205.205969,0.000000,0.000000,0.000000
Truck 2: 0 82 187 74 128 188 43 113 114 149 0 144 132 75 67 158 135 140 161 0 171 21 105 51 56 47 0 |Truck Time: 7200.054177|7200.054177,0.000000,0.000000,0.000000
Truck 3: 0 134 107 76 104 28 180 0 120 163 115 52 7 10 0 199 100 0 |Truck Time: 7200.749868|7200.749868,0.000000,0.000000,0.000000
Truck 4: 0 42 25 184 37 94 9 122 168 111 78 167 0 150 57 162 87 142 186 19 131 8 0 |Truck Time: 7201.311512|7201.311512,0.000000,0.000000,0.000000
Truck 5: 0 86 62 200 190 176 152 191 73 50 0 58 44 39 41 148 0 72 6 193 126 197 0 |Truck Time: 7149.031596|7149.031596,0.000000,0.000000,0.000000
Drone Routes:
Drone 1: 0 139 174 0 99 106 0 26 116 0 178 0 118 91 0 121 71 0 48 55 98 103 0 4 0 36 164 0 18 172 64 0 3 0 |Drone Time: 7204.757904|7204.757904,0.000000,0.000000,0.000000
Drone 2: 0 102 0 14 0 160 192 20 0 59 112 0 60 11 0 40 96 88 0 80 182 0 27 0 46 145 0 130 83 0 129 61 0 173 5 0 |Drone Time: 7159.176675|7159.176675,0.000000,0.000000,0.000000
Drone 3: 0 68 0 147 63 0 181 0 108 0 16 0 90 32 119 0 70 54 0 33 0 175 138 0 30 0 123 0 143 0 195 89 0 |Drone Time: 7195.818738|7195.818738,0.000000,0.000000,0.000000
Drone 4: 0 166 0 31 0 45 65 0 101 66 0 117 0 53 29 183 0 146 154 0 81 2 0 179 185 0 1 77 17 110 0 153 155 0 15 38 0 |Drone Time: 7183.565051|7183.565051,0.000000,0.000000,0.000000
Drone 5: 0 84 95 23 0 85 141 0 93 170 196 0 13 0 165 69 0 22 0 124 34 0 136 0 189 137 0 109 0 169 35 0 |Drone Time: 7184.910965|7184.910965,0.000000,0.000000,0.000000
Total validation: Makespan=7205.205969, Deadline violation=0.000000, Energy violation=0.000000, Capacity violation=0.000000
