Instance: 200.10.4
Customer group: 200
Repetition: 3
Experiment strategy: adaptive
Gamma set: g3
Gamma1: 0.3
Gamma2: 0.2
Gamma3: 0.1
Gamma4: 0.6
Experiment seed: 44
Solver exit code: 0
Neighborhood selection: adaptive
Adaptive parameters: 0.300000 0.200000 0.100000 0.600000
Random seed: 44
Simulated annealing: disabled
Diversification: disabled
Initial solution cost: 10480.571429
Improved solution cost: 8076.211511
Worst solution cost: 8076.211511
Mean solution cost: 8076.211511
Mean elapsed time: 1666.017186 seconds
Final solution feasibility: FEASIBLE
Solution Details:
Truck Routes:
Truck 1: 0 43 34 163 149 105 188 16 5 0 20 32 168 184 0 26 189 0 |Truck Time: 8065.650694|8065.650694,0.000000,0.000000,0.000000
Truck 2: 0 143 4 65 9 81 78 0 113 55 124 195 0 161 194 130 30 0 |Truck Time: 8074.270947|8074.270947,0.000000,0.000000,0.000000
Truck 3: 0 76 165 170 198 108 52 42 104 17 200 140 86 0 158 21 0 68 72 63 49 0 |Truck Time: 8072.312143|8072.312143,0.000000,0.000000,0.000000
Truck 4: 0 120 36 131 0 185 14 134 180 47 117 162 0 18 19 171 27 137 58 39 127 0 |Truck Time: 8076.211511|8076.211511,0.000000,0.000000,0.000000
Truck 5: 0 142 46 99 115 0 35 28 157 172 10 190 77 106 0 69 48 13 84 0 111 144 33 80 193 0 |Truck Time: 8024.150968|8024.150968,0.000000,0.000000,0.000000
Drone Routes:
Drone 1: 0 73 98 0 176 74 0 146 191 71 0 6 136 0 1 125 0 129 154 0 79 83 0 174 121 0 59 0 145 0 3 93 38 0 197 181 0 |Drone Time: 7942.679856|7942.679856,0.000000,0.000000,0.000000
Drone 2: 0 151 0 177 152 0 89 31 103 107 0 101 0 110 29 147 0 153 164 0 116 118 0 126 141 0 114 109 0 138 7 0 56 119 0 100 169 0 24 122 0 |Drone Time: 8063.696370|8063.696370,0.000000,0.000000,0.000000
Drone 3: 0 66 2 192 67 8 0 23 0 45 22 0 186 88 0 123 25 0 133 41 0 150 54 0 82 0 97 0 199 0 182 0 160 0 |Drone Time: 7988.512273|7988.512273,0.000000,0.000000,0.000000
Drone 4: 0 102 0 148 44 0 75 128 91 135 0 12 187 0 37 159 173 0 156 0 167 0 87 179 0 40 166 0 92 0 112 0 90 0 51 183 0 196 0 |Drone Time: 8046.298813|8046.298813,0.000000,0.000000,0.000000
Drone 5: 0 155 95 139 62 0 11 53 50 132 0 175 0 61 15 0 60 0 70 0 178 0 94 0 64 0 85 0 57 0 96 0 |Drone Time: 7956.994380|7956.994380,0.000000,0.000000,0.000000
Total validation: Makespan=8076.211511, Deadline violation=0.000000, Energy violation=0.000000, Capacity violation=0.000000
