Instance: 200.30.2
Customer group: 200
Repetition: 1
Experiment strategy: random
Gamma set: 
Gamma1: 
Gamma2: 
Gamma3: 
Gamma4: 
Experiment seed: 42
Solver exit code: 0
Neighborhood selection: random
Random seed: 42
Simulated annealing: disabled
Diversification: disabled
Initial solution cost: 30411.092372
Improved solution cost: 21751.945219
Worst solution cost: 21751.945219
Mean solution cost: 21751.945219
Mean elapsed time: 1506.091341 seconds
Final solution feasibility: FEASIBLE
Solution Details:
Truck Routes:
Truck 1: 0 103 140 0 171 0 142 169 32 155 0 44 185 20 0 104 100 0 |Truck Time: 21546.127075|21546.127075,0.000000,0.000000,0.000000
Truck 2: 0 113 0 196 96 0 160 141 18 0 87 126 114 190 47 0 101 89 67 135 10 183 33 0 |Truck Time: 21672.244322|21672.244322,0.000000,0.000000,0.000000
Truck 3: 0 146 195 107 0 8 82 0 175 0 65 125 172 0 56 69 59 68 198 0 161 73 0 |Truck Time: 21666.525191|21666.525191,0.000000,0.000000,0.000000
Truck 4: 0 130 16 74 0 150 80 51 117 186 0 7 76 0 17 83 136 19 0 52 31 0 |Truck Time: 21301.526834|21301.526834,0.000000,0.000000,0.000000
Truck 5: 0 111 13 5 0 46 174 86 75 0 23 109 99 0 22 194 11 134 0 |Truck Time: 21751.945219|21751.945219,0.000000,0.000000,0.000000
Drone Routes:
Drone 1: 0 84 64 192 0 37 168 173 0 193 70 115 0 106 63 0 93 145 0 12 36 0 61 0 102 0 2 0 60 139 0 97 128 0 170 94 0 |Drone Time: 21732.960574|21732.960574,0.000000,0.000000,0.000000
Drone 2: 0 121 191 0 178 197 92 85 0 177 0 26 116 0 45 24 0 122 120 78 0 131 138 0 133 166 0 189 88 95 0 151 0 98 0 14 41 0 39 0 72 157 0 |Drone Time: 21735.624562|21735.624562,0.000000,0.000000,0.000000
Drone 3: 0 163 0 40 129 0 48 0 15 144 9 0 4 1 81 0 43 137 0 6 0 28 21 0 149 0 79 49 0 147 179 108 0 27 0 180 0 50 105 112 0 |Drone Time: 21712.067018|21712.067018,0.000000,0.000000,0.000000
Drone 4: 0 71 0 29 0 159 0 124 0 156 188 0 154 42 158 0 53 164 0 182 153 0 90 0 119 127 0 62 143 0 91 35 0 162 148 0 |Drone Time: 21662.759956|21662.759956,0.000000,0.000000,0.000000
Drone 5: 0 66 0 176 0 199 123 181 0 200 0 110 25 0 77 0 58 0 167 132 0 38 0 34 30 0 3 152 165 0 57 118 187 55 0 54 184 0 |Drone Time: 21734.477178|21734.477178,0.000000,0.000000,0.000000
Total validation: Makespan=21751.945219, Deadline violation=0.000000, Energy violation=0.000000, Capacity violation=0.000000
