Instance: 200.30.2
Customer group: 200
Repetition: 4
Experiment strategy: cyclic
Gamma set: 
Gamma1: 
Gamma2: 
Gamma3: 
Gamma4: 
Experiment seed: 45
Solver exit code: 0
Neighborhood selection: cyclic
Random seed: 45
Simulated annealing: disabled
Diversification: disabled
Initial solution cost: 30307.848228
Improved solution cost: 20702.743037
Worst solution cost: 20702.743037
Mean solution cost: 20702.743037
Mean elapsed time: 1138.671868 seconds
Final solution feasibility: FEASIBLE
Solution Details:
Truck Routes:
Truck 1: 0 69 10 68 0 22 125 0 163 191 77 67 0 107 73 0 |Truck Time: 20681.305951|20681.305951,0.000000,0.000000,0.000000
Truck 2: 0 153 0 19 40 172 7 0 183 56 5 0 87 126 141 0 82 119 137 0 |Truck Time: 20683.663980|20683.663980,0.000000,0.000000,0.000000
Truck 3: 0 113 32 54 0 47 150 142 0 23 48 0 99 109 103 92 0 108 179 146 0 |Truck Time: 20614.828106|20614.828106,0.000000,0.000000,0.000000
Truck 4: 0 75 198 0 33 0 160 100 51 80 0 74 13 111 0 159 8 182 101 0 |Truck Time: 20452.464720|20452.464720,0.000000,0.000000,0.000000
Truck 5: 0 196 184 162 169 177 18 0 46 49 174 86 135 0 62 185 44 20 161 0 104 176 188 117 132 186 0 |Truck Time: 20702.743037|20702.743037,0.000000,0.000000,0.000000
Drone Routes:
Drone 1: 0 58 0 112 170 165 0 171 178 0 36 154 42 0 79 93 55 0 57 29 187 0 91 116 189 0 114 164 0 131 0 84 140 0 199 123 35 0 63 144 0 |Drone Time: 20622.367322|20622.367322,0.000000,0.000000,0.000000
Drone 2: 0 147 64 122 0 143 66 192 0 180 0 130 120 0 53 152 70 0 28 12 0 129 9 0 121 95 148 0 43 0 149 0 31 61 0 134 0 76 52 14 0 |Drone Time: 20614.306522|20614.306522,0.000000,0.000000,0.000000
Drone 3: 0 133 0 128 97 0 6 0 72 138 0 26 0 39 156 0 21 0 98 0 11 0 136 0 60 105 197 0 17 115 0 45 24 0 |Drone Time: 20670.240402|20670.240402,0.000000,0.000000,0.000000
Drone 4: 0 124 0 106 200 0 168 37 173 25 0 127 38 0 30 15 0 2 157 0 59 145 88 0 155 90 0 27 0 175 0 190 0 195 16 166 0 |Drone Time: 20626.035279|20626.035279,0.000000,0.000000,0.000000
Drone 5: 0 96 0 78 151 0 158 83 3 0 85 41 0 181 71 0 81 4 0 34 1 194 0 118 0 94 110 0 102 0 50 139 0 65 89 0 167 193 0 |Drone Time: 20547.890715|20547.890715,0.000000,0.000000,0.000000
Total validation: Makespan=20702.743037, Deadline violation=0.000000, Energy violation=0.000000, Capacity violation=0.000000
