Instance: 200.10.1
Customer group: 200
Repetition: 2
Experiment strategy: cyclic
Gamma set: 
Gamma1: 
Gamma2: 
Gamma3: 
Gamma4: 
Experiment seed: 43
Solver exit code: 0
Neighborhood selection: cyclic
Random seed: 43
Simulated annealing: disabled
Diversification: disabled
Initial solution cost: 10237.177381
Improved solution cost: 7300.859600
Worst solution cost: 7300.859600
Mean solution cost: 7300.859600
Mean elapsed time: 1490.902898 seconds
Final solution feasibility: FEASIBLE
Solution Details:
Truck Routes:
Truck 1: 0 166 148 0 97 92 133 159 123 0 10 101 106 7 59 163 0 |Truck Time: 7117.751927|7117.751927,0.000000,0.000000,0.000000
Truck 2: 0 114 113 188 158 135 100 75 132 0 173 14 0 194 196 181 157 13 22 102 69 0 |Truck Time: 7300.859600|7300.859600,0.000000,0.000000,0.000000
Truck 3: 0 27 91 17 107 134 0 50 85 197 126 180 161 0 49 198 52 125 0 195 0 |Truck Time: 7298.573692|7298.573692,0.000000,0.000000,0.000000
Truck 4: 0 131 184 37 155 169 0 167 73 78 111 9 122 0 150 70 142 186 87 162 108 177 0 |Truck Time: 7294.873677|7294.873677,0.000000,0.000000,0.000000
Truck 5: 0 191 152 190 145 140 62 86 171 118 6 0 5 151 58 41 39 24 0 51 72 0 |Truck Time: 7283.408766|7283.408766,0.000000,0.000000,0.000000
Drone Routes:
Drone 1: 0 61 128 43 40 48 55 0 200 67 0 104 0 12 137 0 90 165 63 127 0 89 0 136 154 0 4 0 149 0 18 172 174 0 3 0 |Drone Time: 7076.332889|7076.332889,0.000000,0.000000,0.000000
Drone 2: 0 60 0 199 96 0 84 193 160 192 20 0 121 93 138 0 36 82 0 117 170 0 124 0 42 45 0 175 34 0 120 0 115 0 15 8 0 |Drone Time: 7258.190297|7258.190297,0.000000,0.000000,0.000000
Drone 3: 0 129 11 0 38 23 141 0 76 0 185 0 2 0 19 54 0 33 0 168 0 30 0 47 0 179 143 0 147 0 94 0 |Drone Time: 7297.053387|7297.053387,0.000000,0.000000,0.000000
Drone 4: 0 153 31 99 112 0 164 116 0 119 32 44 0 183 26 46 0 146 109 0 81 80 182 0 68 1 0 178 64 77 95 0 144 25 0 105 21 0 |Drone Time: 7281.189619|7281.189619,0.000000,0.000000,0.000000
Drone 5: 0 74 0 110 28 0 16 66 65 0 98 103 0 88 187 0 56 0 130 83 35 0 176 139 0 156 79 0 189 71 0 57 0 53 29 0 |Drone Time: 7273.227401|7273.227401,0.000000,0.000000,0.000000
Total validation: Makespan=7300.859600, Deadline violation=0.000000, Energy violation=0.000000, Capacity violation=0.000000
