Instance: 200.20.1
Customer group: 200
Repetition: 2
Experiment strategy: adaptive
Gamma set: g4
Gamma1: 0.5
Gamma2: 0.3
Gamma3: 0.1
Gamma4: 0.6
Experiment seed: 43
Solver exit code: 0
Neighborhood selection: adaptive
Adaptive parameters: 0.500000 0.300000 0.100000 0.600000
Random seed: 43
Simulated annealing: disabled
Diversification: disabled
Initial solution cost: 21786.580333
Improved solution cost: 13760.984195
Worst solution cost: 13760.984195
Mean solution cost: 13760.984195
Mean elapsed time: 1514.330209 seconds
Final solution feasibility: FEASIBLE
Solution Details:
Truck Routes:
Truck 1: 0 11 83 72 17 0 98 167 181 69 173 0 87 41 103 26 0 |Truck Time: 13288.370431|13288.370431,0.000000,0.000000,0.000000
Truck 2: 0 129 0 195 169 0 197 13 33 105 178 0 88 94 141 194 131 95 0 |Truck Time: 13760.984195|13760.984195,0.000000,0.000000,0.000000
Truck 3: 0 82 97 132 0 79 81 65 35 0 118 110 0 67 5 192 172 56 100 4 0 |Truck Time: 13569.648046|13569.648046,0.000000,0.000000,0.000000
Truck 4: 0 2 190 23 46 179 85 29 0 45 48 144 0 19 107 102 161 0 135 61 15 39 171 86 119 32 12 0 193 0 |Truck Time: 13724.497623|13724.497623,0.000000,0.000000,0.000000
Truck 5: 0 200 42 51 146 0 31 170 115 0 40 184 152 0 1 148 143 147 157 145 0 |Truck Time: 13665.166767|13665.166767,0.000000,0.000000,0.000000
Drone Routes:
Drone 1: 0 73 108 0 151 44 0 53 0 175 37 136 191 0 185 187 0 163 24 0 114 78 165 0 160 126 43 0 54 133 120 0 153 180 199 27 0 106 7 0 |Drone Time: 13748.614842|13748.614842,0.000000,0.000000,0.000000
Drone 2: 0 140 68 30 0 77 113 124 0 55 142 0 93 198 62 0 63 0 34 50 0 158 0 71 109 25 0 188 0 9 196 52 0 20 0 6 0 |Drone Time: 13732.311389|13732.311389,0.000000,0.000000,0.000000
Drone 3: 0 91 16 84 0 64 0 49 0 127 0 128 0 183 0 177 116 0 66 90 0 155 47 137 0 189 70 138 0 156 125 0 92 0 122 0 |Drone Time: 13758.387738|13758.387738,0.000000,0.000000,0.000000
Drone 4: 0 75 168 123 0 130 139 0 8 176 10 0 164 159 0 186 0 166 149 28 0 74 38 104 0 182 0 21 111 0 22 60 0 36 0 99 0 |Drone Time: 13725.198401|13725.198401,0.000000,0.000000,0.000000
Drone 5: 0 121 0 80 0 162 14 0 89 112 134 0 96 0 3 0 57 0 58 117 59 0 18 0 174 154 0 150 0 101 0 76 0 |Drone Time: 13757.717575|13757.717575,0.000000,0.000000,0.000000
Total validation: Makespan=13760.984195, Deadline violation=0.000000, Energy violation=0.000000, Capacity violation=0.000000
