Instance: 200.30.3
Customer group: 200
Repetition: 5
Experiment strategy: adaptive
Gamma set: g4
Gamma1: 0.5
Gamma2: 0.3
Gamma3: 0.1
Gamma4: 0.6
Experiment seed: 46
Solver exit code: 0
Neighborhood selection: adaptive
Adaptive parameters: 0.500000 0.300000 0.100000 0.600000
Random seed: 46
Simulated annealing: disabled
Diversification: disabled
Initial solution cost: 32741.789056
Improved solution cost: 22125.892687
Worst solution cost: 22125.892687
Mean solution cost: 22125.892687
Mean elapsed time: 1520.335811 seconds
Final solution feasibility: FEASIBLE
Solution Details:
Truck Routes:
Truck 1: 0 197 18 161 0 55 17 0 145 152 0 96 116 0 56 45 13 123 0 |Truck Time: 21933.497209|21933.497209,0.000000,0.000000,0.000000
Truck 2: 0 173 0 86 9 103 0 128 90 0 163 160 78 143 0 28 178 124 0 |Truck Time: 22119.696155|22119.696155,0.000000,0.000000,0.000000
Truck 3: 0 16 186 10 0 191 182 199 0 60 0 125 32 118 39 104 0 89 172 38 7 0 |Truck Time: 21881.015433|21881.015433,0.000000,0.000000,0.000000
Truck 4: 0 102 6 0 149 175 1 0 140 101 121 64 0 112 117 35 65 82 0 162 174 0 |Truck Time: 22051.186399|22051.186399,0.000000,0.000000,0.000000
Truck 5: 0 87 95 36 180 68 41 0 44 2 148 0 59 20 195 164 49 0 131 179 198 0 |Truck Time: 22125.892687|22125.892687,0.000000,0.000000,0.000000
Drone Routes:
Drone 1: 0 69 100 0 76 113 0 126 169 0 33 142 0 24 0 52 0 133 0 114 34 200 0 130 153 0 144 0 99 75 0 122 120 5 0 192 94 154 0 73 189 0 11 0 |Drone Time: 22125.468998|22125.468998,0.000000,0.000000,0.000000
Drone 2: 0 71 0 194 0 29 0 61 0 14 0 146 0 176 0 63 0 72 0 188 157 167 0 135 151 109 0 66 58 0 74 129 0 79 81 48 0 |Drone Time: 21785.882667|21785.882667,0.000000,0.000000,0.000000
Drone 3: 0 155 132 88 0 53 107 156 19 0 106 168 0 147 83 0 92 54 0 115 0 137 0 177 0 47 0 93 108 0 23 25 0 111 119 0 170 0 84 0 |Drone Time: 21962.802496|21962.802496,0.000000,0.000000,0.000000
Drone 4: 0 8 31 0 51 183 0 165 105 0 158 0 26 70 0 134 0 185 150 0 40 42 0 43 37 0 21 15 139 0 159 57 4 0 97 27 0 |Drone Time: 22096.772972|22096.772972,0.000000,0.000000,0.000000
Drone 5: 0 3 0 98 0 77 0 30 0 80 127 0 193 12 0 136 166 0 181 138 0 62 85 46 0 184 110 0 22 67 0 171 0 196 187 0 91 190 141 50 0 |Drone Time: 22091.026309|22091.026309,0.000000,0.000000,0.000000
Total validation: Makespan=22125.892687, Deadline violation=0.000000, Energy violation=0.000000, Capacity violation=0.000000
