Instance: 200.10.3
Customer group: 200
Repetition: 3
Experiment strategy: adaptive
Gamma set: g1
Gamma1: 0.3
Gamma2: 0.2
Gamma3: 0.1
Gamma4: 0.3
Experiment seed: 44
Solver exit code: 0
Neighborhood selection: adaptive
Adaptive parameters: 0.300000 0.200000 0.100000 0.300000
Random seed: 44
Simulated annealing: disabled
Diversification: disabled
Initial solution cost: 8616.581505
Improved solution cost: 7396.991167
Worst solution cost: 7396.991167
Mean solution cost: 7396.991167
Mean elapsed time: 1456.662214 seconds
Final solution feasibility: FEASIBLE
Solution Details:
Truck Routes:
Truck 1: 0 154 8 180 20 106 39 0 158 75 162 144 41 88 24 0 104 58 140 103 182 0 |Truck Time: 7382.905870|7382.905870,0.000000,0.000000,0.000000
Truck 2: 0 198 95 197 38 191 153 109 35 0 165 173 172 0 112 130 68 188 36 119 0 |Truck Time: 7355.623581|7355.623581,0.000000,0.000000,0.000000
Truck 3: 0 193 6 124 21 0 136 32 147 185 0 71 157 166 92 0 |Truck Time: 7396.991167|7396.991167,0.000000,0.000000,0.000000
Truck 4: 0 93 55 127 102 108 86 26 149 123 0 23 5 3 18 59 100 42 0 1 14 184 84 97 0 |Truck Time: 7357.709477|7357.709477,0.000000,0.000000,0.000000
Truck 5: 0 27 79 137 53 11 2 176 0 96 160 190 69 111 30 0 25 50 66 200 10 168 48 181 0 |Truck Time: 7394.913161|7394.913161,0.000000,0.000000,0.000000
Drone Routes:
Drone 1: 0 133 159 37 0 54 60 56 0 73 29 145 0 82 0 52 101 0 64 87 0 155 78 0 70 142 0 76 4 0 15 0 |Drone Time: 7382.058880|7382.058880,0.000000,0.000000,0.000000
Drone 2: 0 183 135 125 33 0 194 83 186 115 0 192 164 179 51 0 80 132 0 199 13 0 122 118 0 196 139 0 62 85 0 170 0 110 99 0 |Drone Time: 7361.970591|7361.970591,0.000000,0.000000,0.000000
Drone 3: 0 129 77 0 63 116 195 0 150 72 0 31 171 0 65 45 0 91 189 0 90 0 46 0 61 177 7 0 34 0 |Drone Time: 7336.622891|7336.622891,0.000000,0.000000,0.000000
Drone 4: 0 169 81 117 0 114 174 0 151 167 9 19 0 141 43 0 134 44 0 107 98 0 113 178 40 0 47 22 0 138 143 0 175 0 |Drone Time: 7396.613600|7396.613600,0.000000,0.000000,0.000000
Drone 5: 0 105 126 0 120 0 49 156 0 57 94 12 148 0 161 0 17 121 0 67 74 28 146 0 16 163 0 89 0 152 131 187 0 128 0 |Drone Time: 7383.172286|7383.172286,0.000000,0.000000,0.000000
Total validation: Makespan=7396.991167, Deadline violation=0.000000, Energy violation=0.000000, Capacity violation=0.000000
