Instance: 200.30.1
Customer group: 200
Repetition: 1
Experiment strategy: adaptive
Gamma set: g2
Gamma1: 0.5
Gamma2: 0.3
Gamma3: 0.1
Gamma4: 0.3
Experiment seed: 42
Solver exit code: 0
Neighborhood selection: adaptive
Adaptive parameters: 0.500000 0.300000 0.100000 0.300000
Random seed: 42
Simulated annealing: disabled
Diversification: disabled
Initial solution cost: 29280.795634
Improved solution cost: 20998.829495
Worst solution cost: 20998.829495
Mean solution cost: 20998.829495
Mean elapsed time: 1661.450411 seconds
Final solution feasibility: FEASIBLE
Solution Details:
Truck Routes:
Truck 1: 0 191 0 14 195 97 0 119 38 94 12 144 0 186 23 137 85 0 |Truck Time: 18487.197326|18487.197326,0.000000,0.000000,0.000000
Truck 2: 0 67 0 113 0 1 54 77 183 0 65 4 0 140 32 21 0 152 42 157 180 59 0 |Truck Time: 20981.201736|20981.201736,0.000000,0.000000,0.000000
Truck 3: 0 181 197 198 106 0 134 29 154 194 46 7 0 33 28 128 98 0 173 18 168 15 0 69 175 120 150 0 |Truck Time: 20945.204630|20945.204630,0.000000,0.000000,0.000000
Truck 4: 0 26 146 0 132 82 0 64 100 16 0 147 165 162 185 170 0 124 0 161 130 49 0 |Truck Time: 20998.795777|20998.795777,0.000000,0.000000,0.000000
Truck 5: 0 90 0 10 52 68 0 189 143 178 71 0 6 141 174 0 |Truck Time: 20998.829495|20998.829495,0.000000,0.000000,0.000000
Drone Routes:
Drone 1: 0 19 0 78 0 123 0 193 20 0 74 0 160 196 0 177 63 0 70 133 0 190 95 139 0 9 56 0 55 0 153 0 108 79 0 |Drone Time: 20971.335929|20971.335929,0.000000,0.000000,0.000000
Drone 2: 0 36 57 138 0 112 0 148 93 83 0 172 30 121 31 0 135 0 125 176 0 117 41 0 72 145 129 0 111 45 0 192 167 0 61 0 99 151 0 115 0 |Drone Time: 20954.990579|20954.990579,0.000000,0.000000,0.000000
Drone 3: 0 116 0 101 58 0 171 66 0 166 24 102 0 3 0 27 131 0 164 44 0 60 5 0 158 17 0 39 47 0 91 199 0 142 118 0 169 159 0 |Drone Time: 20994.710961|20994.710961,0.000000,0.000000,0.000000
Drone 4: 0 96 0 48 0 53 0 156 13 0 40 89 0 182 51 0 76 2 0 187 0 37 0 88 81 0 188 109 0 84 126 0 |Drone Time: 20980.428872|20980.428872,0.000000,0.000000,0.000000
Drone 5: 0 200 136 87 0 80 0 62 25 0 104 34 110 0 105 11 0 50 22 163 0 92 0 35 73 75 107 0 103 122 179 0 127 0 114 8 0 149 86 43 0 184 155 0 |Drone Time: 20922.255972|20922.255972,0.000000,0.000000,0.000000
Total validation: Makespan=20998.829495, Deadline violation=0.000000, Energy violation=0.000000, Capacity violation=0.000000
