Instance: 200.20.1
Customer group: 200
Repetition: 2
Experiment strategy: adaptive
Gamma set: g1
Gamma1: 0.3
Gamma2: 0.2
Gamma3: 0.1
Gamma4: 0.3
Experiment seed: 43
Solver exit code: 0
Neighborhood selection: adaptive
Adaptive parameters: 0.300000 0.200000 0.100000 0.300000
Random seed: 43
Simulated annealing: disabled
Diversification: disabled
Initial solution cost: 21786.580333
Improved solution cost: 13760.984195
Worst solution cost: 13760.984195
Mean solution cost: 13760.984195
Mean elapsed time: 1549.993069 seconds
Final solution feasibility: FEASIBLE
Solution Details:
Truck Routes:
Truck 1: 0 11 83 72 17 0 57 167 181 69 173 0 87 41 103 150 0 |Truck Time: 13257.926993|13257.926993,0.000000,0.000000,0.000000
Truck 2: 0 129 0 195 169 0 197 13 33 105 178 0 88 94 141 194 131 95 0 |Truck Time: 13760.984195|13760.984195,0.000000,0.000000,0.000000
Truck 3: 0 82 97 132 0 79 81 65 35 0 188 110 45 48 0 1 148 143 147 157 145 0 |Truck Time: 13637.103706|13637.103706,0.000000,0.000000,0.000000
Truck 4: 0 2 190 23 46 179 85 29 0 144 0 19 107 102 161 42 0 135 61 15 39 171 86 119 32 12 0 193 0 |Truck Time: 13444.297072|13444.297072,0.000000,0.000000,0.000000
Truck 5: 0 31 170 200 51 146 0 115 0 40 184 152 0 67 5 192 172 56 100 4 0 |Truck Time: 13693.431305|13693.431305,0.000000,0.000000,0.000000
Drone Routes:
Drone 1: 0 98 0 66 90 0 53 0 175 37 136 191 0 174 0 163 24 0 114 78 165 0 126 43 0 54 133 120 0 153 180 199 27 0 106 7 0 |Drone Time: 13746.521408|13746.521408,0.000000,0.000000,0.000000
Drone 2: 0 140 30 68 0 77 186 0 55 142 0 93 198 62 0 63 0 34 50 0 158 0 71 109 25 0 118 0 196 52 84 0 20 0 6 0 |Drone Time: 13750.774543|13750.774543,0.000000,0.000000,0.000000
Drone 3: 0 91 16 9 0 64 0 49 0 127 0 128 0 183 0 177 116 0 151 44 0 47 155 137 0 189 70 138 0 73 108 0 92 0 122 0 |Drone Time: 13685.084786|13685.084786,0.000000,0.000000,0.000000
Drone 4: 0 8 176 160 0 58 117 59 0 130 139 0 10 0 164 159 0 113 124 0 166 149 28 0 74 38 104 0 182 0 21 111 0 22 60 0 36 0 99 0 |Drone Time: 13597.635370|13597.635370,0.000000,0.000000,0.000000
Drone 5: 0 121 0 156 125 0 162 14 0 89 112 134 0 96 0 3 0 80 0 168 75 123 0 18 0 185 187 154 0 26 0 101 0 76 0 |Drone Time: 13669.831374|13669.831374,0.000000,0.000000,0.000000
Total validation: Makespan=13760.984195, Deadline violation=0.000000, Energy violation=0.000000, Capacity violation=0.000000
