Instance: 200.30.3
Customer group: 200
Repetition: 2
Experiment strategy: random
Gamma set: 
Gamma1: 
Gamma2: 
Gamma3: 
Gamma4: 
Experiment seed: 43
Solver exit code: 0
Neighborhood selection: random
Random seed: 43
Simulated annealing: disabled
Diversification: disabled
Initial solution cost: 31531.732818
Improved solution cost: 25412.992748
Worst solution cost: 25412.992748
Mean solution cost: 25412.992748
Mean elapsed time: 1259.701109 seconds
Final solution feasibility: FEASIBLE
Solution Details:
Truck Routes:
Truck 1: 0 191 145 0 153 0 166 136 0 163 59 20 195 0 58 0 |Truck Time: 24879.394848|24879.394848,0.000000,0.000000,0.000000
Truck 2: 0 93 123 0 186 0 114 124 0 35 155 179 131 0 6 0 81 142 9 0 |Truck Time: 25412.992748|25412.992748,0.000000,0.000000,0.000000
Truck 3: 0 41 47 198 0 143 0 130 82 0 117 112 0 140 30 184 103 0 56 181 0 |Truck Time: 25404.793771|25404.793771,0.000000,0.000000,0.000000
Truck 4: 0 90 128 108 0 27 174 0 2 148 0 11 171 0 60 187 0 172 89 36 0 |Truck Time: 25377.466340|25377.466340,0.000000,0.000000,0.000000
Truck 5: 0 116 200 46 0 87 95 68 104 0 147 83 71 0 64 197 121 101 0 3 69 0 149 24 194 0 |Truck Time: 25404.336493|25404.336493,0.000000,0.000000,0.000000
Drone Routes:
Drone 1: 0 12 193 0 133 34 111 23 0 161 151 0 173 109 0 105 0 55 17 165 53 0 77 0 70 0 52 176 0 119 0 196 15 0 146 0 78 0 14 0 84 0 |Drone Time: 25281.589260|25281.589260,0.000000,0.000000,0.000000
Drone 2: 0 144 188 0 73 189 0 75 99 0 162 168 0 51 183 0 43 0 66 31 0 29 0 25 0 178 79 0 180 38 0 122 0 39 0 98 167 0 170 102 0 182 0 |Drone Time: 25328.511376|25328.511376,0.000000,0.000000,0.000000
Drone 3: 0 135 33 0 126 0 150 185 0 26 54 5 32 0 94 138 0 120 118 0 86 40 0 132 88 0 28 18 0 16 21 139 0 42 0 177 0 164 0 154 13 0 72 0 |Drone Time: 25340.289557|25340.289557,0.000000,0.000000,0.000000
Drone 4: 0 137 0 106 0 107 100 0 175 156 19 0 76 113 0 44 0 7 57 91 0 45 0 4 127 0 158 0 49 157 0 97 0 160 0 22 67 0 110 0 |Drone Time: 25131.379684|25131.379684,0.000000,0.000000,0.000000
Drone 5: 0 8 0 129 74 0 63 169 0 85 62 0 80 92 0 125 190 0 37 152 48 0 134 0 159 141 0 192 50 61 0 115 0 65 1 0 10 199 0 96 0 |Drone Time: 25248.710038|25248.710038,0.000000,0.000000,0.000000
Total validation: Makespan=25412.992748, Deadline violation=0.000000, Energy violation=0.000000, Capacity violation=0.000000
