Instance: 200.20.1
Customer group: 200
Repetition: 2
Experiment strategy: random
Gamma set: 
Gamma1: 
Gamma2: 
Gamma3: 
Gamma4: 
Experiment seed: 43
Solver exit code: 0
Neighborhood selection: random
Random seed: 43
Simulated annealing: disabled
Diversification: disabled
Initial solution cost: 21786.580333
Improved solution cost: 15347.604578
Worst solution cost: 15347.604578
Mean solution cost: 15347.604578
Mean elapsed time: 1115.555795 seconds
Final solution feasibility: FEASIBLE
Solution Details:
Truck Routes:
Truck 1: 0 162 14 182 0 124 0 87 41 103 150 0 147 0 |Truck Time: 15113.950480|15113.950480,0.000000,0.000000,0.000000
Truck 2: 0 33 200 125 0 12 66 95 128 0 107 3 92 0 126 88 194 94 113 0 |Truck Time: 15180.839678|15180.839678,0.000000,0.000000,0.000000
Truck 3: 0 39 64 97 0 161 42 51 0 11 83 72 17 0 80 140 98 30 0 |Truck Time: 15347.604578|15347.604578,0.000000,0.000000,0.000000
Truck 4: 0 100 56 27 85 46 179 0 132 31 170 0 48 146 188 0 135 86 131 0 174 123 2 0 |Truck Time: 15271.304720|15271.304720,0.000000,0.000000,0.000000
Truck 5: 0 10 152 110 60 35 118 0 185 20 69 29 0 79 196 81 0 122 193 144 0 67 168 58 197 157 145 0 |Truck Time: 15211.122676|15211.122676,0.000000,0.000000,0.000000
Drone Routes:
Drone 1: 0 137 112 134 149 0 108 73 54 0 163 28 55 74 0 47 102 0 175 77 153 91 119 0 156 180 0 143 0 114 78 165 0 93 0 23 190 130 0 49 0 7 0 |Drone Time: 15331.556985|15331.556985,0.000000,0.000000,0.000000
Drone 2: 0 127 0 25 68 89 0 139 191 4 129 0 96 0 43 141 195 0 199 109 0 70 0 181 71 0 116 0 121 0 167 0 6 0 |Drone Time: 15203.029220|15203.029220,0.000000,0.000000,0.000000
Drone 3: 0 0 19 177 75 37 0 84 52 82 138 0 187 173 0 115 171 0 169 117 59 0 192 5 0 151 44 0 53 105 0 63 0 32 15 160 22 0 26 0 65 0 |Drone Time: 14807.343173|14807.343173,0.000000,0.000000,0.000000
Drone 4: 0 9 16 106 0 155 1 136 13 0 142 120 0 164 159 8 0 34 50 0 186 0 166 24 198 0 90 104 0 184 0 21 111 0 178 0 61 0 99 0 |Drone Time: 15341.496021|15341.496021,0.000000,0.000000,0.000000
Drone 5: 0 158 0 36 38 62 0 45 154 0 183 0 133 0 189 172 0 57 0 148 0 18 0 40 0 176 0 101 0 76 0 |Drone Time: 15070.626728|15070.626728,0.000000,0.000000,0.000000
Total validation: Makespan=15347.604578, Deadline violation=0.000000, Energy violation=0.000000, Capacity violation=0.000000
