Instance: 200.10.4
Customer group: 200
Repetition: 3
Experiment strategy: random
Gamma set: 
Gamma1: 
Gamma2: 
Gamma3: 
Gamma4: 
Experiment seed: 44
Solver exit code: 0
Neighborhood selection: random
Random seed: 44
Simulated annealing: disabled
Diversification: disabled
Initial solution cost: 10480.571429
Improved solution cost: 7537.546990
Worst solution cost: 7537.546990
Mean solution cost: 7537.546990
Mean elapsed time: 1774.290830 seconds
Final solution feasibility: FEASIBLE
Solution Details:
Truck Routes:
Truck 1: 0 4 9 65 86 0 131 151 171 19 36 18 0 118 169 54 37 112 71 0 |Truck Time: 7530.783195|7530.783195,0.000000,0.000000,0.000000
Truck 2: 0 153 16 73 81 0 48 134 14 96 0 165 76 55 113 119 132 110 108 0 |Truck Time: 7522.490786|7522.490786,0.000000,0.000000,0.000000
Truck 3: 0 193 94 111 0 190 172 51 97 148 84 0 68 102 174 194 175 49 1 0 |Truck Time: 7524.380500|7524.380500,0.000000,0.000000,0.000000
Truck 4: 0 120 62 129 0 35 176 41 136 59 142 0 156 127 39 58 137 149 43 0 |Truck Time: 7504.768162|7504.768162,0.000000,0.000000,0.000000
Truck 5: 0 106 104 200 17 99 115 0 46 143 126 117 47 180 29 185 195 82 79 157 0 24 42 78 80 60 33 0 |Truck Time: 7537.546990|7537.546990,0.000000,0.000000,0.000000
Drone Routes:
Drone 1: 0 145 0 87 0 45 27 0 182 107 0 2 88 98 154 0 187 12 0 167 0 30 0 168 0 188 0 25 95 197 0 |Drone Time: 7357.207965|7357.207965,0.000000,0.000000,0.000000
Drone 2: 0 13 11 150 0 20 0 57 0 90 125 0 161 155 40 38 0 44 130 109 0 116 166 121 0 181 103 91 75 0 56 198 0 77 122 0 179 124 0 158 0 |Drone Time: 7469.574429|7469.574429,0.000000,0.000000,0.000000
Drone 3: 0 152 50 83 0 31 0 144 0 63 0 138 7 0 67 177 69 0 101 0 135 74 0 26 0 199 0 6 140 0 160 0 184 0 |Drone Time: 7535.369286|7535.369286,0.000000,0.000000,0.000000
Drone 4: 0 196 0 21 100 0 93 189 0 61 8 0 163 22 0 186 164 0 191 146 0 128 139 0 92 89 66 0 72 3 0 114 0 34 183 0 |Drone Time: 7509.252852|7509.252852,0.000000,0.000000,0.000000
Drone 5: 0 105 0 133 170 0 10 0 28 147 0 5 15 0 70 0 178 0 192 141 123 0 64 0 32 85 0 162 52 0 23 0 53 159 173 0 |Drone Time: 7536.029471|7536.029471,0.000000,0.000000,0.000000
Total validation: Makespan=7537.546990, Deadline violation=0.000000, Energy violation=0.000000, Capacity violation=0.000000
