Instance: 200.20.1
Customer group: 200
Repetition: 4
Experiment strategy: adaptive
Gamma set: g4
Gamma1: 0.5
Gamma2: 0.3
Gamma3: 0.1
Gamma4: 0.6
Experiment seed: 45
Solver exit code: 0
Neighborhood selection: adaptive
Adaptive parameters: 0.500000 0.300000 0.100000 0.600000
Random seed: 45
Simulated annealing: disabled
Diversification: disabled
Initial solution cost: 20939.579680
Improved solution cost: 13589.580935
Worst solution cost: 13589.580935
Mean solution cost: 13589.580935
Mean elapsed time: 1600.923739 seconds
Final solution feasibility: FEASIBLE
Solution Details:
Truck Routes:
Truck 1: 0 100 161 47 42 0 57 40 6 185 48 0 183 142 96 133 198 45 0 |Truck Time: 13541.486213|13541.486213,0.000000,0.000000,0.000000
Truck 2: 0 35 89 69 29 20 0 94 141 186 39 97 73 132 0 55 87 26 166 118 122 0 0 |Truck Time: 13266.508779|13266.508779,0.000000,0.000000,0.000000
Truck 3: 0 123 0 31 124 170 0 163 14 101 21 152 0 107 143 168 197 58 147 157 145 0 |Truck Time: 13589.580935|13589.580935,0.000000,0.000000,0.000000
Truck 4: 0 81 121 176 10 0 154 0 36 110 60 0 146 190 0 74 103 38 41 150 0 |Truck Time: 13588.905299|13588.905299,0.000000,0.000000,0.000000
Truck 5: 0 2 3 67 33 178 51 0 115 49 0 83 34 98 72 17 0 19 56 46 0 |Truck Time: 13562.116978|13562.116978,0.000000,0.000000,0.000000
Drone Routes:
Drone 1: 0 78 116 0 137 25 50 68 191 0 79 0 169 187 0 66 180 125 0 88 0 24 111 28 0 200 0 151 44 0 7 0 64 0 156 0 |Drone Time: 13453.548649|13453.548649,0.000000,0.000000,0.000000
Drone 2: 0 63 0 91 131 0 172 114 0 53 105 0 194 0 102 117 199 0 85 27 0 159 0 61 0 32 106 0 128 0 155 139 0 |Drone Time: 13443.216923|13443.216923,0.000000,0.000000,0.000000
Drone 3: 0 15 171 119 82 138 0 175 37 136 75 0 59 148 144 0 195 43 8 93 0 158 0 95 196 0 173 0 112 11 0 160 65 0 167 0 99 0 92 0 |Drone Time: 13488.454689|13488.454689,0.000000,0.000000,0.000000
Drone 4: 0 23 70 0 135 108 153 113 0 16 52 62 120 54 164 0 189 77 86 0 184 30 0 182 134 0 129 12 174 22 0 130 109 140 0 76 0 188 0 |Drone Time: 13172.867560|13172.867560,0.000000,0.000000,0.000000
Drone 5: 0 149 0 13 0 71 181 0 127 0 18 0 192 177 5 1 0 90 104 0 126 0 80 0 9 84 0 165 162 0 179 0 193 4 0 |Drone Time: 13564.014072|13564.014072,0.000000,0.000000,0.000000
Total validation: Makespan=13589.580935, Deadline violation=0.000000, Energy violation=0.000000, Capacity violation=0.000000
