Instance: 200.10.4
Customer group: 200
Repetition: 1
Experiment strategy: adaptive
Gamma set: g3
Gamma1: 0.3
Gamma2: 0.2
Gamma3: 0.1
Gamma4: 0.6
Experiment seed: 42
Solver exit code: 0
Neighborhood selection: adaptive
Adaptive parameters: 0.300000 0.200000 0.100000 0.600000
Random seed: 42
Simulated annealing: disabled
Diversification: disabled
Initial solution cost: 10225.385070
Improved solution cost: 8038.259182
Worst solution cost: 8038.259182
Mean solution cost: 8038.259182
Mean elapsed time: 1675.219640 seconds
Final solution feasibility: FEASIBLE
Solution Details:
Truck Routes:
Truck 1: 0 102 145 159 82 79 0 20 114 184 166 109 0 62 36 131 120 129 163 100 0 |Truck Time: 8021.930639|8021.930639,0.000000,0.000000,0.000000
Truck 2: 0 24 157 84 28 57 185 119 132 108 0 153 16 15 31 0 156 154 139 188 0 |Truck Time: 8010.573155|8010.573155,0.000000,0.000000,0.000000
Truck 3: 0 169 138 30 1 90 93 68 97 23 77 0 193 61 33 60 80 0 127 58 137 39 0 |Truck Time: 8019.569670|8019.569670,0.000000,0.000000,0.000000
Truck 4: 0 182 160 5 78 96 17 200 0 190 142 106 42 104 115 46 99 0 118 0 48 52 124 170 113 0 |Truck Time: 8024.705715|8024.705715,0.000000,0.000000,0.000000
Truck 5: 0 19 171 151 199 105 187 0 111 65 9 141 86 0 70 49 63 175 174 172 0 |Truck Time: 8038.259182|8038.259182,0.000000,0.000000,0.000000
Drone Routes:
Drone 1: 0 130 32 38 2 0 195 50 0 192 66 88 0 165 0 34 0 158 21 0 168 0 43 22 0 148 0 149 0 35 183 0 140 0 6 181 0 |Drone Time: 7910.597638|7910.597638,0.000000,0.000000,0.000000
Drone 2: 0 152 0 126 76 0 117 177 0 18 27 0 56 0 72 0 134 0 53 0 47 0 176 0 85 0 103 81 197 0 189 0 |Drone Time: 8029.368432|8029.368432,0.000000,0.000000,0.000000
Drone 3: 0 11 133 44 67 29 13 122 0 3 54 7 0 173 150 0 37 8 0 4 0 186 164 0 41 0 178 0 14 0 112 0 26 0 143 0 |Drone Time: 8028.767263|8028.767263,0.000000,0.000000,0.000000
Drone 4: 0 45 74 0 10 146 0 55 0 95 98 144 0 167 161 0 64 191 0 155 25 0 196 147 0 101 121 0 92 0 51 71 0 73 0 |Drone Time: 8034.739245|8034.739245,0.000000,0.000000,0.000000
Drone 5: 0 75 91 12 135 0 128 89 123 107 0 180 83 0 194 0 198 179 0 40 125 0 136 0 116 87 0 94 0 59 0 69 162 0 110 0 |Drone Time: 8030.830598|8030.830598,0.000000,0.000000,0.000000
Total validation: Makespan=8038.259182, Deadline violation=0.000000, Energy violation=0.000000, Capacity violation=0.000000
