Instance: 200.30.3
Customer group: 200
Repetition: 4
Experiment strategy: cyclic
Gamma set: 
Gamma1: 
Gamma2: 
Gamma3: 
Gamma4: 
Experiment seed: 45
Solver exit code: 0
Neighborhood selection: cyclic
Random seed: 45
Simulated annealing: disabled
Diversification: disabled
Initial solution cost: 30346.175888
Improved solution cost: 26957.187392
Worst solution cost: 26957.187392
Mean solution cost: 26957.187392
Mean elapsed time: 990.708724 seconds
Final solution feasibility: FEASIBLE
Solution Details:
Truck Routes:
Truck 1: 0 171 0 191 0 164 0 148 0 86 110 0 20 195 0 |Truck Time: 26892.012077|26892.012077,0.000000,0.000000,0.000000
Truck 2: 0 123 116 0 28 124 0 175 149 0 64 30 119 111 96 0 24 187 0 114 161 184 0 |Truck Time: 26583.094806|26583.094806,0.000000,0.000000,0.000000
Truck 3: 0 194 0 69 41 0 163 0 78 0 47 0 142 137 23 0 |Truck Time: 26957.187392|26957.187392,0.000000,0.000000,0.000000
Truck 4: 0 104 117 55 83 0 181 0 172 89 39 87 0 35 165 14 0 133 186 145 0 92 3 0 |Truck Time: 26872.616176|26872.616176,0.000000,0.000000,0.000000
Truck 5: 0 52 0 60 130 198 0 90 154 108 0 143 46 0 101 9 0 59 0 112 36 0 |Truck Time: 26602.910743|26602.910743,0.000000,0.000000,0.000000
Drone Routes:
Drone 1: 0 125 15 0 34 200 85 0 81 31 0 106 0 95 32 0 176 0 138 174 188 0 70 0 134 0 178 66 199 0 72 0 44 0 177 0 68 51 0 6 0 84 0 |Drone Time: 26764.765516|26764.765516,0.000000,0.000000,0.000000
Drone 2: 0 18 62 0 93 180 189 0 166 100 19 0 11 159 0 162 168 0 58 0 182 147 0 57 192 88 0 45 0 12 2 0 71 50 0 140 42 0 115 0 160 0 152 0 |Drone Time: 26941.988476|26941.988476,0.000000,0.000000,0.000000
Drone 3: 0 99 169 107 0 118 5 0 80 54 26 0 8 40 79 0 43 37 0 94 38 0 173 109 0 13 141 0 49 157 0 196 136 0 61 0 126 0 97 0 65 1 0 |Drone Time: 26672.607610|26672.607610,0.000000,0.000000,0.000000
Drone 4: 0 151 135 33 0 121 0 185 131 156 0 105 0 56 0 10 48 0 75 0 4 127 0 158 0 132 120 63 0 7 91 0 179 0 73 0 98 167 0 170 17 0 102 153 0 |Drone Time: 26813.097325|26813.097325,0.000000,0.000000,0.000000
Drone 5: 0 150 53 0 74 129 0 183 190 0 103 139 0 77 0 29 0 25 0 82 155 0 16 21 0 76 113 0 122 0 146 0 22 67 0 128 0 144 27 0 197 193 0 |Drone Time: 26571.812136|26571.812136,0.000000,0.000000,0.000000
Total validation: Makespan=26957.187392, Deadline violation=0.000000, Energy violation=0.000000, Capacity violation=0.000000
