Instance: 200.30.2
Customer group: 200
Repetition: 3
Experiment strategy: random
Gamma set: 
Gamma1: 
Gamma2: 
Gamma3: 
Gamma4: 
Experiment seed: 44
Solver exit code: 0
Neighborhood selection: random
Random seed: 44
Simulated annealing: disabled
Diversification: disabled
Initial solution cost: 31788.730834
Improved solution cost: 21571.297625
Worst solution cost: 21571.297625
Mean solution cost: 21571.297625
Mean elapsed time: 1352.235969 seconds
Final solution feasibility: FEASIBLE
Solution Details:
Truck Routes:
Truck 1: 0 62 146 0 119 12 0 95 191 180 198 0 133 20 48 0 |Truck Time: 21571.297625|21571.297625,0.000000,0.000000,0.000000
Truck 2: 0 17 0 126 141 0 190 80 0 183 75 0 111 13 56 0 |Truck Time: 21569.329727|21569.329727,0.000000,0.000000,0.000000
Truck 3: 0 96 150 186 184 0 86 65 171 0 193 27 51 47 112 0 21 82 0 187 10 33 0 |Truck Time: 21453.599146|21453.599146,0.000000,0.000000,0.000000
Truck 4: 0 18 148 0 19 101 40 7 177 0 160 100 142 169 0 42 22 159 125 134 0 28 39 43 155 0 |Truck Time: 21551.566889|21551.566889,0.000000,0.000000,0.000000
Truck 5: 0 137 172 0 161 178 0 89 67 135 0 74 16 91 73 0 108 78 130 122 0 199 0 |Truck Time: 21566.349815|21566.349815,0.000000,0.000000,0.000000
Drone Routes:
Drone 1: 0 124 0 106 200 0 2 157 0 166 120 179 0 45 81 15 0 77 138 0 1 4 0 99 139 41 0 57 151 35 0 149 0 76 103 0 68 55 0 174 194 0 |Drone Time: 21512.515919|21512.515919,0.000000,0.000000,0.000000
Drone 2: 0 107 140 0 6 25 0 31 84 0 145 181 0 156 24 0 197 105 23 0 116 121 88 131 0 79 46 0 5 0 164 53 0 97 93 0 61 132 0 118 128 0 |Drone Time: 21528.360447|21528.360447,0.000000,0.000000,0.000000
Drone 3: 0 129 36 0 163 0 189 0 110 94 70 0 154 144 0 109 0 59 123 71 0 8 9 0 83 176 0 167 0 113 0 98 0 196 0 92 147 0 |Drone Time: 21535.062436|21535.062436,0.000000,0.000000,0.000000
Drone 4: 0 60 87 0 185 0 58 0 117 104 0 173 168 37 0 85 192 64 143 0 69 0 72 49 0 158 102 0 182 175 54 0 195 44 0 11 0 136 0 |Drone Time: 21469.613088|21469.613088,0.000000,0.000000,0.000000
Drone 5: 0 90 0 66 0 63 0 52 14 165 0 114 170 0 127 38 0 26 0 50 0 34 30 0 29 0 188 162 0 32 3 0 153 0 115 152 0 |Drone Time: 21526.455276|21526.455276,0.000000,0.000000,0.000000
Total validation: Makespan=21571.297625, Deadline violation=0.000000, Energy violation=0.000000, Capacity violation=0.000000
