Instance: 200.30.3
Customer group: 200
Repetition: 2
Experiment strategy: adaptive
Gamma set: g2
Gamma1: 0.5
Gamma2: 0.3
Gamma3: 0.1
Gamma4: 0.3
Experiment seed: 43
Solver exit code: 0
Neighborhood selection: adaptive
Adaptive parameters: 0.500000 0.300000 0.100000 0.300000
Random seed: 43
Simulated annealing: disabled
Diversification: disabled
Initial solution cost: 31531.732818
Improved solution cost: 21719.588615
Worst solution cost: 21719.588615
Mean solution cost: 21719.588615
Mean elapsed time: 1668.725125 seconds
Final solution feasibility: FEASIBLE
Solution Details:
Truck Routes:
Truck 1: 0 9 18 197 64 0 12 44 2 148 133 0 163 59 20 78 0 71 83 130 0 |Truck Time: 20460.751317|20460.751317,0.000000,0.000000,0.000000
Truck 2: 0 182 186 0 131 179 198 0 191 0 45 56 115 13 123 0 98 144 0 |Truck Time: 21657.139106|21657.139106,0.000000,0.000000,0.000000
Truck 3: 0 172 41 47 0 39 89 0 175 166 24 194 0 30 121 161 28 0 |Truck Time: 21684.392730|21684.392730,0.000000,0.000000,0.000000
Truck 4: 0 22 27 0 35 117 112 0 108 7 93 0 149 58 196 152 145 187 6 0 90 181 0 |Truck Time: 21540.544270|21540.544270,0.000000,0.000000,0.000000
Truck 5: 0 164 162 0 101 110 10 0 3 69 87 68 0 32 118 95 36 104 0 |Truck Time: 21719.588615|21719.588615,0.000000,0.000000,0.000000
Drone Routes:
Drone 1: 0 177 0 183 127 0 77 0 170 0 72 0 29 0 146 0 61 0 65 17 0 11 0 103 0 126 57 0 84 34 0 81 135 0 122 92 0 |Drone Time: 21669.193203|21669.193203,0.000000,0.000000,0.000000
Drone 2: 0 50 159 125 0 140 173 0 48 109 0 168 106 0 80 0 192 141 190 91 0 40 25 23 0 52 143 0 114 0 55 4 0 147 82 0 8 66 0 60 0 31 86 0 |Drone Time: 21690.808116|21690.808116,0.000000,0.000000,0.000000
Drone 3: 0 137 0 134 0 156 21 15 0 155 73 0 53 107 100 0 188 169 88 0 85 67 0 185 150 0 142 193 0 124 0 153 1 0 94 0 176 0 |Drone Time: 21709.558958|21709.558958,0.000000,0.000000,0.000000
Drone 4: 0 37 43 0 113 5 120 54 0 111 119 0 102 136 0 38 51 180 0 99 75 46 0 184 42 0 158 0 138 167 195 0 97 0 160 0 96 0 116 200 0 |Drone Time: 21714.498850|21714.498850,0.000000,0.000000,0.000000
Drone 5: 0 49 0 199 16 139 0 19 105 0 178 0 165 14 0 79 74 129 0 26 70 0 33 151 62 0 76 132 0 174 157 154 0 171 0 128 0 189 63 0 |Drone Time: 21706.160508|21706.160508,0.000000,0.000000,0.000000
Total validation: Makespan=21719.588615, Deadline violation=0.000000, Energy violation=0.000000, Capacity violation=0.000000
