Instance: 200.30.2
Customer group: 200
Repetition: 4
Experiment strategy: random
Gamma set: 
Gamma1: 
Gamma2: 
Gamma3: 
Gamma4: 
Experiment seed: 45
Solver exit code: 0
Neighborhood selection: random
Random seed: 45
Simulated annealing: disabled
Diversification: disabled
Initial solution cost: 30307.848228
Improved solution cost: 21283.308585
Worst solution cost: 21283.308585
Mean solution cost: 21283.308585
Mean elapsed time: 1200.652630 seconds
Final solution feasibility: FEASIBLE
Solution Details:
Truck Routes:
Truck 1: 0 48 0 21 101 0 199 163 95 79 0 104 176 186 0 |Truck Time: 21283.308585|21283.308585,0.000000,0.000000,0.000000
Truck 2: 0 8 45 75 0 183 33 0 127 12 119 153 0 87 126 141 0 142 169 0 |Truck Time: 20570.435798|20570.435798,0.000000,0.000000,0.000000
Truck 3: 0 96 190 0 74 130 122 108 5 0 23 105 109 99 0 174 86 67 135 0 171 0 |Truck Time: 21226.677250|21226.677250,0.000000,0.000000,0.000000
Truck 4: 0 76 52 197 18 0 56 198 0 63 137 0 100 160 6 32 54 0 82 134 0 |Truck Time: 21104.542278|21104.542278,0.000000,0.000000,0.000000
Truck 5: 0 55 68 0 61 0 80 150 47 112 196 0 103 62 146 195 161 0 22 125 172 0 |Truck Time: 21255.899706|21255.899706,0.000000,0.000000,0.000000
Drone Routes:
Drone 1: 0 58 0 66 0 111 97 0 129 0 0 165 14 41 0 117 188 3 0 167 193 0 50 0 77 189 0 15 81 182 0 173 59 181 0 19 155 0 43 177 0 |Drone Time: 21234.597596|21234.597596,0.000000,0.000000,0.000000
Drone 2: 0 84 192 64 0 124 0 57 2 35 0 121 145 88 116 0 25 94 110 0 7 158 0 26 0 44 0 114 164 0 149 0 133 120 0 187 10 0 78 16 0 |Drone Time: 21259.940890|21259.940890,0.000000,0.000000,0.000000
Drone 3: 0 139 60 178 0 49 72 0 200 0 90 0 132 70 37 168 53 0 51 0 157 151 0 162 0 9 36 154 0 13 0 65 30 0 20 0 136 0 156 24 0 |Drone Time: 21240.038204|21240.038204,0.000000,0.000000,0.000000
Drone 4: 0 185 0 180 0 144 42 159 0 170 152 0 71 0 123 29 0 69 0 38 0 27 0 147 140 107 0 39 83 0 89 46 0 40 175 28 0 |Drone Time: 21199.477677|21199.477677,0.000000,0.000000,0.000000
Drone 5: 0 118 128 0 113 0 93 191 0 73 179 131 0 92 85 0 98 143 166 0 4 106 0 34 1 194 0 184 0 31 148 0 138 102 0 91 0 11 0 115 17 0 |Drone Time: 21258.315341|21258.315341,0.000000,0.000000,0.000000
Total validation: Makespan=21283.308585, Deadline violation=0.000000, Energy violation=0.000000, Capacity violation=0.000000
