Instance: 200.40.1
Customer group: 200
Repetition: 4
Experiment strategy: random
Gamma set: 
Gamma1: 
Gamma2: 
Gamma3: 
Gamma4: 
Experiment seed: 45
Solver exit code: 0
Neighborhood selection: random
Random seed: 45
Simulated annealing: disabled
Diversification: disabled
Initial solution cost: 37236.166628
Improved solution cost: 27381.586361
Worst solution cost: 27381.586361
Mean solution cost: 27381.586361
Mean elapsed time: 16058.663836 seconds
Final solution feasibility: FEASIBLE
Solution Details:
Truck Routes:
Truck 1: 0 73 190 0 184 131 16 0 89 162 0 192 50 0 20 0 |Truck Time: 27370.188813|27370.188813,0.000000,0.000000,0.000000
Truck 2: 0 42 144 0 183 11 0 100 55 66 0 188 118 92 0 54 86 77 70 0 157 4 0 |Truck Time: 27256.814692|27256.814692,0.000000,0.000000,0.000000
Truck 3: 0 36 143 154 152 102 0 90 0 128 108 0 37 18 158 0 185 104 63 0 |Truck Time: 27381.586361|27381.586361,0.000000,0.000000,0.000000
Truck 4: 0 29 96 0 14 0 6 0 200 15 28 0 133 149 147 0 65 163 156 0 |Truck Time: 27311.557080|27311.557080,0.000000,0.000000,0.000000
Truck 5: 0 155 0 62 2 0 137 193 75 10 0 164 3 0 129 109 0 106 125 78 107 121 0 |Truck Time: 27379.855150|27379.855150,0.000000,0.000000,0.000000
Drone Routes:
Drone 1: 0 198 145 0 159 0 124 45 71 0 95 195 0 142 81 150 0 136 80 0 79 177 0 167 105 0 52 8 0 39 0 196 21 0 126 146 179 13 0 30 0 25 1 47 0 19 114 0 |Drone Time: 27323.614214|27323.614214,0.000000,0.000000,0.000000
Drone 2: 0 115 0 119 27 0 38 112 35 140 0 34 101 0 113 41 0 116 110 0 7 94 0 175 0 99 0 139 59 0 88 169 0 189 151 0 111 148 0 |Drone Time: 27326.594405|27326.594405,0.000000,0.000000,0.000000
Drone 3: 0 141 172 0 17 84 48 0 153 67 31 44 160 0 182 103 0 191 98 0 122 0 168 173 180 0 26 174 0 74 0 22 0 49 194 0 12 85 130 0 186 69 24 0 |Drone Time: 27217.497727|27217.497727,0.000000,0.000000,0.000000
Drone 4: 0 138 132 0 23 123 9 0 120 170 0 5 32 0 61 0 43 0 134 0 64 0 97 40 197 0 171 161 0 93 0 87 0 |Drone Time: 27277.075751|27277.075751,0.000000,0.000000,0.000000
Drone 5: 0 46 0 127 0 181 0 135 60 53 0 117 199 56 0 58 0 91 187 0 68 76 0 165 0 57 51 0 176 0 72 83 0 82 178 0 166 33 0 |Drone Time: 27380.332431|27380.332431,0.000000,0.000000,0.000000
Total validation: Makespan=27381.586361, Deadline violation=0.000000, Energy violation=0.000000, Capacity violation=0.000000
