Instance: 200.10.2
Customer group: 200
Repetition: 4
Experiment strategy: adaptive
Gamma set: g3
Gamma1: 0.3
Gamma2: 0.2
Gamma3: 0.1
Gamma4: 0.6
Experiment seed: 45
Solver exit code: 0
Neighborhood selection: adaptive
Adaptive parameters: 0.300000 0.200000 0.100000 0.600000
Random seed: 45
Simulated annealing: disabled
Diversification: disabled
Initial solution cost: 10569.697666
Improved solution cost: 7095.852500
Worst solution cost: 7095.852500
Mean solution cost: 7095.852500
Mean elapsed time: 1901.410158 seconds
Final solution feasibility: FEASIBLE
Solution Details:
Truck Routes:
Truck 1: 0 34 110 21 176 135 166 65 0 189 89 17 112 82 12 123 200 0 |Truck Time: 7084.789145|7084.789145,0.000000,0.000000,0.000000
Truck 2: 0 84 129 113 85 115 26 56 158 120 27 19 0 133 36 130 4 49 9 38 175 99 0 179 187 0 |Truck Time: 7089.396937|7089.396937,0.000000,0.000000,0.000000
Truck 3: 0 114 60 42 181 109 154 0 122 64 182 96 173 100 93 3 0 147 87 140 124 61 0 |Truck Time: 7089.491745|7089.491745,0.000000,0.000000,0.000000
Truck 4: 0 134 45 103 141 20 0 98 125 58 188 90 1 0 53 51 155 161 107 184 88 8 0 |Truck Time: 7094.448777|7094.448777,0.000000,0.000000,0.000000
Truck 5: 0 76 102 142 160 127 33 0 25 148 169 86 69 23 79 0 159 199 74 138 32 144 40 31 190 0 |Truck Time: 7095.852500|7095.852500,0.000000,0.000000,0.000000
Drone Routes:
Drone 1: 0 2 0 132 68 0 24 106 0 152 105 0 128 145 0 5 117 0 119 0 118 108 6 0 101 83 13 0 193 126 0 29 116 0 151 0 |Drone Time: 7086.309047|7086.309047,0.000000,0.000000,0.000000
Drone 2: 0 72 62 54 0 191 11 37 0 131 0 168 0 156 163 0 73 91 0 150 0 50 59 0 94 0 136 35 0 192 0 180 0 |Drone Time: 7085.033296|7085.033296,0.000000,0.000000,0.000000
Drone 3: 0 174 170 0 57 0 153 178 165 0 14 0 47 71 0 70 52 0 195 0 194 198 0 157 0 80 97 0 111 67 0 121 197 183 92 0 |Drone Time: 7083.533443|7083.533443,0.000000,0.000000,0.000000
Drone 4: 0 16 75 0 28 186 46 0 146 63 0 7 0 95 171 0 48 22 0 177 149 0 41 0 139 0 44 81 0 143 0 |Drone Time: 7088.499669|7088.499669,0.000000,0.000000,0.000000
Drone 5: 0 66 0 164 0 167 77 15 0 196 55 0 137 0 39 172 0 30 0 10 0 162 0 78 43 0 185 0 18 104 0 |Drone Time: 7064.499019|7064.499019,0.000000,0.000000,0.000000
Total validation: Makespan=7095.852500, Deadline violation=0.000000, Energy violation=0.000000, Capacity violation=0.000000
