Instance: 200.10.3
Customer group: 200
Repetition: 5
Experiment strategy: cyclic
Gamma set: 
Gamma1: 
Gamma2: 
Gamma3: 
Gamma4: 
Experiment seed: 46
Solver exit code: 0
Neighborhood selection: cyclic
Random seed: 46
Simulated annealing: disabled
Diversification: disabled
Initial solution cost: 9432.239049
Improved solution cost: 6073.120915
Worst solution cost: 6073.120915
Mean solution cost: 6073.120915
Mean elapsed time: 1817.702733 seconds
Final solution feasibility: FEASIBLE
Solution Details:
Truck Routes:
Truck 1: 0 123 183 16 46 41 144 162 131 172 0 14 80 82 117 122 103 84 184 97 0 |Truck Time: 6055.411282|6055.411282,0.000000,0.000000,0.000000
Truck 2: 0 17 30 0 24 88 157 71 114 92 154 0 21 124 40 6 76 0 |Truck Time: 5893.830584|5893.830584,0.000000,0.000000,0.000000
Truck 3: 0 4 104 182 199 1 133 160 0 63 191 197 38 0 137 86 67 55 106 39 0 |Truck Time: 5962.143550|5962.143550,0.000000,0.000000,0.000000
Truck 4: 0 25 7 185 34 87 126 108 0 181 54 48 168 66 50 200 143 179 150 138 149 27 0 |Truck Time: 6028.938554|6028.938554,0.000000,0.000000,0.000000
Truck 5: 0 5 65 190 78 69 111 42 100 59 155 0 2 23 47 188 73 112 130 29 68 196 0 |Truck Time: 6073.120915|6073.120915,0.000000,0.000000,0.000000
Drone Routes:
Drone 1: 0 136 51 0 36 0 110 99 0 10 174 0 169 81 58 0 198 0 93 0 118 161 0 164 35 0 107 15 0 127 102 0 |Drone Time: 6058.435644|6058.435644,0.000000,0.000000,0.000000
Drone 2: 0 116 109 153 177 0 147 175 0 57 115 22 0 49 94 0 79 26 53 0 19 129 0 70 113 159 0 37 72 166 56 0 12 3 11 0 96 0 |Drone Time: 6053.866374|6053.866374,0.000000,0.000000,0.000000
Drone 3: 0 120 83 0 139 145 119 0 178 163 142 98 194 0 173 165 77 0 134 156 0 176 13 0 189 74 28 0 132 140 0 |Drone Time: 6018.972080|6018.972080,0.000000,0.000000,0.000000
Drone 4: 0 33 52 125 0 90 64 0 152 20 43 121 0 85 62 0 44 95 146 0 170 171 45 0 89 0 9 101 75 0 |Drone Time: 6063.202432|6063.202432,0.000000,0.000000,0.000000
Drone 5: 0 31 148 0 158 91 0 8 195 0 167 151 0 61 18 0 192 186 0 32 60 105 0 128 0 193 135 0 187 180 0 141 0 |Drone Time: 6059.719433|6059.719433,0.000000,0.000000,0.000000
Total validation: Makespan=6073.120915, Deadline violation=0.000000, Energy violation=0.000000, Capacity violation=0.000000
