Instance: 200.30.3
Customer group: 200
Repetition: 3
Experiment strategy: adaptive
Gamma set: g2
Gamma1: 0.5
Gamma2: 0.3
Gamma3: 0.1
Gamma4: 0.3
Experiment seed: 44
Solver exit code: 0
Neighborhood selection: adaptive
Adaptive parameters: 0.500000 0.300000 0.100000 0.300000
Random seed: 44
Simulated annealing: disabled
Diversification: disabled
Initial solution cost: 31751.425974
Improved solution cost: 22741.280782
Worst solution cost: 22741.280782
Mean solution cost: 22741.280782
Mean elapsed time: 1025.256204 seconds
Final solution feasibility: FEASIBLE
Solution Details:
Truck Routes:
Truck 1: 0 30 184 0 58 0 20 59 0 160 163 0 |Truck Time: 22708.654247|22708.654247,0.000000,0.000000,0.000000
Truck 2: 0 112 189 4 47 71 83 0 36 95 87 0 148 44 191 0 27 164 98 174 0 124 161 28 0 |Truck Time: 22580.211523|22580.211523,0.000000,0.000000,0.000000
Truck 3: 0 6 16 152 145 0 176 144 0 153 72 199 0 131 107 19 175 0 118 39 68 41 0 |Truck Time: 22185.427410|22185.427410,0.000000,0.000000,0.000000
Truck 4: 0 64 101 110 8 10 0 92 69 3 180 104 0 172 128 7 0 56 45 115 188 90 181 0 |Truck Time: 22741.280782|22741.280782,0.000000,0.000000,0.000000
Truck 5: 0 170 82 130 0 60 103 133 0 149 166 0 116 46 0 81 86 158 23 0 |Truck Time: 21234.344041|21234.344041,0.000000,0.000000,0.000000
Drone Routes:
Drone 1: 0 105 0 50 91 169 88 0 102 187 31 0 77 0 127 113 51 93 0 143 0 100 43 0 76 5 0 49 167 0 54 120 183 0 40 25 0 178 62 0 |Drone Time: 22669.314865|22669.314865,0.000000,0.000000,0.000000
Drone 2: 0 24 0 121 0 156 185 0 171 0 13 0 26 29 132 0 70 147 0 186 2 0 140 111 11 0 196 21 0 177 0 194 139 0 108 154 0 129 74 0 |Drone Time: 22689.203561|22689.203561,0.000000,0.000000,0.000000
Drone 3: 0 198 0 63 0 168 106 0 75 99 0 35 0 146 0 96 34 0 141 159 190 0 119 0 182 66 0 85 0 97 0 22 67 0 197 33 48 0 123 52 0 |Drone Time: 22723.049728|22723.049728,0.000000,0.000000,0.000000
Drone 4: 0 134 0 135 151 109 0 61 0 142 79 0 14 0 150 155 0 42 0 126 0 125 38 0 9 0 18 12 0 114 200 0 94 57 192 0 117 0 |Drone Time: 22741.225856|22741.225856,0.000000,0.000000,0.000000
Drone 5: 0 89 0 53 179 0 137 0 55 80 0 15 136 37 0 173 193 0 1 0 78 0 138 195 157 0 73 0 65 17 165 0 84 0 162 0 122 32 0 |Drone Time: 22725.678245|22725.678245,0.000000,0.000000,0.000000
Total validation: Makespan=22741.280782, Deadline violation=0.000000, Energy violation=0.000000, Capacity violation=0.000000
