Instance: 200.30.4
Customer group: 200
Repetition: 3
Experiment strategy: adaptive
Gamma set: g3
Gamma1: 0.3
Gamma2: 0.2
Gamma3: 0.1
Gamma4: 0.6
Experiment seed: 44
Solver exit code: 0
Neighborhood selection: adaptive
Adaptive parameters: 0.300000 0.200000 0.100000 0.600000
Random seed: 44
Simulated annealing: disabled
Diversification: disabled
Initial solution cost: 31683.195528
Improved solution cost: 21164.654868
Worst solution cost: 21164.654868
Mean solution cost: 21164.654868
Mean elapsed time: 1475.109249 seconds
Final solution feasibility: FEASIBLE
Solution Details:
Truck Routes:
Truck 1: 0 43 184 197 0 107 0 136 174 164 0 133 180 8 132 0 50 0 |Truck Time: 20960.840185|20960.840185,0.000000,0.000000,0.000000
Truck 2: 0 73 37 159 198 0 141 2 23 0 54 39 13 14 22 137 0 34 56 134 0 |Truck Time: 21164.654868|21164.654868,0.000000,0.000000,0.000000
Truck 3: 0 149 104 114 194 0 19 81 0 9 59 28 0 32 176 85 0 |Truck Time: 21140.553610|21140.553610,0.000000,0.000000,0.000000
Truck 4: 0 40 195 0 20 125 143 4 200 0 135 123 122 0 145 98 48 0 192 124 151 89 0 |Truck Time: 20997.931015|20997.931015,0.000000,0.000000,0.000000
Truck 5: 0 31 84 25 185 0 163 170 119 155 157 0 82 66 12 126 77 61 0 11 140 175 190 0 |Truck Time: 21124.191094|21124.191094,0.000000,0.000000,0.000000
Drone Routes:
Drone 1: 0 161 0 51 27 0 65 0 178 21 0 144 0 24 30 0 10 0 171 0 196 111 0 16 0 45 52 91 0 118 33 0 5 53 0 182 193 165 0 |Drone Time: 21159.955881|21159.955881,0.000000,0.000000,0.000000
Drone 2: 0 90 76 0 106 0 112 79 0 150 127 0 158 18 88 0 93 108 0 162 44 0 46 156 0 101 0 60 0 95 160 0 186 167 0 80 0 83 38 0 |Drone Time: 21092.536765|21092.536765,0.000000,0.000000,0.000000
Drone 3: 0 181 152 0 57 99 42 0 96 0 64 183 142 55 0 179 139 0 29 0 121 58 110 0 120 117 148 0 166 0 116 0 168 0 131 36 0 188 69 0 |Drone Time: 21154.302609|21154.302609,0.000000,0.000000,0.000000
Drone 4: 0 94 0 115 78 0 62 0 1 92 172 0 3 0 71 154 0 129 35 0 87 0 102 0 187 15 0 70 147 189 0 103 130 169 0 100 41 67 0 146 49 113 0 |Drone Time: 21065.328627|21065.328627,0.000000,0.000000,0.000000
Drone 5: 0 68 0 153 86 0 7 0 17 0 128 0 177 0 63 0 191 0 109 173 0 47 0 26 0 6 199 0 72 74 0 75 105 0 97 138 0 |Drone Time: 21156.248037|21156.248037,0.000000,0.000000,0.000000
Total validation: Makespan=21164.654868, Deadline violation=0.000000, Energy violation=0.000000, Capacity violation=0.000000
