Instance: 200.10.1
Customer group: 200
Repetition: 2
Experiment strategy: adaptive
Gamma set: g2
Gamma1: 0.5
Gamma2: 0.3
Gamma3: 0.1
Gamma4: 0.3
Experiment seed: 43
Solver exit code: 0
Neighborhood selection: adaptive
Adaptive parameters: 0.500000 0.300000 0.100000 0.300000
Random seed: 43
Simulated annealing: disabled
Diversification: disabled
Initial solution cost: 10237.177381
Improved solution cost: 7440.093791
Worst solution cost: 7440.093791
Mean solution cost: 7440.093791
Mean elapsed time: 1417.441216 seconds
Final solution feasibility: FEASIBLE
Solution Details:
Truck Routes:
Truck 1: 0 39 181 157 0 123 159 92 0 154 109 142 70 150 169 0 |Truck Time: 7370.982033|7370.982033,0.000000,0.000000,0.000000
Truck 2: 0 68 42 155 129 0 100 199 135 158 187 46 140 161 0 58 194 24 69 13 102 147 124 0 |Truck Time: 7410.613531|7410.613531,0.000000,0.000000,0.000000
Truck 3: 0 144 31 35 0 47 79 156 133 12 107 134 104 72 118 0 125 101 198 49 52 143 60 15 0 |Truck Time: 7260.303810|7260.303810,0.000000,0.000000,0.000000
Truck 4: 0 184 37 45 94 0 53 176 190 122 85 0 108 87 10 7 99 120 16 0 |Truck Time: 7439.111253|7439.111253,0.000000,0.000000,0.000000
Truck 5: 0 132 67 82 88 200 29 62 86 56 180 0 119 166 151 0 171 51 50 126 197 78 111 9 178 0 |Truck Time: 7440.093791|7440.093791,0.000000,0.000000,0.000000
Drone Routes:
Drone 1: 0 160 192 97 0 20 23 0 93 2 0 74 77 110 0 40 149 0 131 0 177 25 0 114 164 0 18 0 3 0 127 138 0 |Drone Time: 7290.353855|7290.353855,0.000000,0.000000,0.000000
Drone 2: 0 145 139 0 19 55 48 153 0 168 141 0 121 34 0 188 0 75 96 0 196 0 136 38 0 89 195 0 146 32 0 57 0 173 65 0 |Drone Time: 7434.401711|7434.401711,0.000000,0.000000,0.000000
Drone 3: 0 165 63 117 0 163 66 0 6 11 0 162 186 112 0 90 41 0 14 5 0 95 28 0 175 137 0 36 30 0 27 0 130 83 0 |Drone Time: 7218.170666|7218.170666,0.000000,0.000000,0.000000
Drone 4: 0 179 0 73 0 193 17 183 0 71 170 189 0 172 174 43 106 0 59 8 0 81 182 80 0 185 0 33 0 1 113 0 105 21 0 |Drone Time: 7403.370837|7403.370837,0.000000,0.000000,0.000000
Drone 5: 0 22 0 26 116 0 4 54 0 98 103 0 64 84 167 0 91 0 148 44 0 76 0 115 0 61 128 0 152 191 0 |Drone Time: 7432.627585|7432.627585,0.000000,0.000000,0.000000
Total validation: Makespan=7440.093791, Deadline violation=0.000000, Energy violation=0.000000, Capacity violation=0.000000
