Instance: 200.10.1
Customer group: 200
Repetition: 5
Experiment strategy: cyclic
Gamma set: 
Gamma1: 
Gamma2: 
Gamma3: 
Gamma4: 
Experiment seed: 46
Solver exit code: 0
Neighborhood selection: cyclic
Random seed: 46
Simulated annealing: disabled
Diversification: disabled
Initial solution cost: 10311.854697
Improved solution cost: 7306.064345
Worst solution cost: 7306.064345
Mean solution cost: 7306.064345
Mean elapsed time: 1642.640630 seconds
Final solution feasibility: FEASIBLE
Solution Details:
Truck Routes:
Truck 1: 0 24 196 39 41 0 197 126 72 0 114 188 43 36 116 164 199 0 |Truck Time: 7216.793954|7216.793954,0.000000,0.000000,0.000000
Truck 2: 0 100 75 140 0 163 125 115 52 143 146 0 150 57 108 142 186 7 10 0 |Truck Time: 7306.064345|7306.064345,0.000000,0.000000,0.000000
Truck 3: 0 28 23 134 33 122 78 85 50 0 176 190 152 167 180 0 47 133 92 156 79 20 136 0 |Truck Time: 7090.059396|7090.059396,0.000000,0.000000,0.000000
Truck 4: 0 129 42 68 131 120 0 3 14 166 194 151 58 119 0 124 34 137 22 13 102 69 148 0 |Truck Time: 7146.165002|7146.165002,0.000000,0.000000,0.000000
Truck 5: 0 89 195 80 0 177 16 155 94 149 45 98 37 144 0 51 6 97 12 27 76 17 107 105 0 |Truck Time: 7245.505804|7245.505804,0.000000,0.000000,0.000000
Drone Routes:
Drone 1: 0 158 187 0 88 77 0 53 178 38 0 26 128 0 118 165 181 0 106 70 0 4 0 9 174 0 30 64 0 60 0 15 0 |Drone Time: 7263.889314|7263.889314,0.000000,0.000000,0.000000
Drone 2: 0 161 0 127 138 81 0 8 32 44 90 179 0 1 113 0 121 71 0 86 153 183 0 62 0 182 189 0 130 0 35 67 74 84 0 132 0 171 21 0 |Drone Time: 7300.069067|7300.069067,0.000000,0.000000,0.000000
Drone 3: 0 141 159 0 168 110 193 0 147 63 0 169 48 55 112 0 157 0 82 0 59 0 117 0 25 184 0 109 0 185 5 0 |Drone Time: 7289.576344|7289.576344,0.000000,0.000000,0.000000
Drone 4: 0 91 0 2 0 31 0 65 101 0 172 160 95 0 46 200 0 40 99 49 0 175 11 0 123 0 104 0 154 0 173 83 0 |Drone Time: 7295.093148|7295.093148,0.000000,0.000000,0.000000
Drone 5: 0 19 162 66 0 61 103 0 56 192 0 170 93 198 0 18 0 96 145 0 139 111 0 29 191 0 54 87 0 135 0 73 0 |Drone Time: 7268.940707|7268.940707,0.000000,0.000000,0.000000
Total validation: Makespan=7306.064345, Deadline violation=0.000000, Energy violation=0.000000, Capacity violation=0.000000
