Instance: 200.20.2
Customer group: 200
Repetition: 3
Experiment strategy: cyclic
Gamma set: 
Gamma1: 
Gamma2: 
Gamma3: 
Gamma4: 
Experiment seed: 44
Solver exit code: 0
Neighborhood selection: cyclic
Random seed: 44
Simulated annealing: disabled
Diversification: disabled
Initial solution cost: 18361.326408
Improved solution cost: 13566.505173
Worst solution cost: 13566.505173
Mean solution cost: 13566.505173
Mean elapsed time: 1761.913621 seconds
Final solution feasibility: FEASIBLE
Solution Details:
Truck Routes:
Truck 1: 0 192 44 0 55 0 3 41 77 149 0 122 166 57 154 175 199 93 22 0 |Truck Time: 13446.395039|13446.395039,0.000000,0.000000,0.000000
Truck 2: 0 164 62 31 49 0 191 139 0 52 153 0 71 180 187 104 197 176 11 0 |Truck Time: 13475.098813|13475.098813,0.000000,0.000000,0.000000
Truck 3: 0 172 2 67 147 81 0 72 193 0 100 5 83 148 0 8 68 144 84 29 195 146 0 |Truck Time: 13560.749065|13560.749065,0.000000,0.000000,0.000000
Truck 4: 0 185 161 13 0 109 107 36 46 0 120 34 50 0 130 155 79 145 138 163 0 |Truck Time: 13566.505173|13566.505173,0.000000,0.000000,0.000000
Truck 5: 0 15 35 87 25 179 151 0 182 125 74 0 53 134 99 132 91 0 51 126 111 178 39 0 |Truck Time: 13519.042001|13519.042001,0.000000,0.000000,0.000000
Drone Routes:
Drone 1: 0 98 152 37 0 92 60 65 7 116 0 94 59 0 80 0 4 198 102 0 48 33 0 18 73 0 6 63 0 86 0 32 190 142 0 28 1 0 61 143 0 |Drone Time: 13565.029775|13565.029775,0.000000,0.000000,0.000000
Drone 2: 0 78 0 23 170 69 0 90 95 0 159 14 186 0 177 45 118 0 58 194 38 108 0 110 0 70 0 171 0 165 0 113 0 200 0 196 137 0 |Drone Time: 13554.257283|13554.257283,0.000000,0.000000,0.000000
Drone 3: 0 105 0 30 129 167 0 47 97 0 20 19 0 150 127 16 88 188 0 27 0 17 0 124 123 0 162 160 0 101 158 0 40 12 0 64 0 |Drone Time: 13513.064193|13513.064193,0.000000,0.000000,0.000000
Drone 4: 0 75 0 42 173 0 89 9 141 0 66 85 56 0 103 106 0 21 0 189 168 0 117 0 140 0 114 26 0 174 96 0 184 181 0 157 76 0 |Drone Time: 13513.496086|13513.496086,0.000000,0.000000,0.000000
Drone 5: 0 10 24 0 136 156 0 82 0 128 135 133 0 115 0 169 119 0 54 0 121 0 183 0 112 0 43 0 131 0 |Drone Time: 13501.064423|13501.064423,0.000000,0.000000,0.000000
Total validation: Makespan=13566.505173, Deadline violation=0.000000, Energy violation=0.000000, Capacity violation=0.000000
