Instance: 200.30.4
Customer group: 200
Repetition: 5
Experiment strategy: adaptive
Gamma set: g1
Gamma1: 0.3
Gamma2: 0.2
Gamma3: 0.1
Gamma4: 0.3
Experiment seed: 46
Solver exit code: 0
Neighborhood selection: adaptive
Adaptive parameters: 0.300000 0.200000 0.100000 0.300000
Random seed: 46
Simulated annealing: disabled
Diversification: disabled
Initial solution cost: 30857.673727
Improved solution cost: 26663.433096
Worst solution cost: 26663.433096
Mean solution cost: 26663.433096
Mean elapsed time: 1216.494940 seconds
Final solution feasibility: FEASIBLE
Solution Details:
Truck Routes:
Truck 1: 0 168 0 14 196 4 0 163 20 0 66 12 0 133 0 |Truck Time: 26594.410627|26594.410627,0.000000,0.000000,0.000000
Truck 2: 0 184 80 0 44 0 73 0 190 0 135 136 87 0 9 2 82 0 142 183 22 0 |Truck Time: 26622.361257|26622.361257,0.000000,0.000000,0.000000
Truck 3: 0 31 157 89 0 104 39 194 0 43 122 0 61 3 185 0 102 74 0 51 176 85 0 |Truck Time: 26566.241000|26566.241000,0.000000,0.000000,0.000000
Truck 4: 0 166 156 0 40 0 198 0 123 37 0 19 191 0 110 197 0 186 38 124 151 0 |Truck Time: 26627.725558|26627.725558,0.000000,0.000000,0.000000
Truck 5: 0 195 0 125 0 50 0 60 119 0 145 62 131 0 54 55 100 0 59 28 0 |Truck Time: 26663.433096|26663.433096,0.000000,0.000000,0.000000
Drone Routes:
Drone 1: 0 48 42 169 0 143 165 0 182 35 148 0 177 139 0 16 132 91 52 0 45 192 200 0 128 57 109 0 147 0 158 126 86 188 0 175 111 0 98 0 153 0 117 0 25 120 0 68 0 |Drone Time: 26548.639882|26548.639882,0.000000,0.000000,0.000000
Drone 2: 0 5 23 0 92 172 0 138 130 0 36 70 32 0 27 141 0 127 0 26 1 97 0 180 0 179 0 47 112 0 134 164 0 93 0 96 0 116 0 155 0 101 159 0 |Drone Time: 26635.113844|26635.113844,0.000000,0.000000,0.000000
Drone 3: 0 140 146 81 113 0 187 189 8 0 107 0 94 0 99 0 15 0 167 0 174 0 69 0 21 0 193 0 18 71 0 34 75 170 0 56 0 173 0 84 0 |Drone Time: 26612.926880|26612.926880,0.000000,0.000000,0.000000
Drone 4: 0 149 0 105 129 0 199 10 103 0 13 72 0 162 0 88 83 67 0 118 58 0 7 0 95 160 0 6 0 11 0 79 0 65 0 49 0 161 0 77 0 |Drone Time: 26530.903249|26530.903249,0.000000,0.000000,0.000000
Drone 5: 0 152 181 0 90 154 115 0 33 150 121 0 144 0 41 108 0 114 178 0 24 30 0 53 46 0 29 0 78 0 76 0 106 0 63 0 17 0 171 0 137 64 0 |Drone Time: 26508.212706|26508.212706,0.000000,0.000000,0.000000
Total validation: Makespan=26663.433096, Deadline violation=0.000000, Energy violation=0.000000, Capacity violation=0.000000
