Instance: 200.10.1
Customer group: 200
Repetition: 4
Experiment strategy: random
Gamma set: 
Gamma1: 
Gamma2: 
Gamma3: 
Gamma4: 
Experiment seed: 45
Solver exit code: 0
Neighborhood selection: random
Random seed: 45
Simulated annealing: disabled
Diversification: disabled
Initial solution cost: 10796.437825
Improved solution cost: 6648.335509
Worst solution cost: 6648.335509
Mean solution cost: 6648.335509
Mean elapsed time: 1953.033594 seconds
Final solution feasibility: FEASIBLE
Solution Details:
Truck Routes:
Truck 1: 0 14 32 119 58 166 3 0 10 7 66 106 101 115 125 0 169 155 149 132 0 |Truck Time: 6648.335509|6648.335509,0.000000,0.000000,0.000000
Truck 2: 0 28 91 107 17 76 134 0 15 0 195 124 24 157 2 181 196 148 194 151 83 0 |Truck Time: 6171.440245|6171.440245,0.000000,0.000000,0.000000
Truck 3: 0 183 86 199 135 187 36 82 96 100 75 140 0 171 73 152 176 190 145 62 174 161 0 118 11 51 56 0 |Truck Time: 6564.711465|6564.711465,0.000000,0.000000,0.000000
Truck 4: 0 182 117 175 13 137 22 69 147 0 68 57 150 142 87 65 198 52 49 0 38 0 |Truck Time: 6608.060533|6608.060533,0.000000,0.000000,0.000000
Truck 5: 0 129 42 131 8 0 180 84 126 197 9 122 78 30 191 167 29 178 0 6 104 27 133 156 79 0 |Truck Time: 6603.751813|6603.751813,0.000000,0.000000,0.000000
Drone Routes:
Drone 1: 0 70 0 102 165 127 0 188 43 0 97 12 0 128 26 0 179 146 0 94 0 47 189 0 81 71 93 138 0 72 21 0 89 0 |Drone Time: 6632.606335|6632.606335,0.000000,0.000000,0.000000
Drone 2: 0 16 109 0 172 50 85 0 23 141 0 77 33 0 139 111 0 48 98 103 0 105 64 0 35 54 19 0 163 0 92 0 120 0 |Drone Time: 6646.378999|6646.378999,0.000000,0.000000,0.000000
Drone 3: 0 123 0 67 74 0 113 0 168 0 185 0 55 45 40 0 60 0 46 0 164 116 0 130 0 1 158 0 |Drone Time: 6641.109020|6641.109020,0.000000,0.000000,0.000000
Drone 4: 0 4 0 160 192 110 0 112 59 0 20 136 0 90 34 170 0 41 44 0 153 154 0 18 0 95 193 88 0 37 0 143 0 |Drone Time: 6638.352560|6638.352560,0.000000,0.000000,0.000000
Drone 5: 0 80 177 0 61 114 184 0 162 108 0 53 200 0 121 0 25 0 63 39 0 31 144 0 99 186 0 159 0 173 5 0 |Drone Time: 6621.017560|6621.017560,0.000000,0.000000,0.000000
Total validation: Makespan=6648.335509, Deadline violation=0.000000, Energy violation=0.000000, Capacity violation=0.000000
