Instance: 200.30.4
Customer group: 200
Repetition: 3
Experiment strategy: cyclic
Gamma set: 
Gamma1: 
Gamma2: 
Gamma3: 
Gamma4: 
Experiment seed: 44
Solver exit code: 0
Neighborhood selection: cyclic
Random seed: 44
Simulated annealing: disabled
Diversification: disabled
Initial solution cost: 31683.195528
Improved solution cost: 26329.254486
Worst solution cost: 26329.254486
Mean solution cost: 26329.254486
Mean elapsed time: 1112.076334 seconds
Final solution feasibility: FEASIBLE
Solution Details:
Truck Routes:
Truck 1: 0 142 0 60 0 173 102 109 0 133 96 0 51 85 0 |Truck Time: 25637.928569|25637.928569,0.000000,0.000000,0.000000
Truck 2: 0 186 155 0 83 0 134 0 168 196 14 124 200 0 193 0 117 17 0 |Truck Time: 26329.254486|26329.254486,0.000000,0.000000,0.000000
Truck 3: 0 149 39 194 0 132 0 131 0 145 42 62 177 0 143 125 4 157 0 136 0 151 0 |Truck Time: 26251.002946|26251.002946,0.000000,0.000000,0.000000
Truck 4: 0 114 192 0 56 49 0 170 163 0 135 123 37 198 0 141 2 66 0 |Truck Time: 26105.387340|26105.387340,0.000000,0.000000,0.000000
Truck 5: 0 87 89 0 137 195 0 31 25 185 61 166 0 54 190 0 77 0 122 43 0 179 0 |Truck Time: 26269.437260|26269.437260,0.000000,0.000000,0.000000
Drone Routes:
Drone 1: 0 92 32 0 116 0 144 0 162 0 41 108 0 118 110 0 197 10 1 70 0 191 146 0 93 0 187 164 0 76 0 26 0 53 0 16 0 12 0 40 139 0 29 0 |Drone Time: 26133.544104|26133.544104,0.000000,0.000000,0.000000
Drone 2: 0 156 8 0 138 130 0 50 0 13 183 0 86 127 0 105 0 57 172 128 0 180 0 69 0 11 0 28 188 0 65 0 73 150 0 84 0 175 67 0 78 55 0 |Drone Time: 25839.093891|25839.093891,0.000000,0.000000,0.000000
Drone 3: 0 48 103 0 9 5 0 140 115 0 35 181 148 0 176 0 59 0 121 178 58 0 94 0 30 0 64 100 21 0 95 112 81 199 0 91 24 0 45 0 68 0 184 36 0 |Drone Time: 26293.291063|26293.291063,0.000000,0.000000,0.000000
Drone 4: 0 72 74 0 22 0 160 27 0 113 19 165 0 107 46 182 129 0 38 20 111 0 3 44 97 0 52 167 90 0 88 18 0 71 154 0 98 0 79 0 63 0 158 126 0 161 0 104 0 |Drone Time: 26177.527929|26177.527929,0.000000,0.000000,0.000000
Drone 5: 0 169 0 174 0 7 0 189 0 99 0 15 0 171 82 0 119 120 0 147 0 6 0 47 34 0 106 0 153 0 152 75 0 101 159 0 23 0 80 33 0 |Drone Time: 26298.820558|26298.820558,0.000000,0.000000,0.000000
Total validation: Makespan=26329.254486, Deadline violation=0.000000, Energy violation=0.000000, Capacity violation=0.000000
