Instance: 200.40.1
Customer group: 200
Repetition: 1
Experiment strategy: adaptive
Gamma set: g1
Gamma1: 0.3
Gamma2: 0.2
Gamma3: 0.1
Gamma4: 0.3
Experiment seed: 42
Solver exit code: 0
Neighborhood selection: adaptive
Adaptive parameters: 0.300000 0.200000 0.100000 0.300000
Random seed: 42
Simulated annealing: disabled
Diversification: disabled
Initial solution cost: 37266.015186
Improved solution cost: 27059.470293
Worst solution cost: 27059.470293
Mean solution cost: 27059.470293
Mean elapsed time: 16498.362550 seconds
Final solution feasibility: FEASIBLE
Solution Details:
Truck Routes:
Truck 1: 0 192 59 0 89 66 55 100 0 106 151 58 0 53 162 0 50 0 |Truck Time: 26911.368143|26911.368143,0.000000,0.000000,0.000000
Truck 2: 0 158 0 28 14 0 65 163 0 184 107 121 0 148 181 0 |Truck Time: 27059.470293|27059.470293,0.000000,0.000000,0.000000
Truck 3: 0 70 77 0 200 22 62 2 0 125 197 78 108 0 18 37 11 0 3 96 30 0 154 36 143 109 0 |Truck Time: 26991.317983|26991.317983,0.000000,0.000000,0.000000
Truck 4: 0 188 176 29 156 0 193 0 116 199 190 0 131 16 0 104 52 57 63 0 |Truck Time: 26930.992269|26930.992269,0.000000,0.000000,0.000000
Truck 5: 0 155 0 54 88 12 0 183 122 102 0 133 182 76 0 42 73 56 0 134 0 |Truck Time: 26877.557757|26877.557757,0.000000,0.000000,0.000000
Drone Routes:
Drone 1: 0 170 120 40 0 195 173 0 139 136 0 26 0 34 97 111 0 145 175 0 146 23 27 0 124 4 0 43 0 119 95 0 164 0 165 0 7 174 0 135 129 0 |Drone Time: 26617.513776|26617.513776,0.000000,0.000000,0.000000
Drone 2: 0 157 79 0 83 94 0 38 172 138 0 24 80 0 126 196 93 0 71 0 86 160 140 35 31 142 0 6 101 0 168 0 49 194 0 44 112 0 32 161 171 0 |Drone Time: 27001.873819|27001.873819,0.000000,0.000000,0.000000
Drone 3: 0 20 0 137 75 0 17 84 0 128 60 189 0 117 198 0 92 0 68 61 177 0 39 110 0 1 47 0 46 0 169 48 0 51 132 45 0 64 0 74 0 |Drone Time: 26850.472619|26850.472619,0.000000,0.000000,0.000000
Drone 4: 0 187 0 41 0 141 114 0 87 0 99 0 72 191 0 127 0 167 105 0 90 85 0 150 67 0 91 19 81 153 0 159 0 185 8 0 |Drone Time: 27005.228746|27005.228746,0.000000,0.000000,0.000000
Drone 5: 0 115 0 5 0 166 33 0 98 10 0 113 69 186 0 180 149 147 0 9 123 179 0 118 0 152 0 144 0 82 178 0 103 21 0 15 25 0 13 130 0 |Drone Time: 26998.199731|26998.199731,0.000000,0.000000,0.000000
Total validation: Makespan=27059.470293, Deadline violation=0.000000, Energy violation=0.000000, Capacity violation=0.000000
