Instance: 200.30.3
Customer group: 200
Repetition: 2
Experiment strategy: adaptive
Gamma set: g1
Gamma1: 0.3
Gamma2: 0.2
Gamma3: 0.1
Gamma4: 0.3
Experiment seed: 43
Solver exit code: 0
Neighborhood selection: adaptive
Adaptive parameters: 0.300000 0.200000 0.100000 0.300000
Random seed: 43
Simulated annealing: disabled
Diversification: disabled
Initial solution cost: 31531.732818
Improved solution cost: 22085.422325
Worst solution cost: 22085.422325
Mean solution cost: 22085.422325
Mean elapsed time: 1303.830739 seconds
Final solution feasibility: FEASIBLE
Solution Details:
Truck Routes:
Truck 1: 0 72 130 0 12 44 2 148 0 163 59 20 0 114 161 0 |Truck Time: 19993.603076|19993.603076,0.000000,0.000000,0.000000
Truck 2: 0 60 182 0 131 179 198 0 186 6 0 13 45 56 115 181 0 98 143 176 46 0 |Truck Time: 22078.477787|22078.477787,0.000000,0.000000,0.000000
Truck 3: 0 41 47 71 147 0 128 0 124 0 175 166 24 139 0 30 121 18 197 64 0 |Truck Time: 21928.065837|21928.065837,0.000000,0.000000,0.000000
Truck 4: 0 90 123 108 0 35 189 117 112 0 192 7 93 0 149 58 196 16 145 191 0 52 83 0 |Truck Time: 21999.423503|21999.423503,0.000000,0.000000,0.000000
Truck 5: 0 39 89 172 0 101 110 10 0 3 69 87 68 104 0 32 118 95 36 0 |Truck Time: 22085.422325|22085.422325,0.000000,0.000000,0.000000
Drone Routes:
Drone 1: 0 168 106 0 99 75 0 66 173 0 77 0 122 92 0 91 169 88 0 26 70 0 146 0 78 0 82 0 11 0 103 0 31 86 0 84 34 0 |Drone Time: 22001.923008|22001.923008,0.000000,0.000000,0.000000
Drone 2: 0 135 151 109 0 134 0 37 43 0 74 81 48 0 80 0 190 159 141 0 63 0 162 0 96 0 55 4 0 65 17 0 8 0 144 0 111 137 0 |Drone Time: 22077.815458|22077.815458,0.000000,0.000000,0.000000
Drone 3: 0 140 23 158 0 50 183 127 0 156 136 15 0 53 107 100 0 188 132 125 0 152 194 0 185 150 0 142 193 0 164 0 153 1 0 28 0 133 0 155 73 0 |Drone Time: 21908.392576|21908.392576,0.000000,0.000000,0.000000
Drone 4: 0 94 0 61 0 113 5 120 54 0 102 187 21 0 38 51 180 0 85 27 0 184 42 0 177 79 0 138 157 195 0 165 14 0 160 0 22 67 0 116 200 0 126 57 0 |Drone Time: 22050.707822|22050.707822,0.000000,0.000000,0.000000
Drone 5: 0 49 0 119 0 19 105 0 178 0 97 0 129 0 29 0 33 62 0 76 0 174 167 154 0 171 0 170 199 0 9 0 40 25 0 |Drone Time: 22055.029987|22055.029987,0.000000,0.000000,0.000000
Total validation: Makespan=22085.422325, Deadline violation=0.000000, Energy violation=0.000000, Capacity violation=0.000000
