Instance: 200.10.1
Customer group: 200
Repetition: 4
Experiment strategy: adaptive
Gamma set: g2
Gamma1: 0.5
Gamma2: 0.3
Gamma3: 0.1
Gamma4: 0.3
Experiment seed: 45
Solver exit code: 0
Neighborhood selection: adaptive
Adaptive parameters: 0.500000 0.300000 0.100000 0.300000
Random seed: 45
Simulated annealing: disabled
Diversification: disabled
Initial solution cost: 10796.437825
Improved solution cost: 7345.729486
Worst solution cost: 7345.729486
Mean solution cost: 7345.729486
Mean elapsed time: 1337.462723 seconds
Final solution feasibility: FEASIBLE
Solution Details:
Truck Routes:
Truck 1: 0 58 166 147 80 0 27 91 107 17 76 104 28 0 49 52 198 59 54 0 |Truck Time: 7323.215046|7323.215046,0.000000,0.000000,0.000000
Truck 2: 0 122 168 33 134 0 175 117 130 0 157 2 181 127 137 22 102 69 0 |Truck Time: 7297.989589|7297.989589,0.000000,0.000000,0.000000
Truck 3: 0 151 32 119 24 196 148 0 105 50 197 126 0 135 67 113 187 82 199 0 |Truck Time: 7265.490830|7265.490830,0.000000,0.000000,0.000000
Truck 4: 0 161 31 94 25 155 169 129 0 3 14 146 163 108 68 0 16 120 125 115 65 101 10 0 |Truck Time: 7345.729486|7345.729486,0.000000,0.000000,0.000000
Truck 5: 0 15 144 132 100 75 140 18 0 171 51 9 30 73 152 86 0 156 159 192 92 133 97 79 0 |Truck Time: 7295.138251|7295.138251,0.000000,0.000000,0.000000
Drone Routes:
Drone 1: 0 99 7 0 136 20 83 0 45 42 0 138 93 121 0 164 116 0 19 0 123 0 21 11 85 183 0 188 0 124 90 0 47 118 0 56 64 0 |Drone Time: 7324.910955|7324.910955,0.000000,0.000000,0.000000
Drone 2: 0 182 170 71 0 23 0 60 0 160 0 194 0 200 0 142 0 6 0 35 66 4 55 48 0 184 109 0 41 0 57 0 |Drone Time: 7287.345750|7287.345750,0.000000,0.000000,0.000000
Drone 3: 0 143 0 12 141 0 61 149 0 98 40 112 153 0 13 0 185 5 0 29 191 0 53 178 84 0 78 0 150 0 62 8 0 89 195 0 |Drone Time: 7344.371884|7344.371884,0.000000,0.000000,0.000000
Drone 4: 0 154 179 44 63 165 0 70 106 0 172 174 145 0 180 193 0 88 0 1 46 0 111 77 139 0 87 0 128 26 0 37 0 131 0 |Drone Time: 7288.537982|7288.537982,0.000000,0.000000,0.000000
Drone 5: 0 74 96 0 190 0 114 177 0 176 158 0 189 34 0 36 43 103 0 39 0 38 167 110 0 162 186 0 72 95 0 173 81 0 |Drone Time: 7344.615603|7344.615603,0.000000,0.000000,0.000000
Total validation: Makespan=7345.729486, Deadline violation=0.000000, Energy violation=0.000000, Capacity violation=0.000000
