Instance: 200.20.2
Customer group: 200
Repetition: 1
Experiment strategy: cyclic
Gamma set: 
Gamma1: 
Gamma2: 
Gamma3: 
Gamma4: 
Experiment seed: 42
Solver exit code: 0
Neighborhood selection: cyclic
Random seed: 42
Simulated annealing: disabled
Diversification: disabled
Initial solution cost: 17908.178272
Improved solution cost: 13161.104430
Worst solution cost: 13161.104430
Mean solution cost: 13161.104430
Mean elapsed time: 1686.320887 seconds
Final solution feasibility: FEASIBLE
Solution Details:
Truck Routes:
Truck 1: 0 157 76 151 0 31 64 41 0 39 18 127 16 0 180 187 104 17 33 143 121 0 |Truck Time: 13143.538329|13143.538329,0.000000,0.000000,0.000000
Truck 2: 0 131 55 74 125 147 0 200 145 79 113 20 153 0 178 111 126 142 0 |Truck Time: 13143.998370|13143.998370,0.000000,0.000000,0.000000
Truck 3: 0 72 48 10 99 0 80 81 0 168 123 120 34 50 0 160 119 140 0 |Truck Time: 13161.104430|13161.104430,0.000000,0.000000,0.000000
Truck 4: 0 148 154 5 83 175 199 0 43 8 112 146 0 122 21 102 156 166 0 |Truck Time: 13093.814245|13093.814245,0.000000,0.000000,0.000000
Truck 5: 0 191 59 165 47 0 172 36 52 0 68 144 84 194 26 0 179 35 181 93 13 185 0 |Truck Time: 13079.696571|13079.696571,0.000000,0.000000,0.000000
Drone Routes:
Drone 1: 0 184 0 73 0 101 158 0 6 0 100 86 0 132 61 0 155 170 0 159 139 0 169 2 0 192 0 114 195 0 97 0 110 11 0 |Drone Time: 12948.090205|12948.090205,0.000000,0.000000,0.000000
Drone 2: 0 118 198 0 167 65 95 0 28 9 0 137 0 128 106 0 174 96 0 78 88 0 54 0 163 94 186 0 40 12 0 25 0 70 37 19 0 |Drone Time: 13041.947241|13041.947241,0.000000,0.000000,0.000000
Drone 3: 0 164 0 90 189 0 103 173 0 15 0 152 138 24 0 130 116 0 57 0 63 171 0 124 177 150 0 91 0 149 0 135 29 0 53 193 0 |Drone Time: 13048.548224|13048.548224,0.000000,0.000000,0.000000
Drone 4: 0 30 23 129 0 182 0 45 56 0 58 133 71 0 75 108 42 0 107 0 27 89 0 117 196 0 105 136 4 0 183 0 77 0 |Drone Time: 13094.559597|13094.559597,0.000000,0.000000,0.000000
Drone 5: 0 115 85 0 32 44 190 0 7 14 0 60 92 1 46 0 141 82 0 87 38 0 51 22 66 188 161 0 49 162 62 0 3 134 67 0 197 176 109 0 98 69 0 |Drone Time: 13159.376975|13159.376975,0.000000,0.000000,0.000000
Total validation: Makespan=13161.104430, Deadline violation=0.000000, Energy violation=0.000000, Capacity violation=0.000000
