Instance: 200.10.2
Customer group: 200
Repetition: 1
Experiment strategy: random
Gamma set: 
Gamma1: 
Gamma2: 
Gamma3: 
Gamma4: 
Experiment seed: 42
Solver exit code: 0
Neighborhood selection: random
Random seed: 42
Simulated annealing: disabled
Diversification: disabled
Initial solution cost: 9507.215230
Improved solution cost: 8278.779710
Worst solution cost: 8278.779710
Mean solution cost: 8278.779710
Mean elapsed time: 1601.154510 seconds
Final solution feasibility: FEASIBLE
Solution Details:
Truck Routes:
Truck 1: 0 122 173 63 32 185 138 199 0 111 95 149 0 113 129 84 55 0 |Truck Time: 8190.216730|8190.216730,0.000000,0.000000,0.000000
Truck 2: 0 46 152 168 117 0 4 80 134 186 0 120 137 182 96 176 57 0 |Truck Time: 8278.779710|8278.779710,0.000000,0.000000,0.000000
Truck 3: 0 29 131 126 116 53 133 36 38 76 193 0 70 150 123 98 91 128 41 0 189 125 58 164 90 0 |Truck Time: 8243.504145|8243.504145,0.000000,0.000000,0.000000
Truck 4: 0 200 34 110 66 171 78 1 151 79 0 143 139 0 33 160 183 88 184 92 0 |Truck Time: 8216.011132|8216.011132,0.000000,0.000000,0.000000
Truck 5: 0 187 43 136 179 190 94 0 19 109 119 181 27 158 56 135 93 3 0 20 25 148 69 59 0 169 86 0 |Truck Time: 8221.650554|8221.650554,0.000000,0.000000,0.000000
Drone Routes:
Drone 1: 0 9 197 0 102 24 0 174 196 108 0 155 107 0 7 0 12 0 156 0 47 0 192 52 0 83 0 51 0 30 0 65 0 |Drone Time: 8277.635613|8277.635613,0.000000,0.000000,0.000000
Drone 2: 0 49 0 130 39 0 35 154 23 13 0 16 75 0 81 67 177 0 72 17 0 180 0 127 161 0 8 118 0 100 71 0 172 0 50 0 74 159 0 |Drone Time: 8103.147692|8103.147692,0.000000,0.000000,0.000000
Drone 3: 0 85 104 0 31 73 0 48 22 0 141 11 0 99 170 77 0 114 54 0 112 0 44 191 0 144 0 64 0 115 0 10 0 |Drone Time: 8248.630506|8248.630506,0.000000,0.000000,0.000000
Drone 4: 0 166 165 146 0 5 37 82 0 61 105 97 0 147 0 124 45 0 42 15 0 21 0 175 142 0 87 0 106 178 0 40 0 103 0 |Drone Time: 8247.818969|8247.818969,0.000000,0.000000,0.000000
Drone 5: 0 140 28 121 0 153 163 0 188 62 18 0 132 68 89 0 101 6 2 0 14 167 0 60 0 195 0 194 198 0 26 0 157 145 0 162 0 |Drone Time: 8152.530438|8152.530438,0.000000,0.000000,0.000000
Total validation: Makespan=8278.779710, Deadline violation=0.000000, Energy violation=0.000000, Capacity violation=0.000000
