Instance: 200.30.4
Customer group: 200
Repetition: 1
Experiment strategy: cyclic
Gamma set: 
Gamma1: 
Gamma2: 
Gamma3: 
Gamma4: 
Experiment seed: 42
Solver exit code: 0
Neighborhood selection: cyclic
Random seed: 42
Simulated annealing: disabled
Diversification: disabled
Initial solution cost: 31887.538974
Improved solution cost: 25578.235165
Worst solution cost: 25578.235165
Mean solution cost: 25578.235165
Mean elapsed time: 1179.512387 seconds
Final solution feasibility: FEASIBLE
Solution Details:
Truck Routes:
Truck 1: 0 173 0 64 0 184 0 135 123 159 73 0 141 0 171 0 |Truck Time: 25547.248699|25547.248699,0.000000,0.000000,0.000000
Truck 2: 0 4 125 0 48 145 62 109 0 19 29 0 110 0 140 167 196 161 190 0 |Truck Time: 25578.235165|25578.235165,0.000000,0.000000,0.000000
Truck 3: 0 198 0 107 0 104 39 137 0 163 119 170 84 60 0 57 43 122 0 54 13 14 194 0 |Truck Time: 25430.967874|25430.967874,0.000000,0.000000,0.000000
Truck 4: 0 168 67 124 0 50 40 195 0 114 0 16 96 191 0 9 2 0 175 0 26 89 3 0 |Truck Time: 25454.685959|25454.685959,0.000000,0.000000,0.000000
Truck 5: 0 155 0 31 143 157 0 72 102 131 177 80 0 160 47 132 0 152 0 |Truck Time: 25562.230596|25562.230596,0.000000,0.000000,0.000000
Drone Routes:
Drone 1: 0 91 93 0 51 27 0 197 10 44 165 0 59 75 0 142 183 0 185 120 148 129 158 0 118 58 0 78 115 0 179 0 134 34 0 98 0 153 0 116 0 36 8 0 61 5 0 |Drone Time: 25543.059502|25543.059502,0.000000,0.000000,0.000000
Drone 2: 0 49 0 100 74 42 130 0 94 0 88 71 90 0 33 101 172 0 37 187 0 169 103 0 147 0 66 0 6 0 79 0 106 0 136 0 83 186 0 68 0 |Drone Time: 25210.449022|25210.449022,0.000000,0.000000,0.000000
Drone 3: 0 17 181 0 117 182 0 108 178 139 150 0 121 149 52 0 166 70 199 192 0 15 0 180 0 156 164 0 21 0 76 0 193 38 0 25 86 0 126 18 0 23 0 77 0 |Drone Time: 24883.851032|24883.851032,0.000000,0.000000,0.000000
Drone 4: 0 113 81 133 146 0 87 0 144 0 154 30 0 176 0 97 127 188 0 28 0 128 0 35 0 69 0 11 0 63 0 56 0 22 0 12 0 |Drone Time: 25546.664843|25546.664843,0.000000,0.000000,0.000000
Drone 5: 0 105 82 0 92 32 0 162 0 99 0 138 0 200 151 55 0 7 0 174 0 41 111 0 95 112 0 65 0 45 0 20 24 0 46 189 85 1 0 53 0 |Drone Time: 25493.230958|25493.230958,0.000000,0.000000,0.000000
Total validation: Makespan=25578.235165, Deadline violation=0.000000, Energy violation=0.000000, Capacity violation=0.000000
