Instance: 200.30.4
Customer group: 200
Repetition: 5
Experiment strategy: random
Gamma set: 
Gamma1: 
Gamma2: 
Gamma3: 
Gamma4: 
Experiment seed: 46
Solver exit code: 0
Neighborhood selection: random
Random seed: 46
Simulated annealing: disabled
Diversification: disabled
Initial solution cost: 30857.673727
Improved solution cost: 26009.287784
Worst solution cost: 26009.287784
Mean solution cost: 26009.287784
Mean elapsed time: 1208.885432 seconds
Final solution feasibility: FEASIBLE
Solution Details:
Truck Routes:
Truck 1: 0 82 53 0 145 48 42 0 133 8 0 2 0 50 0 |Truck Time: 25615.915143|25615.915143,0.000000,0.000000,0.000000
Truck 2: 0 4 200 0 192 0 31 0 40 87 184 0 54 142 0 43 0 66 59 9 0 |Truck Time: 25971.818020|25971.818020,0.000000,0.000000,0.000000
Truck 3: 0 102 62 177 0 39 104 26 0 96 16 44 107 0 123 135 0 51 176 85 0 |Truck Time: 25809.027986|25809.027986,0.000000,0.000000,0.000000
Truck 4: 0 89 195 0 197 166 0 122 0 198 0 19 134 0 191 0 20 14 22 0 |Truck Time: 26009.287784|26009.287784,0.000000,0.000000,0.000000
Truck 5: 0 157 3 0 156 0 131 80 0 60 126 12 18 185 0 61 124 190 0 170 0 140 94 168 0 |Truck Time: 25974.889036|25974.889036,0.000000,0.000000,0.000000
Drone Routes:
Drone 1: 0 179 0 27 32 34 0 182 5 23 148 0 149 183 0 151 100 91 52 0 110 78 55 0 162 0 147 0 119 86 0 196 0 98 0 186 154 88 0 117 0 25 120 0 68 0 |Drone Time: 25980.579609|25980.579609,0.000000,0.000000,0.000000
Drone 2: 0 158 141 165 0 74 169 0 138 130 0 1 92 70 97 0 188 90 76 0 127 0 37 199 10 0 180 0 163 0 28 75 0 46 36 172 0 194 0 175 111 0 116 0 155 0 101 159 0 |Drone Time: 25999.978745|25999.978745,0.000000,0.000000,0.000000
Drone 3: 0 45 0 71 0 103 72 0 152 0 99 0 15 0 167 0 174 0 69 0 21 0 193 0 47 112 0 136 0 56 0 173 0 84 0 |Drone Time: 25715.728463|25715.728463,0.000000,0.000000,0.000000
Drone 4: 0 73 0 164 189 187 132 113 81 146 0 13 115 0 105 181 0 125 67 38 0 33 121 58 0 7 0 95 160 0 6 0 11 0 139 129 79 0 65 0 49 0 161 0 77 0 |Drone Time: 25967.686984|25967.686984,0.000000,0.000000,0.000000
Drone 5: 0 128 0 93 0 57 109 118 150 0 144 0 41 108 0 114 178 0 24 30 0 35 0 29 0 83 143 0 153 0 106 0 63 0 17 0 171 0 137 64 0 |Drone Time: 25951.937903|25951.937903,0.000000,0.000000,0.000000
Total validation: Makespan=26009.287784, Deadline violation=0.000000, Energy violation=0.000000, Capacity violation=0.000000
