Instance: 200.10.2
Customer group: 200
Repetition: 1
Experiment strategy: cyclic
Gamma set: 
Gamma1: 
Gamma2: 
Gamma3: 
Gamma4: 
Experiment seed: 42
Solver exit code: 0
Neighborhood selection: cyclic
Random seed: 42
Simulated annealing: disabled
Diversification: disabled
Initial solution cost: 9507.215230
Improved solution cost: 7555.171378
Worst solution cost: 7555.171378
Mean solution cost: 7555.171378
Mean elapsed time: 1472.688902 seconds
Final solution feasibility: FEASIBLE
Solution Details:
Truck Routes:
Truck 1: 0 195 2 57 176 35 0 139 58 98 41 0 84 24 113 0 |Truck Time: 7554.862208|7554.862208,0.000000,0.000000,0.000000
Truck 2: 0 141 103 45 46 186 134 20 0 97 80 121 4 0 190 32 173 96 182 100 93 65 3 0 |Truck Time: 7512.221101|7512.221101,0.000000,0.000000,0.000000
Truck 3: 0 76 193 53 8 183 51 162 126 116 29 14 0 189 0 91 34 110 112 82 17 200 125 198 90 128 0 |Truck Time: 7545.751593|7545.751593,0.000000,0.000000,0.000000
Truck 4: 0 151 66 111 149 95 171 78 94 31 0 9 33 160 88 133 36 0 143 69 61 0 |Truck Time: 7555.171378|7555.171378,0.000000,0.000000,0.000000
Truck 5: 0 170 109 181 27 120 56 158 137 122 135 60 119 159 0 86 68 192 147 169 148 0 136 106 154 0 |Truck Time: 7481.525950|7481.525950,0.000000,0.000000,0.000000
Drone Routes:
Drone 1: 0 157 0 44 191 0 123 0 153 163 0 144 0 104 12 0 118 161 0 47 0 129 167 0 70 89 0 187 0 30 0 164 0 |Drone Time: 7534.909593|7534.909593,0.000000,0.000000,0.000000
Drone 2: 0 81 0 152 0 117 11 0 25 0 199 138 177 0 26 77 0 63 0 184 92 101 6 0 155 107 0 185 0 39 172 0 50 0 |Drone Time: 7555.059692|7555.059692,0.000000,0.000000,0.000000
Drone 3: 0 180 0 48 22 0 16 75 0 74 67 0 40 72 0 43 146 21 0 102 13 0 52 150 0 42 64 0 194 79 0 10 0 38 0 |Drone Time: 7513.434088|7513.434088,0.000000,0.000000,0.000000
Drone 4: 0 108 196 0 23 105 49 197 0 5 37 124 59 0 87 0 85 0 130 127 0 166 0 175 142 0 140 0 179 165 71 178 0 131 0 99 0 |Drone Time: 7545.031941|7545.031941,0.000000,0.000000,0.000000
Drone 5: 0 28 168 0 156 0 188 62 54 0 132 18 73 0 7 0 15 0 83 0 114 0 55 0 115 0 19 0 1 145 174 0 |Drone Time: 7502.207835|7502.207835,0.000000,0.000000,0.000000
Total validation: Makespan=7555.171378, Deadline violation=0.000000, Energy violation=0.000000, Capacity violation=0.000000
