Instance: 200.40.1
Customer group: 200
Repetition: 1
Experiment strategy: random
Gamma set: 
Gamma1: 
Gamma2: 
Gamma3: 
Gamma4: 
Experiment seed: 42
Solver exit code: 0
Neighborhood selection: random
Random seed: 42
Simulated annealing: disabled
Diversification: disabled
Initial solution cost: 37266.015186
Improved solution cost: 27638.788288
Worst solution cost: 27638.788288
Mean solution cost: 27638.788288
Mean elapsed time: 11653.877231 seconds
Final solution feasibility: FEASIBLE
Solution Details:
Truck Routes:
Truck 1: 0 193 0 118 63 0 42 0 89 0 125 197 115 107 0 |Truck Time: 27638.788288|27638.788288,0.000000,0.000000,0.000000
Truck 2: 0 188 176 144 0 11 2 0 30 0 59 26 183 102 0 14 74 54 0 133 149 190 0 148 184 0 |Truck Time: 27306.813150|27306.813150,0.000000,0.000000,0.000000
Truck 3: 0 100 109 152 0 80 192 0 116 134 73 0 50 0 104 82 76 0 |Truck Time: 27010.843848|27010.843848,0.000000,0.000000,0.000000
Truck 4: 0 9 0 158 18 0 92 0 168 106 151 108 0 53 167 143 36 154 0 200 22 62 0 |Truck Time: 27580.372717|27580.372717,0.000000,0.000000,0.000000
Truck 5: 0 16 0 135 155 0 159 121 0 58 128 162 0 70 0 65 163 0 |Truck Time: 27620.879152|27620.879152,0.000000,0.000000,0.000000
Drone Routes:
Drone 1: 0 91 150 0 87 48 0 160 44 31 140 35 172 0 157 79 0 29 0 1 114 0 137 7 10 0 173 110 0 99 47 0 189 175 0 127 0 119 27 68 0 90 85 0 49 3 0 |Drone Time: 27629.801604|27629.801604,0.000000,0.000000,0.000000
Drone 2: 0 131 0 78 0 61 0 43 0 38 112 0 181 111 0 41 60 0 34 101 0 138 132 0 165 0 147 194 0 98 191 0 185 33 0 |Drone Time: 27634.012412|27634.012412,0.000000,0.000000,0.000000
Drone 3: 0 13 124 45 88 0 139 136 0 105 113 75 0 19 67 81 153 0 141 0 24 32 84 0 39 180 97 145 0 96 126 0 142 187 0 46 0 20 0 21 0 64 0 |Drone Time: 27633.564817|27633.564817,0.000000,0.000000,0.000000
Drone 4: 0 166 0 83 17 37 0 199 0 25 86 77 0 5 0 56 195 95 0 72 0 66 69 186 0 169 156 0 15 0 8 52 196 0 198 117 0 122 12 0 6 129 0 |Drone Time: 27616.167708|27616.167708,0.000000,0.000000,0.000000
Drone 5: 0 170 120 40 0 55 0 51 103 0 178 57 0 161 171 0 23 71 0 4 146 0 179 123 177 0 182 0 94 174 0 93 0 164 0 28 130 0 |Drone Time: 27605.321195|27605.321195,0.000000,0.000000,0.000000
Total validation: Makespan=27638.788288, Deadline violation=0.000000, Energy violation=0.000000, Capacity violation=0.000000
