Instance: 200.20.1
Customer group: 200
Repetition: 3
Experiment strategy: random
Gamma set: 
Gamma1: 
Gamma2: 
Gamma3: 
Gamma4: 
Experiment seed: 44
Solver exit code: 0
Neighborhood selection: random
Random seed: 44
Simulated annealing: disabled
Diversification: disabled
Initial solution cost: 20889.757495
Improved solution cost: 13115.556928
Worst solution cost: 13115.556928
Mean solution cost: 13115.556928
Mean elapsed time: 1259.164992 seconds
Final solution feasibility: FEASIBLE
Solution Details:
Truck Routes:
Truck 1: 0 97 64 61 115 66 0 133 96 183 142 0 162 93 182 158 0 |Truck Time: 13115.556928|13115.556928,0.000000,0.000000,0.000000
Truck 2: 0 124 156 180 0 188 173 0 39 141 94 186 86 132 0 95 154 0 |Truck Time: 13108.472748|13108.472748,0.000000,0.000000,0.000000
Truck 3: 0 10 0 60 165 20 100 161 0 11 83 72 181 193 0 107 148 143 168 5 51 146 0 |Truck Time: 13086.674240|13086.674240,0.000000,0.000000,0.000000
Truck 4: 0 42 0 65 176 121 81 45 0 92 2 0 67 197 58 136 13 145 33 178 0 |Truck Time: 13096.463024|13096.463024,0.000000,0.000000,0.000000
Truck 5: 0 152 187 118 122 35 0 23 46 130 179 85 19 0 29 69 89 139 48 0 55 87 41 38 103 150 0 |Truck Time: 12914.185209|12914.185209,0.000000,0.000000,0.000000
Drone Routes:
Drone 1: 0 40 0 75 189 70 0 108 153 15 0 147 0 166 163 0 7 106 0 8 74 149 111 0 144 167 0 54 76 0 127 0 14 0 |Drone Time: 13110.837950|13110.837950,0.000000,0.000000,0.000000
Drone 2: 0 99 0 71 0 170 0 17 109 0 131 171 0 90 104 0 175 105 0 128 195 138 0 134 184 0 151 44 0 73 135 0 190 155 157 0 |Drone Time: 13016.722865|13016.722865,0.000000,0.000000,0.000000
Drone 3: 0 21 0 80 0 196 52 43 0 140 34 0 49 0 116 0 98 0 125 63 0 18 0 9 16 22 0 110 0 36 0 24 0 |Drone Time: 13111.944965|13111.944965,0.000000,0.000000,0.000000
Drone 4: 0 91 194 82 0 200 0 113 119 77 31 0 12 126 160 0 88 164 0 4 117 47 0 27 199 102 0 32 129 0 78 62 26 120 0 177 192 0 185 112 6 0 |Drone Time: 13090.421179|13090.421179,0.000000,0.000000,0.000000
Drone 5: 0 53 37 0 137 25 172 1 0 28 198 114 0 159 0 174 0 191 30 50 0 101 0 57 68 0 169 84 0 56 59 0 3 123 0 79 0 |Drone Time: 12944.656337|12944.656337,0.000000,0.000000,0.000000
Total validation: Makespan=13115.556928, Deadline violation=0.000000, Energy violation=0.000000, Capacity violation=0.000000
