Instance: 200.10.3
Customer group: 200
Repetition: 5
Experiment strategy: random
Gamma set: 
Gamma1: 
Gamma2: 
Gamma3: 
Gamma4: 
Experiment seed: 46
Solver exit code: 0
Neighborhood selection: random
Random seed: 46
Simulated annealing: disabled
Diversification: disabled
Initial solution cost: 9432.239049
Improved solution cost: 6515.131018
Worst solution cost: 6515.131018
Mean solution cost: 6515.131018
Mean elapsed time: 1562.295734 seconds
Final solution feasibility: FEASIBLE
Solution Details:
Truck Routes:
Truck 1: 0 75 114 85 92 9 71 157 88 24 165 141 0 192 123 197 198 196 2 0 |Truck Time: 6493.462583|6493.462583,0.000000,0.000000,0.000000
Truck 2: 0 63 38 191 153 35 0 16 46 41 162 144 172 0 169 15 40 124 21 96 0 |Truck Time: 6515.131018|6515.131018,0.000000,0.000000,0.000000
Truck 3: 0 160 97 82 120 117 184 14 1 0 23 73 112 130 29 68 3 0 |Truck Time: 6349.641926|6349.641926,0.000000,0.000000,0.000000
Truck 4: 0 39 108 138 150 127 110 99 91 185 34 87 106 93 0 25 7 66 10 168 54 181 0 |Truck Time: 6345.232757|6345.232757,0.000000,0.000000,0.000000
Truck 5: 0 186 5 69 111 42 100 30 0 155 59 190 65 148 58 182 17 0 27 137 86 79 0 |Truck Time: 6448.524138|6448.524138,0.000000,0.000000,0.000000
Drone Routes:
Drone 1: 0 179 200 77 0 158 0 126 0 107 161 0 125 163 159 142 33 0 134 156 0 19 90 105 0 84 0 128 116 0 18 61 0 22 94 0 |Drone Time: 6503.227700|6503.227700,0.000000,0.000000,0.000000
Drone 2: 0 49 0 57 45 36 0 177 50 174 0 83 118 199 81 194 0 154 0 129 0 26 55 0 43 62 56 131 187 0 119 47 0 151 76 0 |Drone Time: 6512.999303|6512.999303,0.000000,0.000000,0.000000
Drone 3: 0 80 78 0 167 20 152 0 52 101 0 44 139 0 135 70 178 0 180 0 6 0 67 109 95 12 0 188 0 143 0 |Drone Time: 6485.505544|6485.505544,0.000000,0.000000,0.000000
Drone 4: 0 64 28 74 48 189 0 72 166 37 113 0 89 0 193 98 0 103 53 0 32 121 0 133 0 136 60 147 0 173 104 0 |Drone Time: 6494.056055|6494.056055,0.000000,0.000000,0.000000
Drone 5: 0 132 140 0 13 171 31 0 8 195 0 51 0 102 0 11 176 122 0 183 4 0 170 146 145 0 175 0 115 164 149 0 |Drone Time: 6426.858149|6426.858149,0.000000,0.000000,0.000000
Total validation: Makespan=6515.131018, Deadline violation=0.000000, Energy violation=0.000000, Capacity violation=0.000000
