Instance: 200.10.1
Customer group: 200
Repetition: 1
Experiment strategy: adaptive
Gamma set: g4
Gamma1: 0.5
Gamma2: 0.3
Gamma3: 0.1
Gamma4: 0.6
Experiment seed: 42
Solver exit code: 0
Neighborhood selection: adaptive
Adaptive parameters: 0.500000 0.300000 0.100000 0.600000
Random seed: 42
Simulated annealing: disabled
Diversification: disabled
Initial solution cost: 10181.571477
Improved solution cost: 7071.622955
Worst solution cost: 7071.622955
Mean solution cost: 7071.622955
Mean elapsed time: 1903.996902 seconds
Final solution feasibility: FEASIBLE
Solution Details:
Truck Routes:
Truck 1: 0 114 113 36 187 199 0 134 107 76 104 95 6 0 14 146 119 32 151 3 0 |Truck Time: 7071.251402|7071.251402,0.000000,0.000000,0.000000
Truck 2: 0 195 24 63 127 157 2 181 41 39 0 129 68 0 144 82 135 67 100 46 140 0 |Truck Time: 7062.716855|7062.716855,0.000000,0.000000,0.000000
Truck 3: 0 50 167 29 0 49 198 101 7 10 52 115 125 0 150 4 57 153 0 |Truck Time: 7071.622955|7071.622955,0.000000,0.000000,0.000000
Truck 4: 0 161 35 15 0 130 175 124 80 0 154 131 177 16 120 0 81 117 147 34 22 137 102 69 90 83 0 |Truck Time: 6951.673743|6951.673743,0.000000,0.000000,0.000000
Truck 5: 0 51 72 0 27 133 12 192 91 159 156 0 180 105 86 190 176 152 139 73 30 78 197 126 122 0 |Truck Time: 7047.859620|7047.859620,0.000000,0.000000,0.000000
Drone Routes:
Drone 1: 0 88 0 128 26 0 178 53 0 23 141 0 31 0 43 188 0 58 0 45 77 110 193 0 112 59 0 108 0 155 0 |Drone Time: 7068.460366|7068.460366,0.000000,0.000000,0.000000
Drone 2: 0 148 0 162 99 87 0 61 96 158 0 21 168 172 0 191 200 0 28 17 0 5 74 0 75 0 132 0 18 0 8 173 0 89 47 0 |Drone Time: 7036.421915|7036.421915,0.000000,0.000000,0.000000
Drone 3: 0 179 185 0 194 138 0 48 94 0 98 103 0 85 111 38 0 56 0 171 0 149 40 0 60 0 9 0 184 25 0 163 0 20 136 0 |Drone Time: 7070.084555|7070.084555,0.000000,0.000000,0.000000
Drone 4: 0 118 11 160 79 0 97 0 123 93 0 182 189 170 165 0 116 164 0 166 44 0 37 55 0 42 109 0 183 64 84 145 1 0 92 0 |Drone Time: 7070.736905|7070.736905,0.000000,0.000000,0.000000
Drone 5: 0 65 106 66 0 13 0 33 0 19 0 121 71 0 186 0 196 0 142 0 54 70 0 174 62 0 169 0 143 0 |Drone Time: 7064.385735|7064.385735,0.000000,0.000000,0.000000
Total validation: Makespan=7071.622955, Deadline violation=0.000000, Energy violation=0.000000, Capacity violation=0.000000
