Instance: 200.30.3
Customer group: 200
Repetition: 2
Experiment strategy: adaptive
Gamma set: g4
Gamma1: 0.5
Gamma2: 0.3
Gamma3: 0.1
Gamma4: 0.6
Experiment seed: 43
Solver exit code: 0
Neighborhood selection: adaptive
Adaptive parameters: 0.500000 0.300000 0.100000 0.600000
Random seed: 43
Simulated annealing: disabled
Diversification: disabled
Initial solution cost: 31531.732818
Improved solution cost: 22098.652769
Worst solution cost: 22098.652769
Mean solution cost: 22098.652769
Mean elapsed time: 1028.755196 seconds
Final solution feasibility: FEASIBLE
Solution Details:
Truck Routes:
Truck 1: 0 128 7 93 0 12 44 2 148 0 163 59 20 0 86 110 0 |Truck Time: 22064.917976|22064.917976,0.000000,0.000000,0.000000
Truck 2: 0 6 72 130 0 131 179 198 0 170 0 13 45 56 115 181 0 90 0 |Truck Time: 21813.087551|21813.087551,0.000000,0.000000,0.000000
Truck 3: 0 47 71 83 0 66 199 0 172 0 175 166 24 139 0 30 121 18 197 64 0 |Truck Time: 22073.329983|22073.329983,0.000000,0.000000,0.000000
Truck 4: 0 98 162 123 0 35 117 112 0 108 0 149 58 196 145 16 60 0 173 182 0 |Truck Time: 22052.379730|22052.379730,0.000000,0.000000,0.000000
Truck 5: 0 89 39 41 0 101 161 178 124 0 3 69 87 68 104 0 32 118 95 36 0 |Truck Time: 22098.652769|22098.652769,0.000000,0.000000,0.000000
Drone Routes:
Drone 1: 0 129 0 96 0 134 0 77 0 186 187 0 29 0 42 0 26 70 0 146 0 78 0 144 0 11 0 103 0 168 106 0 84 34 0 |Drone Time: 22040.522839|22040.522839,0.000000,0.000000,0.000000
Drone 2: 0 135 151 109 0 126 57 0 19 105 0 40 137 0 192 61 0 141 190 91 0 23 25 0 52 143 0 177 0 55 4 0 65 17 147 0 8 79 0 133 0 31 9 0 |Drone Time: 22094.106531|22094.106531,0.000000,0.000000,0.000000
Drone 3: 0 154 159 50 0 111 119 0 156 80 0 155 73 0 53 107 100 0 188 169 88 0 152 194 0 185 150 0 142 193 0 164 0 153 1 0 10 0 176 0 |Drone Time: 21813.260357|21813.260357,0.000000,0.000000,0.000000
Drone 4: 0 94 0 82 0 113 5 120 54 0 183 127 0 21 15 136 0 38 51 180 0 99 75 27 0 184 191 0 158 0 138 157 195 0 165 14 0 160 0 22 67 0 116 200 0 |Drone Time: 21940.924268|21940.924268,0.000000,0.000000,0.000000
Drone 5: 0 167 49 0 125 0 37 43 0 0 97 0 81 74 48 0 122 92 0 33 62 0 76 132 0 46 174 85 0 171 0 28 102 0 114 140 0 189 63 0 |Drone Time: 22027.628676|22027.628676,0.000000,0.000000,0.000000
Total validation: Makespan=22098.652769, Deadline violation=0.000000, Energy violation=0.000000, Capacity violation=0.000000
