Instance: 200.30.1
Customer group: 200
Repetition: 4
Experiment strategy: adaptive
Gamma set: g3
Gamma1: 0.3
Gamma2: 0.2
Gamma3: 0.1
Gamma4: 0.6
Experiment seed: 45
Solver exit code: 0
Neighborhood selection: adaptive
Adaptive parameters: 0.300000 0.200000 0.100000 0.600000
Random seed: 45
Simulated annealing: disabled
Diversification: disabled
Initial solution cost: 30875.742495
Improved solution cost: 25577.016778
Worst solution cost: 25577.016778
Mean solution cost: 25577.016778
Mean elapsed time: 1319.220949 seconds
Final solution feasibility: FEASIBLE
Solution Details:
Truck Routes:
Truck 1: 0 67 113 0 124 0 83 34 0 165 86 184 52 0 38 0 199 55 0 |Truck Time: 25533.911771|25533.911771,0.000000,0.000000,0.000000
Truck 2: 0 177 47 115 0 28 33 0 157 59 0 6 141 120 54 150 0 143 0 64 128 0 |Truck Time: 25147.265277|25147.265277,0.000000,0.000000,0.000000
Truck 3: 0 175 85 0 90 0 181 17 0 179 0 25 71 0 161 130 88 126 0 |Truck Time: 25577.016778|25577.016778,0.000000,0.000000,0.000000
Truck 4: 0 194 7 87 0 132 99 112 0 119 107 4 0 173 24 166 15 0 144 0 21 0 |Truck Time: 25459.299677|25459.299677,0.000000,0.000000,0.000000
Truck 5: 0 94 0 26 0 32 191 0 11 142 154 46 0 127 0 152 42 0 |Truck Time: 25125.526295|25125.526295,0.000000,0.000000,0.000000
Drone Routes:
Drone 1: 0 1 0 106 129 114 192 180 0 116 95 0 19 121 0 134 93 0 16 145 0 74 0 176 0 37 0 168 0 148 58 101 149 0 136 164 0 147 0 123 0 |Drone Time: 25562.325537|25562.325537,0.000000,0.000000,0.000000
Drone 2: 0 41 138 10 43 0 178 110 0 167 102 0 51 182 125 0 14 63 62 0 156 133 0 162 36 0 96 0 76 73 0 187 0 135 0 12 0 61 0 151 23 0 |Drone Time: 25490.400289|25490.400289,0.000000,0.000000,0.000000
Drone 3: 0 44 72 0 195 108 0 60 5 0 111 109 0 40 89 0 158 146 0 13 49 0 39 160 0 117 0 20 0 81 193 0 92 0 84 0 118 68 100 35 0 77 69 0 |Drone Time: 25536.973567|25536.973567,0.000000,0.000000,0.000000
Drone 4: 0 186 0 97 0 174 22 0 137 0 50 18 0 104 0 153 155 0 79 0 189 45 140 170 196 0 27 139 0 78 0 80 31 0 103 122 0 197 91 0 190 9 0 |Drone Time: 25545.744696|25545.744696,0.000000,0.000000,0.000000
Drone 5: 0 70 30 131 0 169 159 183 82 0 29 57 0 65 105 0 53 0 188 0 172 163 0 171 66 0 3 75 0 98 8 0 48 0 200 56 0 185 0 198 2 0 |Drone Time: 25051.972822|25051.972822,0.000000,0.000000,0.000000
Total validation: Makespan=25577.016778, Deadline violation=0.000000, Energy violation=0.000000, Capacity violation=0.000000
