Instance: 200.30.2
Customer group: 200
Repetition: 3
Experiment strategy: adaptive
Gamma set: g3
Gamma1: 0.3
Gamma2: 0.2
Gamma3: 0.1
Gamma4: 0.6
Experiment seed: 44
Solver exit code: 0
Neighborhood selection: adaptive
Adaptive parameters: 0.300000 0.200000 0.100000 0.600000
Random seed: 44
Simulated annealing: disabled
Diversification: disabled
Initial solution cost: 31788.730834
Improved solution cost: 26545.082722
Worst solution cost: 26545.082722
Mean solution cost: 26545.082722
Mean elapsed time: 1002.140956 seconds
Final solution feasibility: FEASIBLE
Solution Details:
Truck Routes:
Truck 1: 0 160 0 126 0 199 111 0 150 155 0 62 20 0 |Truck Time: 26410.074890|26410.074890,0.000000,0.000000,0.000000
Truck 2: 0 56 10 0 5 135 171 0 96 51 190 0 21 0 100 0 109 99 161 0 |Truck Time: 26545.082722|26545.082722,0.000000,0.000000,0.000000
Truck 3: 0 153 0 172 0 196 0 69 67 0 193 141 47 0 146 122 74 0 63 0 |Truck Time: 26483.162383|26483.162383,0.000000,0.000000,0.000000
Truck 4: 0 16 130 0 113 0 68 0 17 0 87 103 0 185 0 |Truck Time: 26167.569065|26167.569065,0.000000,0.000000,0.000000
Truck 5: 0 177 18 142 0 33 183 75 0 55 198 0 89 65 0 186 0 19 0 12 119 125 0 159 8 0 |Truck Time: 25251.616878|25251.616878,0.000000,0.000000,0.000000
Drone Routes:
Drone 1: 0 166 78 108 179 147 52 0 129 144 0 200 0 14 94 0 22 0 34 42 0 45 15 0 158 102 0 26 0 97 0 60 0 151 0 29 0 184 31 0 80 165 0 |Drone Time: 26501.836228|26501.836228,0.000000,0.000000,0.000000
Drone 2: 0 77 0 169 37 25 105 195 0 13 128 0 164 53 0 178 107 124 0 145 0 154 0 131 93 0 54 197 76 181 116 0 72 0 79 49 0 38 0 27 0 180 0 61 132 0 |Drone Time: 26467.989406|26467.989406,0.000000,0.000000,0.000000
Drone 3: 0 104 70 168 0 140 120 123 0 86 106 0 173 0 90 194 0 133 0 71 0 58 0 176 0 167 188 0 110 0 191 0 98 0 48 0 92 64 143 0 |Drone Time: 26305.226650|26305.226650,0.000000,0.000000,0.000000
Drone 4: 0 137 127 28 0 39 83 36 0 7 73 121 88 0 91 192 0 134 9 0 66 0 6 0 85 84 139 0 118 0 174 138 0 44 0 182 81 1 175 0 23 0 11 0 136 0 |Drone Time: 26490.243932|26490.243932,0.000000,0.000000,0.000000
Drone 5: 0 112 162 148 40 187 41 0 35 157 59 189 46 0 43 117 57 0 115 152 0 156 24 0 163 0 114 170 0 95 0 4 0 50 0 101 30 0 2 0 149 0 32 3 0 82 0 |Drone Time: 26487.724524|26487.724524,0.000000,0.000000,0.000000
Total validation: Makespan=26545.082722, Deadline violation=0.000000, Energy violation=0.000000, Capacity violation=0.000000
