Instance: 200.30.2
Customer group: 200
Repetition: 4
Experiment strategy: adaptive
Gamma set: g4
Gamma1: 0.5
Gamma2: 0.3
Gamma3: 0.1
Gamma4: 0.6
Experiment seed: 45
Solver exit code: 0
Neighborhood selection: adaptive
Adaptive parameters: 0.500000 0.300000 0.100000 0.600000
Random seed: 45
Simulated annealing: disabled
Diversification: disabled
Initial solution cost: 30307.848228
Improved solution cost: 21235.176720
Worst solution cost: 21235.176720
Mean solution cost: 21235.176720
Mean elapsed time: 1520.128178 seconds
Final solution feasibility: FEASIBLE
Solution Details:
Truck Routes:
Truck 1: 0 13 69 56 0 177 178 0 12 119 137 0 104 25 141 0 31 0 |Truck Time: 21191.572254|21191.572254,0.000000,0.000000,0.000000
Truck 2: 0 195 140 179 146 0 169 184 186 0 101 82 182 172 0 193 6 160 80 0 46 174 30 171 0 |Truck Time: 21159.060634|21159.060634,0.000000,0.000000,0.000000
Truck 3: 0 133 44 103 0 5 74 78 122 108 0 23 109 99 0 0 42 22 134 0 |Truck Time: 20852.481200|20852.481200,0.000000,0.000000,0.000000
Truck 4: 0 7 0 73 33 196 0 162 155 32 113 0 18 0 100 51 47 150 96 0 159 144 158 0 |Truck Time: 21129.396068|21129.396068,0.000000,0.000000,0.000000
Truck 5: 0 8 0 65 89 75 0 199 123 71 111 0 163 77 68 198 10 0 |Truck Time: 21235.176720|21235.176720,0.000000,0.000000,0.000000
Drone Routes:
Drone 1: 0 145 0 90 0 188 43 0 84 105 0 45 24 0 40 9 106 15 0 49 72 0 142 148 0 19 0 166 124 0 54 28 153 0 190 197 0 135 67 189 116 0 192 66 143 0 |Drone Time: 21009.936210|21009.936210,0.000000,0.000000,0.000000
Drone 2: 0 26 0 126 0 139 14 41 0 167 53 112 0 62 0 29 0 149 0 156 127 175 0 76 183 0 60 87 0 131 138 0 129 55 0 132 61 0 16 120 0 |Drone Time: 21211.581392|21211.581392,0.000000,0.000000,0.000000
Drone 3: 0 48 0 20 0 125 0 58 0 70 152 115 0 63 0 176 3 0 4 81 0 128 97 0 2 157 0 98 0 187 79 59 0 92 147 0 39 0 |Drone Time: 21151.692352|21151.692352,0.000000,0.000000,0.000000
Drone 4: 0 136 0 200 0 180 0 181 118 57 0 95 93 0 21 0 165 17 83 0 114 170 0 38 0 27 0 86 0 85 161 0 37 164 94 0 |Drone Time: 21226.068120|21226.068120,0.000000,0.000000,0.000000
Drone 5: 0 130 64 0 110 0 168 173 0 117 0 154 36 0 34 1 194 0 52 50 0 191 88 121 0 151 35 0 102 0 107 91 0 11 0 185 0 |Drone Time: 21232.380506|21232.380506,0.000000,0.000000,0.000000
Total validation: Makespan=21235.176720, Deadline violation=0.000000, Energy violation=0.000000, Capacity violation=0.000000
