Instance: 200.20.1
Customer group: 200
Repetition: 1
Experiment strategy: adaptive
Gamma set: g4
Gamma1: 0.5
Gamma2: 0.3
Gamma3: 0.1
Gamma4: 0.6
Experiment seed: 42
Solver exit code: 0
Neighborhood selection: adaptive
Adaptive parameters: 0.500000 0.300000 0.100000 0.600000
Random seed: 42
Simulated annealing: disabled
Diversification: disabled
Initial solution cost: 17332.609037
Improved solution cost: 15244.698947
Worst solution cost: 15244.698947
Mean solution cost: 15244.698947
Mean elapsed time: 1287.201475 seconds
Final solution feasibility: FEASIBLE
Solution Details:
Truck Routes:
Truck 1: 0 53 0 170 0 67 5 105 42 51 0 161 192 0 147 145 0 |Truck Time: 15141.291605|15141.291605,0.000000,0.000000,0.000000
Truck 2: 0 150 103 118 0 19 56 100 0 97 64 108 61 12 0 88 194 94 131 0 |Truck Time: 15244.698947|15244.698947,0.000000,0.000000,0.000000
Truck 3: 0 95 128 130 179 85 46 0 24 0 39 141 73 132 0 60 40 0 |Truck Time: 15182.388208|15182.388208,0.000000,0.000000,0.000000
Truck 4: 0 72 17 69 29 0 21 0 89 11 83 167 0 133 96 87 26 0 |Truck Time: 15224.192956|15224.192956,0.000000,0.000000,0.000000
Truck 5: 0 193 152 48 122 35 154 0 115 31 49 66 0 188 200 2 0 107 148 143 168 197 0 13 157 33 0 |Truck Time: 15208.473917|15208.473917,0.000000,0.000000,0.000000
Drone Routes:
Drone 1: 0 1 75 116 27 0 156 189 0 199 172 0 34 50 0 127 0 109 173 0 90 104 0 74 79 0 182 0 176 0 159 0 184 0 |Drone Time: 15205.325544|15205.325544,0.000000,0.000000,0.000000
Drone 2: 0 137 68 20 0 30 191 112 134 25 0 62 28 163 55 160 0 3 58 0 186 0 81 38 0 65 8 0 36 0 187 23 0 121 0 98 0 99 0 |Drone Time: 15179.225693|15179.225693,0.000000,0.000000,0.000000
Drone 3: 0 70 37 136 0 174 102 177 0 171 86 119 0 142 0 110 149 0 175 180 0 158 0 138 57 0 124 125 59 155 0 47 117 0 101 0 123 190 178 0 |Drone Time: 15107.015143|15107.015143,0.000000,0.000000,0.000000
Drone 4: 0 76 153 0 129 10 45 4 146 195 54 0 41 196 0 144 185 126 0 135 15 0 166 111 198 0 71 140 0 151 44 0 93 0 63 0 181 0 6 0 |Drone Time: 15209.103331|15209.103331,0.000000,0.000000,0.000000
Drone 5: 0 106 82 113 91 43 9 0 165 78 120 22 0 114 16 0 183 0 139 0 92 164 0 18 77 0 84 52 0 162 14 0 80 0 7 0 32 169 0 |Drone Time: 15240.107171|15240.107171,0.000000,0.000000,0.000000
Total validation: Makespan=15244.698947, Deadline violation=0.000000, Energy violation=0.000000, Capacity violation=0.000000
