Instance: 200.30.3
Customer group: 200
Repetition: 3
Experiment strategy: adaptive
Gamma set: g1
Gamma1: 0.3
Gamma2: 0.2
Gamma3: 0.1
Gamma4: 0.3
Experiment seed: 44
Solver exit code: 0
Neighborhood selection: adaptive
Adaptive parameters: 0.300000 0.200000 0.100000 0.300000
Random seed: 44
Simulated annealing: disabled
Diversification: disabled
Initial solution cost: 31751.425974
Improved solution cost: 22481.626853
Worst solution cost: 22481.626853
Mean solution cost: 22481.626853
Mean elapsed time: 1254.799875 seconds
Final solution feasibility: FEASIBLE
Solution Details:
Truck Routes:
Truck 1: 0 163 160 0 95 87 41 0 20 59 0 142 110 101 8 10 0 |Truck Time: 22352.090143|22352.090143,0.000000,0.000000,0.000000
Truck 2: 0 112 4 117 198 0 172 89 47 0 16 152 148 44 191 0 162 98 174 0 7 0 |Truck Time: 22309.184082|22309.184082,0.000000,0.000000,0.000000
Truck 3: 0 6 182 0 71 83 0 1 72 199 0 131 107 19 175 0 118 39 36 180 68 104 0 |Truck Time: 22269.692755|22269.692755,0.000000,0.000000,0.000000
Truck 4: 0 121 64 114 124 0 69 92 3 0 84 96 0 56 45 115 90 181 0 |Truck Time: 22481.626853|22481.626853,0.000000,0.000000,0.000000
Truck 5: 0 170 82 130 0 60 103 133 0 149 166 0 143 144 46 0 81 86 158 23 0 |Truck Time: 21104.131362|21104.131362,0.000000,0.000000,0.000000
Drone Routes:
Drone 1: 0 105 0 91 88 0 24 0 77 0 127 5 51 93 0 123 52 0 99 119 0 178 62 0 49 157 0 54 120 183 0 9 48 0 53 179 0 |Drone Time: 22456.417797|22456.417797,0.000000,0.000000,0.000000
Drone 2: 0 25 0 78 0 61 0 26 70 0 136 15 153 0 186 2 0 140 30 0 196 21 0 177 0 194 139 0 108 154 0 40 129 74 0 100 43 0 |Drone Time: 22421.843445|22421.843445,0.000000,0.000000,0.000000
Drone 3: 0 150 155 0 168 106 0 188 75 0 35 0 13 200 0 50 141 159 169 190 0 184 111 135 109 0 145 66 0 18 85 0 97 0 22 67 0 197 151 33 0 116 0 |Drone Time: 22394.830961|22394.830961,0.000000,0.000000,0.000000
Drone 4: 0 134 0 146 0 55 80 0 14 0 63 0 42 0 126 0 125 38 0 102 187 31 0 79 12 0 128 0 57 94 192 0 161 0 34 137 0 |Drone Time: 22370.899359|22370.899359,0.000000,0.000000,0.000000
Drone 5: 0 176 0 11 0 76 113 0 29 132 0 37 156 185 0 173 193 0 65 147 0 58 0 138 195 167 0 189 73 0 28 17 165 0 171 0 27 164 0 122 32 0 |Drone Time: 22309.348768|22309.348768,0.000000,0.000000,0.000000
Total validation: Makespan=22481.626853, Deadline violation=0.000000, Energy violation=0.000000, Capacity violation=0.000000
