Instance: 200.10.4
Customer group: 200
Repetition: 4
Experiment strategy: cyclic
Gamma set: 
Gamma1: 
Gamma2: 
Gamma3: 
Gamma4: 
Experiment seed: 45
Solver exit code: 0
Neighborhood selection: cyclic
Random seed: 45
Simulated annealing: disabled
Diversification: disabled
Initial solution cost: 9879.245175
Improved solution cost: 7858.943443
Worst solution cost: 7858.943443
Mean solution cost: 7858.943443
Mean elapsed time: 1617.290669 seconds
Final solution feasibility: FEASIBLE
Solution Details:
Truck Routes:
Truck 1: 0 176 41 59 0 4 17 200 181 140 0 108 132 119 55 113 124 0 |Truck Time: 7846.035103|7846.035103,0.000000,0.000000,0.000000
Truck 2: 0 39 58 137 0 5 15 31 164 0 194 175 49 0 |Truck Time: 7858.943443|7858.943443,0.000000,0.000000,0.000000
Truck 3: 0 138 169 30 1 90 93 68 146 71 102 0 153 73 81 103 78 24 0 19 171 151 131 36 18 120 163 0 |Truck Time: 7819.885103|7819.885103,0.000000,0.000000,0.000000
Truck 4: 0 86 9 65 141 61 80 94 197 104 42 0 52 79 84 157 142 0 193 66 60 33 123 111 0 |Truck Time: 7716.871920|7716.871920,0.000000,0.000000,0.000000
Truck 5: 0 196 106 46 23 97 145 40 114 166 184 0 195 198 110 99 115 0 187 105 45 154 156 127 0 |Truck Time: 7817.243576|7817.243576,0.000000,0.000000,0.000000
Drone Routes:
Drone 1: 0 129 62 12 74 0 32 63 0 72 0 37 8 0 189 21 109 0 174 0 167 0 134 29 0 48 126 0 54 3 0 148 0 20 0 |Drone Time: 7673.489689|7673.489689,0.000000,0.000000,0.000000
Drone 2: 0 180 0 7 34 67 133 0 77 172 91 155 0 160 95 0 122 13 0 22 25 0 170 0 112 0 101 121 0 47 0 199 0 96 0 162 0 |Drone Time: 7855.117809|7855.117809,0.000000,0.000000,0.000000
Drone 3: 0 149 139 0 173 177 159 0 190 192 88 0 178 0 165 0 28 44 0 188 0 168 0 35 56 0 26 0 136 0 16 0 |Drone Time: 7846.288369|7846.288369,0.000000,0.000000,0.000000
Drone 4: 0 152 0 117 53 0 50 76 179 0 186 27 0 130 0 70 191 0 43 11 0 75 69 0 51 150 0 64 0 100 128 0 185 0 |Drone Time: 7830.964304|7830.964304,0.000000,0.000000,0.000000
Drone 5: 0 182 0 158 135 183 0 92 107 0 143 147 2 6 0 85 161 0 57 83 0 98 89 144 0 118 125 0 14 0 87 0 10 116 38 0 82 0 |Drone Time: 7841.453239|7841.453239,0.000000,0.000000,0.000000
Total validation: Makespan=7858.943443, Deadline violation=0.000000, Energy violation=0.000000, Capacity violation=0.000000
