Instance: 200.30.3
Customer group: 200
Repetition: 3
Experiment strategy: random
Gamma set: 
Gamma1: 
Gamma2: 
Gamma3: 
Gamma4: 
Experiment seed: 44
Solver exit code: 0
Neighborhood selection: random
Random seed: 44
Simulated annealing: disabled
Diversification: disabled
Initial solution cost: 31751.425974
Improved solution cost: 25383.004823
Worst solution cost: 25383.004823
Mean solution cost: 25383.004823
Mean elapsed time: 1538.876327 seconds
Final solution feasibility: FEASIBLE
Solution Details:
Truck Routes:
Truck 1: 0 117 0 47 0 39 89 180 104 0 142 81 86 10 0 118 87 0 |Truck Time: 25136.177245|25136.177245,0.000000,0.000000,0.000000
Truck 2: 0 194 0 41 0 1 82 130 0 45 56 195 52 0 67 162 0 124 174 0 |Truck Time: 25260.860930|25260.860930,0.000000,0.000000,0.000000
Truck 3: 0 90 176 0 181 0 23 101 110 161 0 175 107 131 170 0 59 163 160 11 143 0 |Truck Time: 25263.755019|25263.755019,0.000000,0.000000,0.000000
Truck 4: 0 186 145 0 64 18 121 0 3 69 92 0 125 172 38 0 20 0 |Truck Time: 25383.004823|25383.004823,0.000000,0.000000,0.000000
Truck 5: 0 60 0 112 198 0 83 71 0 96 0 149 166 136 72 0 103 0 44 2 6 0 |Truck Time: 25358.059934|25358.059934,0.000000,0.000000,0.000000
Drone Routes:
Drone 1: 0 178 62 0 28 140 184 34 200 0 51 91 57 94 0 31 15 37 0 77 0 189 54 183 0 50 7 0 61 0 147 12 0 123 157 0 196 21 0 169 128 0 95 0 14 0 |Drone Time: 25344.826677|25344.826677,0.000000,0.000000,0.000000
Drone 2: 0 146 0 36 93 0 137 74 0 120 32 190 0 68 0 182 48 0 73 113 192 0 80 127 0 185 150 0 55 165 0 158 0 177 79 0 152 187 199 0 191 139 0 108 154 0 |Drone Time: 25164.962852|25164.962852,0.000000,0.000000,0.000000
Drone 3: 0 171 0 133 0 58 156 0 100 43 0 106 0 40 114 0 29 0 188 49 159 0 102 153 0 30 0 119 0 76 5 26 0 85 99 167 0 97 0 22 46 0 |Drone Time: 25154.387470|25154.387470,0.000000,0.000000,0.000000
Drone 4: 0 109 151 135 0 24 0 179 0 129 0 116 111 0 19 105 0 75 0 144 27 0 132 88 0 4 155 0 63 0 42 0 126 0 164 0 98 138 0 |Drone Time: 25367.831915|25367.831915,0.000000,0.000000,0.000000
Drone 5: 0 25 0 8 0 9 53 0 197 33 0 148 66 0 70 0 13 141 0 173 193 0 65 16 0 78 0 168 134 0 122 0 17 35 0 84 0 115 0 |Drone Time: 25330.165279|25330.165279,0.000000,0.000000,0.000000
Total validation: Makespan=25383.004823, Deadline violation=0.000000, Energy violation=0.000000, Capacity violation=0.000000
