Instance: 200.30.3
Customer group: 200
Repetition: 3
Experiment strategy: adaptive
Gamma set: g4
Gamma1: 0.5
Gamma2: 0.3
Gamma3: 0.1
Gamma4: 0.6
Experiment seed: 44
Solver exit code: 0
Neighborhood selection: adaptive
Adaptive parameters: 0.500000 0.300000 0.100000 0.600000
Random seed: 44
Simulated annealing: disabled
Diversification: disabled
Initial solution cost: 31751.425974
Improved solution cost: 22778.038032
Worst solution cost: 22778.038032
Mean solution cost: 22778.038032
Mean elapsed time: 1246.952061 seconds
Final solution feasibility: FEASIBLE
Solution Details:
Truck Routes:
Truck 1: 0 160 163 0 58 0 20 59 0 142 79 8 10 0 |Truck Time: 22686.129642|22686.129642,0.000000,0.000000,0.000000
Truck 2: 0 112 189 4 117 71 83 0 87 95 68 104 0 148 44 191 0 138 164 98 174 0 47 0 |Truck Time: 22392.974592|22392.974592,0.000000,0.000000,0.000000
Truck 3: 0 6 16 152 182 0 176 144 0 153 72 199 0 131 107 19 175 0 118 39 36 180 41 0 |Truck Time: 22776.536610|22776.536610,0.000000,0.000000,0.000000
Truck 4: 0 64 101 110 161 28 0 92 69 3 0 172 89 7 0 56 45 115 188 90 181 0 |Truck Time: 22778.038032|22778.038032,0.000000,0.000000,0.000000
Truck 5: 0 170 82 130 0 60 103 133 0 149 166 0 116 0 81 86 158 23 0 |Truck Time: 20812.871761|20812.871761,0.000000,0.000000,0.000000
Drone Routes:
Drone 1: 0 76 5 0 57 91 88 0 102 187 31 0 75 99 0 127 54 120 93 0 123 52 0 100 43 0 111 121 0 49 157 0 113 51 80 0 40 25 0 53 179 0 |Drone Time: 22708.614127|22708.614127,0.000000,0.000000,0.000000
Drone 2: 0 24 0 140 30 0 9 48 0 171 0 13 0 26 29 132 0 156 185 147 0 186 2 0 145 66 0 196 21 0 177 0 194 139 0 108 154 0 129 74 0 |Drone Time: 22729.859441|22729.859441,0.000000,0.000000,0.000000
Drone 3: 0 198 0 150 155 0 109 135 0 137 0 35 0 42 0 96 0 141 159 169 190 0 119 0 114 200 0 85 0 97 0 22 67 0 33 151 197 0 143 46 0 |Drone Time: 22777.760741|22777.760741,0.000000,0.000000,0.000000
Drone 4: 0 134 0 168 106 0 61 0 55 183 0 14 0 63 0 34 146 0 126 0 38 125 0 105 0 18 12 0 11 0 50 94 192 0 124 184 0 |Drone Time: 22777.777099|22777.777099,0.000000,0.000000,0.000000
Drone 5: 0 128 0 178 62 0 77 0 70 0 15 136 37 0 173 193 0 65 1 0 78 0 27 195 167 0 73 0 17 165 0 84 0 162 0 122 32 0 |Drone Time: 22768.980973|22768.980973,0.000000,0.000000,0.000000
Total validation: Makespan=22778.038032, Deadline violation=0.000000, Energy violation=0.000000, Capacity violation=0.000000
