Instance: 200.10.3
Customer group: 200
Repetition: 2
Experiment strategy: random
Gamma set: 
Gamma1: 
Gamma2: 
Gamma3: 
Gamma4: 
Experiment seed: 43
Solver exit code: 0
Neighborhood selection: random
Random seed: 43
Simulated annealing: disabled
Diversification: disabled
Initial solution cost: 9163.523239
Improved solution cost: 7269.452577
Worst solution cost: 7269.452577
Mean solution cost: 7269.452577
Mean elapsed time: 1997.679872 seconds
Final solution feasibility: FEASIBLE
Solution Details:
Truck Routes:
Truck 1: 0 46 16 183 0 67 55 136 99 64 127 123 0 141 129 181 48 54 189 90 87 51 0 |Truck Time: 7247.472335|7247.472335,0.000000,0.000000,0.000000
Truck 2: 0 3 47 188 198 139 196 156 134 23 0 63 191 38 0 71 157 88 92 154 0 |Truck Time: 7269.452577|7269.452577,0.000000,0.000000,0.000000
Truck 3: 0 58 14 97 122 161 21 33 70 0 164 110 192 149 0 125 144 162 0 |Truck Time: 7228.880595|7228.880595,0.000000,0.000000,0.000000
Truck 4: 0 22 94 0 160 190 69 78 59 100 42 155 18 5 186 30 0 25 7 200 10 168 74 28 86 0 |Truck Time: 7230.161535|7230.161535,0.000000,0.000000,0.000000
Truck 5: 0 39 106 167 158 172 0 91 185 34 108 26 0 197 68 130 29 170 0 |Truck Time: 6826.545566|6826.545566,0.000000,0.000000,0.000000
Drone Routes:
Drone 1: 0 194 169 182 81 113 0 35 116 146 53 0 17 83 118 0 120 0 82 0 176 2 0 15 107 0 179 143 0 41 0 175 0 137 138 0 |Drone Time: 7263.392574|7263.392574,0.000000,0.000000,0.000000
Drone 2: 0 12 45 111 0 109 128 0 13 27 0 173 24 131 0 96 72 159 0 6 142 0 76 98 4 0 93 151 0 89 0 104 148 0 77 19 165 0 |Drone Time: 7237.963821|7237.963821,0.000000,0.000000,0.000000
Drone 3: 0 180 56 37 163 0 132 133 0 177 50 0 11 153 145 0 193 152 187 0 80 0 124 0 20 75 0 184 0 49 119 0 1 0 |Drone Time: 7259.315763|7259.315763,0.000000,0.000000,0.000000
Drone 4: 0 105 66 0 31 112 0 199 61 95 0 62 101 9 0 65 73 0 79 0 140 0 84 0 40 0 32 147 0 57 115 102 121 0 |Drone Time: 7181.483908|7181.483908,0.000000,0.000000,0.000000
Drone 5: 0 117 60 174 0 44 171 0 52 178 135 0 166 195 0 85 114 0 8 43 0 103 0 126 0 36 0 150 0 |Drone Time: 7268.898794|7268.898794,0.000000,0.000000,0.000000
Total validation: Makespan=7269.452577, Deadline violation=0.000000, Energy violation=0.000000, Capacity violation=0.000000
