Instance: 200.10.4
Customer group: 200
Repetition: 1
Experiment strategy: random
Gamma set: 
Gamma1: 
Gamma2: 
Gamma3: 
Gamma4: 
Experiment seed: 42
Solver exit code: 0
Neighborhood selection: random
Random seed: 42
Simulated annealing: disabled
Diversification: disabled
Initial solution cost: 10225.385070
Improved solution cost: 7346.693175
Worst solution cost: 7346.693175
Mean solution cost: 7346.693175
Mean elapsed time: 2075.268361 seconds
Final solution feasibility: FEASIBLE
Solution Details:
Truck Routes:
Truck 1: 0 96 200 143 115 0 183 102 71 112 168 184 166 114 0 62 120 18 36 131 171 151 129 0 |Truck Time: 7329.812559|7329.812559,0.000000,0.000000,0.000000
Truck 2: 0 195 82 79 0 5 153 16 15 31 0 21 19 27 137 149 0 |Truck Time: 7346.693175|7346.693175,0.000000,0.000000,0.000000
Truck 3: 0 138 30 1 90 93 68 34 0 33 61 80 94 111 0 43 156 58 39 127 0 |Truck Time: 7319.831684|7319.831684,0.000000,0.000000,0.000000
Truck 4: 0 196 182 140 104 42 0 157 84 35 0 46 57 198 159 170 113 124 179 185 132 108 0 158 145 118 20 10 0 |Truck Time: 7310.154778|7310.154778,0.000000,0.000000,0.000000
Truck 5: 0 187 105 12 163 100 0 86 9 141 4 126 17 0 70 49 175 63 172 0 |Truck Time: 7326.864838|7326.864838,0.000000,0.000000,0.000000
Drone Routes:
Drone 1: 0 144 98 123 0 64 0 65 66 88 0 193 0 77 0 6 14 0 133 41 0 37 8 0 135 91 89 81 0 189 181 0 106 0 56 53 0 |Drone Time: 7317.985048|7317.985048,0.000000,0.000000,0.000000
Drone 2: 0 26 0 174 161 0 139 128 0 192 2 47 0 22 25 0 69 29 134 0 97 0 146 0 125 130 0 160 0 75 0 164 154 0 |Drone Time: 7344.337994|7344.337994,0.000000,0.000000,0.000000
Drone 3: 0 78 197 0 76 119 0 48 83 147 0 50 165 0 55 0 186 0 67 176 44 0 101 121 0 72 0 122 28 0 199 0 99 0 |Drone Time: 7279.007043|7279.007043,0.000000,0.000000,0.000000
Drone 4: 0 173 150 0 107 60 0 188 0 178 190 0 13 117 0 110 0 45 95 0 85 7 0 167 0 92 0 74 38 51 0 103 73 0 24 0 |Drone Time: 7327.531564|7327.531564,0.000000,0.000000,0.000000
Drone 5: 0 180 0 23 0 194 32 155 109 0 11 177 152 0 169 3 0 40 116 0 136 0 191 54 0 148 142 0 59 0 87 0 52 162 0 |Drone Time: 7346.631015|7346.631015,0.000000,0.000000,0.000000
Total validation: Makespan=7346.693175, Deadline violation=0.000000, Energy violation=0.000000, Capacity violation=0.000000
