Instance: 200.10.1
Customer group: 200
Repetition: 3
Experiment strategy: adaptive
Gamma set: g3
Gamma1: 0.3
Gamma2: 0.2
Gamma3: 0.1
Gamma4: 0.6
Experiment seed: 44
Solver exit code: 0
Neighborhood selection: adaptive
Adaptive parameters: 0.300000 0.200000 0.100000 0.600000
Random seed: 44
Simulated annealing: disabled
Diversification: disabled
Initial solution cost: 10145.921841
Improved solution cost: 6684.738854
Worst solution cost: 6684.738854
Mean solution cost: 6684.738854
Mean elapsed time: 2186.776337 seconds
Final solution feasibility: FEASIBLE
Solution Details:
Truck Routes:
Truck 1: 0 177 125 115 49 65 101 106 66 99 7 10 0 118 51 30 73 9 122 111 168 33 134 0 |Truck Time: 6484.691371|6484.691371,0.000000,0.000000,0.000000
Truck 2: 0 24 165 127 157 2 181 63 13 69 34 80 89 0 150 108 87 112 52 143 60 146 173 0 |Truck Time: 6607.193952|6607.193952,0.000000,0.000000,0.000000
Truck 3: 0 180 156 79 123 121 22 137 102 0 119 151 14 3 0 178 62 145 140 0 |Truck Time: 6529.669653|6529.669653,0.000000,0.000000,0.000000
Truck 4: 0 174 135 88 82 100 75 149 94 155 129 0 81 130 117 175 0 16 120 19 131 0 |Truck Time: 6655.097922|6655.097922,0.000000,0.000000,0.000000
Truck 5: 0 97 133 92 136 0 58 44 39 41 196 148 194 0 6 76 17 107 104 28 0 |Truck Time: 6684.738854|6684.738854,0.000000,0.000000,0.000000
Drone Routes:
Drone 1: 0 64 176 139 0 42 43 116 0 56 0 95 160 0 38 132 0 154 5 179 0 61 26 187 0 185 0 183 8 162 142 0 103 40 0 |Drone Time: 6668.630947|6668.630947,0.000000,0.000000,0.000000
Drone 2: 0 47 197 0 186 0 189 71 0 171 21 0 70 109 0 159 141 0 167 0 184 48 25 0 124 90 0 68 35 0 18 0 172 200 0 |Drone Time: 6674.415079|6674.415079,0.000000,0.000000,0.000000
Drone 3: 0 86 0 50 0 31 98 0 32 198 0 78 0 199 46 0 105 110 0 85 152 0 20 12 0 11 126 0 72 0 57 55 0 |Drone Time: 6651.276013|6651.276013,0.000000,0.000000,0.000000
Drone 4: 0 169 153 0 91 0 193 77 23 192 0 45 0 36 74 0 144 114 1 0 164 128 0 54 4 0 27 0 53 29 0 161 0 |Drone Time: 6669.436530|6669.436530,0.000000,0.000000,0.000000
Drone 5: 0 113 0 83 163 0 182 93 138 0 158 67 0 96 188 0 84 190 191 0 147 170 0 37 0 166 0 15 0 59 195 0 |Drone Time: 6644.264395|6644.264395,0.000000,0.000000,0.000000
Total validation: Makespan=6684.738854, Deadline violation=0.000000, Energy violation=0.000000, Capacity violation=0.000000
