Instance: 200.10.4
Customer group: 200
Repetition: 4
Experiment strategy: adaptive
Gamma set: g1
Gamma1: 0.3
Gamma2: 0.2
Gamma3: 0.1
Gamma4: 0.3
Experiment seed: 45
Solver exit code: 0
Neighborhood selection: adaptive
Adaptive parameters: 0.300000 0.200000 0.100000 0.300000
Random seed: 45
Simulated annealing: disabled
Diversification: disabled
Initial solution cost: 9879.245175
Improved solution cost: 7178.481673
Worst solution cost: 7178.481673
Mean solution cost: 7178.481673
Mean elapsed time: 1923.468804 seconds
Final solution feasibility: FEASIBLE
Solution Details:
Truck Routes:
Truck 1: 0 84 176 41 136 59 0 86 65 200 140 115 142 0 198 119 113 55 124 179 0 |Truck Time: 7135.547325|7135.547325,0.000000,0.000000,0.000000
Truck 2: 0 39 156 154 45 199 105 149 20 183 172 0 128 153 16 188 164 31 15 5 0 |Truck Time: 7063.028221|7063.028221,0.000000,0.000000,0.000000
Truck 3: 0 34 30 1 90 93 146 97 0 193 80 61 94 9 111 0 171 19 131 36 18 120 163 43 0 |Truck Time: 7178.481673|7178.481673,0.000000,0.000000,0.000000
Truck 4: 0 81 73 103 78 181 96 17 143 0 101 190 75 182 106 0 10 102 112 70 49 72 68 77 0 |Truck Time: 7176.527629|7176.527629,0.000000,0.000000,0.000000
Truck 5: 0 118 138 169 166 184 114 145 0 46 79 185 110 108 0 127 58 137 0 |Truck Time: 7168.312256|7168.312256,0.000000,0.000000,0.000000
Drone Routes:
Drone 1: 0 141 88 147 0 32 125 167 0 37 8 0 122 53 13 0 121 109 21 7 0 132 87 0 197 170 0 24 0 173 177 0 157 0 160 0 |Drone Time: 7171.107791|7171.107791,0.000000,0.000000,0.000000
Drone 2: 0 174 191 0 91 133 26 67 0 139 22 129 0 175 0 192 66 33 0 12 62 100 0 6 134 69 0 196 0 29 180 0 186 0 51 0 |Drone Time: 7156.011407|7156.011407,0.000000,0.000000,0.000000
Drone 3: 0 57 0 63 0 85 161 0 123 2 4 0 165 0 3 178 0 48 150 0 40 155 0 117 126 0 23 0 104 0 60 0 |Drone Time: 7171.907802|7171.907802,0.000000,0.000000,0.000000
Drone 4: 0 135 187 0 194 0 35 56 0 76 50 0 130 0 44 148 11 0 168 0 189 74 0 52 162 0 64 0 95 92 0 42 116 0 |Drone Time: 7175.884157|7175.884157,0.000000,0.000000,0.000000
Drone 5: 0 152 0 38 158 0 98 144 107 89 0 151 27 0 47 83 0 25 0 71 54 0 14 0 99 0 159 195 0 82 0 28 0 |Drone Time: 7166.897619|7166.897619,0.000000,0.000000,0.000000
Total validation: Makespan=7178.481673, Deadline violation=0.000000, Energy violation=0.000000, Capacity violation=0.000000
