Instance: 200.10.2
Customer group: 200
Repetition: 2
Experiment strategy: cyclic
Gamma set: 
Gamma1: 
Gamma2: 
Gamma3: 
Gamma4: 
Experiment seed: 43
Solver exit code: 0
Neighborhood selection: cyclic
Random seed: 43
Simulated annealing: disabled
Diversification: disabled
Initial solution cost: 10713.597281
Improved solution cost: 7519.899188
Worst solution cost: 7519.899188
Mean solution cost: 7519.899188
Mean elapsed time: 2023.994195 seconds
Final solution feasibility: FEASIBLE
Solution Details:
Truck Routes:
Truck 1: 0 61 79 0 172 134 117 46 45 5 50 169 0 189 91 34 110 18 112 123 17 41 0 |Truck Time: 7415.489737|7415.489737,0.000000,0.000000,0.000000
Truck 2: 0 151 94 0 1 128 66 90 58 98 164 0 131 113 129 84 55 161 155 88 0 |Truck Time: 7519.899188|7519.899188,0.000000,0.000000,0.000000
Truck 3: 0 25 20 141 103 124 59 69 0 27 120 26 56 158 114 154 0 63 156 2 195 179 0 |Truck Time: 7514.990690|7514.990690,0.000000,0.000000,0.000000
Truck 4: 0 47 57 176 96 64 122 93 166 0 194 62 188 139 192 143 68 132 23 0 193 53 76 0 |Truck Time: 7452.649846|7452.649846,0.000000,0.000000,0.000000
Truck 5: 0 190 138 65 180 187 0 4 80 49 130 36 0 73 40 149 31 0 19 0 |Truck Time: 7469.396949|7469.396949,0.000000,0.000000,0.000000
Drone Routes:
Drone 1: 0 97 39 9 197 0 28 152 0 136 0 160 118 0 15 163 0 145 150 0 186 105 148 0 33 0 115 167 0 175 0 101 10 0 144 0 |Drone Time: 7486.409170|7486.409170,0.000000,0.000000,0.000000
Drone 2: 0 95 72 0 140 11 0 29 196 108 0 8 0 102 127 0 126 107 184 0 133 121 0 191 44 0 60 0 70 52 0 30 0 3 71 0 |Drone Time: 7511.717999|7511.717999,0.000000,0.000000,0.000000
Drone 3: 0 137 0 99 92 0 200 82 0 119 67 0 111 177 0 182 0 135 159 0 199 81 0 157 0 74 43 0 51 142 0 162 0 181 0 |Drone Time: 7486.944292|7486.944292,0.000000,0.000000,0.000000
Drone 4: 0 86 0 54 198 0 12 104 0 85 24 0 37 168 0 125 89 0 100 165 0 185 0 16 75 0 173 0 153 0 83 0 38 0 |Drone Time: 7481.092486|7481.092486,0.000000,0.000000,0.000000
Drone 5: 0 183 6 170 0 174 77 178 0 42 21 146 0 13 35 7 0 48 22 0 109 0 87 0 147 0 32 171 0 14 0 106 116 0 78 0 |Drone Time: 7407.699989|7407.699989,0.000000,0.000000,0.000000
Total validation: Makespan=7519.899188, Deadline violation=0.000000, Energy violation=0.000000, Capacity violation=0.000000
