Instance: 200.30.3
Customer group: 200
Repetition: 5
Experiment strategy: adaptive
Gamma set: g1
Gamma1: 0.3
Gamma2: 0.2
Gamma3: 0.1
Gamma4: 0.3
Experiment seed: 46
Solver exit code: 0
Neighborhood selection: adaptive
Adaptive parameters: 0.300000 0.200000 0.100000 0.300000
Random seed: 46
Simulated annealing: disabled
Diversification: disabled
Initial solution cost: 32741.789056
Improved solution cost: 21618.975060
Worst solution cost: 21618.975060
Mean solution cost: 21618.975060
Mean elapsed time: 1273.801608 seconds
Final solution feasibility: FEASIBLE
Solution Details:
Truck Routes:
Truck 1: 0 162 181 0 199 0 152 72 82 0 96 0 56 45 123 0 |Truck Time: 21136.863507|21136.863507,0.000000,0.000000,0.000000
Truck 2: 0 60 6 187 0 86 9 103 0 90 13 128 7 0 163 160 78 11 116 0 71 0 |Truck Time: 21543.349799|21543.349799,0.000000,0.000000,0.000000
Truck 3: 0 16 191 10 0 4 65 17 0 125 32 118 39 104 0 172 89 108 0 |Truck Time: 21412.575726|21412.575726,0.000000,0.000000,0.000000
Truck 4: 0 3 68 41 0 55 147 83 0 175 130 0 140 101 121 197 18 161 178 124 28 0 133 0 112 189 117 0 |Truck Time: 21504.829110|21504.829110,0.000000,0.000000,0.000000
Truck 5: 0 36 95 87 0 12 44 2 148 145 0 59 20 195 164 49 167 0 35 179 198 0 |Truck Time: 21618.975060|21618.975060,0.000000,0.000000,0.000000
Drone Routes:
Drone 1: 0 50 88 113 0 70 0 111 42 0 183 38 0 23 158 0 69 0 143 0 102 186 66 0 182 0 136 166 0 196 100 0 122 154 0 114 34 0 |Drone Time: 21536.784596|21536.784596,0.000000,0.000000,0.000000
Drone 2: 0 73 0 57 190 159 141 0 30 0 177 0 26 63 0 24 0 132 29 0 176 0 33 81 0 188 157 67 0 109 151 135 0 138 115 0 93 94 0 |Drone Time: 21476.873279|21476.873279,0.000000,0.000000,0.000000
Drone 3: 0 92 54 120 51 0 165 19 156 107 0 77 0 105 0 97 27 0 48 137 0 14 0 47 0 22 174 0 80 127 0 119 0 170 0 85 62 0 |Drone Time: 21616.913601|21616.913601,0.000000,0.000000,0.000000
Drone 4: 0 194 0 149 0 76 5 0 131 53 185 0 173 193 0 134 0 25 0 153 58 0 99 75 0 21 15 139 0 144 0 31 8 0 43 37 0 |Drone Time: 21587.014437|21587.014437,0.000000,0.000000,0.000000
Drone 5: 0 110 0 98 0 40 142 0 126 169 91 0 192 61 0 1 0 106 168 0 184 64 0 200 84 46 0 171 0 146 0 155 150 0 79 74 129 0 180 52 0 |Drone Time: 21617.702717|21617.702717,0.000000,0.000000,0.000000
Total validation: Makespan=21618.975060, Deadline violation=0.000000, Energy violation=0.000000, Capacity violation=0.000000
