Instance: 200.30.4
Customer group: 200
Repetition: 5
Experiment strategy: adaptive
Gamma set: g4
Gamma1: 0.5
Gamma2: 0.3
Gamma3: 0.1
Gamma4: 0.6
Experiment seed: 46
Solver exit code: 0
Neighborhood selection: adaptive
Adaptive parameters: 0.500000 0.300000 0.100000 0.600000
Random seed: 46
Simulated annealing: disabled
Diversification: disabled
Initial solution cost: 30857.673727
Improved solution cost: 25450.707137
Worst solution cost: 25450.707137
Mean solution cost: 25450.707137
Mean elapsed time: 1520.625789 seconds
Final solution feasibility: FEASIBLE
Solution Details:
Truck Routes:
Truck 1: 0 91 104 194 0 39 13 14 124 0 66 59 28 0 133 0 190 0 |Truck Time: 25438.060880|25438.060880,0.000000,0.000000,0.000000
Truck 2: 0 199 10 184 107 0 177 0 132 0 135 123 68 1 0 9 2 82 0 142 196 168 0 |Truck Time: 25441.242715|25441.242715,0.000000,0.000000,0.000000
Truck 3: 0 25 3 0 54 0 43 122 0 5 61 0 102 72 0 51 176 85 0 |Truck Time: 25450.707137|25450.707137,0.000000,0.000000,0.000000
Truck 4: 0 166 156 0 80 26 0 198 0 19 191 0 143 4 125 0 136 87 0 110 197 0 |Truck Time: 25438.243688|25438.243688,0.000000,0.000000,0.000000
Truck 5: 0 40 50 0 195 0 119 31 155 157 89 0 98 145 62 131 0 73 139 0 163 154 186 20 0 |Truck Time: 25448.718496|25448.718496,0.000000,0.000000,0.000000
Drone Routes:
Drone 1: 0 103 0 151 165 0 182 35 148 0 55 183 149 0 70 16 44 97 0 95 160 0 128 57 109 0 147 0 158 126 86 188 0 175 111 0 22 0 153 0 117 0 12 120 0 92 172 0 |Drone Time: 25427.664412|25427.664412,0.000000,0.000000,0.000000
Drone 2: 0 23 0 37 0 138 130 0 32 8 0 27 141 0 127 146 81 113 0 180 0 179 0 47 112 0 134 164 0 93 0 96 0 116 0 60 0 101 159 0 |Drone Time: 25419.208764|25419.208764,0.000000,0.000000,0.000000
Drone 3: 0 64 100 140 0 187 189 36 0 185 0 94 0 99 0 114 178 0 167 0 174 0 69 0 21 0 193 0 18 71 0 34 75 170 0 56 0 173 0 84 0 |Drone Time: 25415.678296|25415.678296,0.000000,0.000000,0.000000
Drone 4: 0 48 42 169 0 118 58 0 162 0 88 83 67 0 152 181 0 7 0 45 52 0 6 0 11 0 79 0 65 0 49 0 161 0 77 0 105 129 0 |Drone Time: 25034.235294|25034.235294,0.000000,0.000000,0.000000
Drone 5: 0 74 0 38 90 115 0 33 150 121 0 144 0 41 108 0 15 0 24 30 0 53 46 0 29 0 78 0 76 0 106 0 63 0 17 0 171 0 137 200 192 0 |Drone Time: 25298.099509|25298.099509,0.000000,0.000000,0.000000
Total validation: Makespan=25450.707137, Deadline violation=0.000000, Energy violation=0.000000, Capacity violation=0.000000
