Instance: 200.20.1
Customer group: 200
Repetition: 1
Experiment strategy: random
Gamma set: 
Gamma1: 
Gamma2: 
Gamma3: 
Gamma4: 
Experiment seed: 42
Solver exit code: 0
Neighborhood selection: random
Random seed: 42
Simulated annealing: disabled
Diversification: disabled
Initial solution cost: 17332.609037
Improved solution cost: 15148.859058
Worst solution cost: 15148.859058
Mean solution cost: 15148.859058
Mean elapsed time: 993.566464 seconds
Final solution feasibility: FEASIBLE
Solution Details:
Truck Routes:
Truck 1: 0 178 42 51 0 115 0 13 157 145 0 150 26 0 57 0 |Truck Time: 15086.220516|15086.220516,0.000000,0.000000,0.000000
Truck 2: 0 163 28 78 60 0 179 85 46 0 95 97 64 61 108 135 0 39 186 141 194 131 0 |Truck Time: 14947.144018|14947.144018,0.000000,0.000000,0.000000
Truck 3: 0 128 99 126 0 92 56 100 0 40 184 6 0 156 170 0 |Truck Time: 15080.617772|15080.617772,0.000000,0.000000,0.000000
Truck 4: 0 29 69 109 80 48 0 118 110 187 152 0 11 83 72 17 0 87 96 133 0 |Truck Time: 15148.859058|15148.859058,0.000000,0.000000,0.000000
Truck 5: 0 122 35 154 0 66 49 31 132 73 193 0 53 33 0 107 148 143 168 197 0 67 192 161 0 |Truck Time: 15121.158112|15121.158112,0.000000,0.000000,0.000000
Drone Routes:
Drone 1: 0 124 59 27 1 77 0 94 106 0 105 5 37 0 34 50 0 127 0 98 0 90 104 0 103 0 182 0 176 0 159 0 |Drone Time: 15107.531470|15107.531470,0.000000,0.000000,0.000000
Drone 2: 0 200 75 0 30 191 112 134 25 0 62 24 55 74 54 0 3 58 0 2 0 81 38 0 199 172 0 36 0 18 153 113 0 121 0 89 181 0 43 9 0 |Drone Time: 15089.138240|15089.138240,0.000000,0.000000,0.000000
Drone 3: 0 68 158 0 23 174 0 70 189 0 142 0 21 149 0 175 180 0 119 86 0 138 188 137 130 0 116 136 125 0 47 117 0 101 0 123 190 19 0 |Drone Time: 15086.274862|15086.274862,0.000000,0.000000,0.000000
Drone 4: 0 129 79 120 0 12 10 144 185 45 4 146 195 160 0 41 196 0 139 82 0 65 8 0 166 111 198 0 71 140 0 151 44 0 93 0 171 15 0 173 0 76 0 |Drone Time: 14809.274499|14809.274499,0.000000,0.000000,0.000000
Drone 5: 0 88 91 0 22 165 155 177 102 0 114 16 0 183 0 147 0 20 164 0 63 0 84 52 0 162 14 0 167 0 7 0 32 169 0 |Drone Time: 14983.638621|14983.638621,0.000000,0.000000,0.000000
Total validation: Makespan=15148.859058, Deadline violation=0.000000, Energy violation=0.000000, Capacity violation=0.000000
