Instance: 200.30.2
Customer group: 200
Repetition: 2
Experiment strategy: random
Gamma set: 
Gamma1: 
Gamma2: 
Gamma3: 
Gamma4: 
Experiment seed: 43
Solver exit code: 0
Neighborhood selection: random
Random seed: 43
Simulated annealing: disabled
Diversification: disabled
Initial solution cost: 29249.577873
Improved solution cost: 21676.588834
Worst solution cost: 21676.588834
Mean solution cost: 21676.588834
Mean elapsed time: 1014.000166 seconds
Final solution feasibility: FEASIBLE
Solution Details:
Truck Routes:
Truck 1: 0 27 132 0 113 0 163 191 69 0 199 68 0 |Truck Time: 21456.925506|21456.925506,0.000000,0.000000,0.000000
Truck 2: 0 130 16 120 122 0 18 54 169 142 0 101 82 125 172 0 159 154 63 153 0 146 5 0 33 0 |Truck Time: 21543.003101|21543.003101,0.000000,0.000000,0.000000
Truck 3: 0 91 74 0 89 0 135 77 0 60 23 109 99 0 133 44 20 0 |Truck Time: 21633.864661|21633.864661,0.000000,0.000000,0.000000
Truck 4: 0 80 51 150 47 61 0 48 161 0 160 53 6 100 0 103 62 76 0 7 65 171 0 |Truck Time: 21676.588834|21676.588834,0.000000,0.000000,0.000000
Truck 5: 0 198 0 52 0 126 141 0 8 21 119 12 0 86 0 |Truck Time: 21623.751698|21623.751698,0.000000,0.000000,0.000000
Drone Routes:
Drone 1: 0 189 174 88 0 58 0 22 106 0 151 0 26 155 0 114 184 0 173 37 0 98 0 167 43 0 93 79 59 181 0 42 200 0 11 0 |Drone Time: 21533.575218|21533.575218,0.000000,0.000000,0.000000
Drone 2: 0 3 115 83 0 4 144 0 13 0 24 9 158 0 177 0 34 194 1 0 148 195 73 41 87 165 0 10 57 0 84 92 0 123 71 0 129 36 81 0 45 15 0 136 0 178 56 0 |Drone Time: 21582.006978|21582.006978,0.000000,0.000000,0.000000
Drone 3: 0 118 0 95 0 131 0 145 0 66 0 179 140 107 0 78 166 143 192 147 0 185 0 19 182 0 105 50 0 70 117 0 29 35 0 183 187 0 197 190 0 |Drone Time: 21632.275400|21632.275400,0.000000,0.000000,0.000000
Drone 4: 0 67 75 0 46 0 97 128 0 186 0 32 175 0 39 156 0 30 134 0 108 124 0 188 164 0 162 193 0 31 14 0 121 138 102 0 149 0 90 28 40 0 |Drone Time: 21655.923628|21655.923628,0.000000,0.000000,0.000000
Drone 5: 0 176 0 85 139 64 0 137 17 0 94 110 0 127 38 0 104 168 25 0 196 0 49 72 0 111 116 55 0 157 2 0 112 96 0 180 0 170 152 0 |Drone Time: 21662.116407|21662.116407,0.000000,0.000000,0.000000
Total validation: Makespan=21676.588834, Deadline violation=0.000000, Energy violation=0.000000, Capacity violation=0.000000
