Instance: 200.30.4
Customer group: 200
Repetition: 4
Experiment strategy: cyclic
Gamma set: 
Gamma1: 
Gamma2: 
Gamma3: 
Gamma4: 
Experiment seed: 45
Solver exit code: 0
Neighborhood selection: cyclic
Random seed: 45
Simulated annealing: disabled
Diversification: disabled
Initial solution cost: 31633.718371
Improved solution cost: 25244.097696
Worst solution cost: 25244.097696
Mean solution cost: 25244.097696
Mean elapsed time: 1187.123581 seconds
Final solution feasibility: FEASIBLE
Solution Details:
Truck Routes:
Truck 1: 0 197 137 0 125 143 0 16 87 80 0 28 0 175 0 152 0 |Truck Time: 24885.536795|24885.536795,0.000000,0.000000,0.000000
Truck 2: 0 53 23 132 156 0 194 0 54 14 39 190 200 0 155 119 25 89 0 195 0 133 180 8 0 |Truck Time: 25052.817599|25052.817599,0.000000,0.000000,0.000000
Truck 3: 0 31 0 177 0 83 38 4 0 97 123 122 0 84 12 60 0 43 98 145 0 |Truck Time: 25236.843786|25236.843786,0.000000,0.000000,0.000000
Truck 4: 0 184 0 37 0 165 171 61 0 19 29 134 0 163 71 0 11 168 0 |Truck Time: 25220.962651|25220.962651,0.000000,0.000000,0.000000
Truck 5: 0 124 157 151 0 26 166 0 102 173 62 0 40 3 0 9 2 0 51 147 85 0 |Truck Time: 25244.097696|25244.097696,0.000000,0.000000,0.000000
Drone Routes:
Drone 1: 0 141 0 81 162 0 105 181 0 140 115 0 70 176 0 20 30 0 193 0 35 0 6 0 191 146 0 106 0 41 111 0 56 0 21 183 0 |Drone Time: 25183.846785|25183.846785,0.000000,0.000000,0.000000
Drone 2: 0 99 0 48 0 94 0 129 59 0 96 0 128 0 179 0 78 0 149 55 0 76 0 153 0 88 185 0 49 0 22 0 17 120 0 131 169 0 |Drone Time: 25234.404615|25234.404615,0.000000,0.000000,0.000000
Drone 3: 0 158 75 86 188 90 0 135 0 182 63 0 69 142 0 118 103 0 42 74 130 57 0 66 148 0 138 0 47 112 0 5 127 0 65 0 45 0 159 172 0 198 1 0 |Drone Time: 25242.838405|25242.838405,0.000000,0.000000,0.000000
Drone 4: 0 92 32 0 27 160 0 144 0 126 82 0 95 164 0 46 44 107 0 199 109 73 0 167 0 15 113 0 58 110 0 72 0 79 0 196 0 116 0 101 10 0 50 0 |Drone Time: 25143.194221|25143.194221,0.000000,0.000000,0.000000
Drone 5: 0 93 186 0 18 154 0 36 187 189 34 0 13 52 108 0 114 178 0 121 139 150 33 0 7 0 174 0 64 67 24 0 161 0 104 91 100 192 0 117 0 136 0 68 0 77 0 170 0 |Drone Time: 25207.900406|25207.900406,0.000000,0.000000,0.000000
Total validation: Makespan=25244.097696, Deadline violation=0.000000, Energy violation=0.000000, Capacity violation=0.000000
