Instance: 200.10.4
Customer group: 200
Repetition: 2
Experiment strategy: random
Gamma set: 
Gamma1: 
Gamma2: 
Gamma3: 
Gamma4: 
Experiment seed: 43
Solver exit code: 0
Neighborhood selection: random
Random seed: 43
Simulated annealing: disabled
Diversification: disabled
Initial solution cost: 10057.525404
Improved solution cost: 7431.044744
Worst solution cost: 7431.044744
Mean solution cost: 7431.044744
Mean elapsed time: 1639.839336 seconds
Final solution feasibility: FEASIBLE
Solution Details:
Truck Routes:
Truck 1: 0 84 59 136 41 176 108 48 115 0 131 151 149 0 102 68 35 0 |Truck Time: 7403.767502|7403.767502,0.000000,0.000000,0.000000
Truck 2: 0 90 178 54 63 175 49 1 30 3 23 0 46 99 0 156 127 39 58 25 199 105 187 0 |Truck Time: 7414.968025|7414.968025,0.000000,0.000000,0.000000
Truck 3: 0 196 43 129 91 42 0 70 37 112 71 77 0 21 19 171 27 137 62 163 0 |Truck Time: 7419.663343|7419.663343,0.000000,0.000000,0.000000
Truck 4: 0 198 185 119 170 165 195 82 57 157 0 20 138 169 145 158 0 78 60 33 61 111 0 |Truck Time: 7336.477114|7336.477114,0.000000,0.000000,0.000000
Truck 5: 0 143 162 117 83 126 4 86 193 73 16 153 5 0 190 51 10 0 189 121 168 85 64 116 0 |Truck Time: 7431.044744|7431.044744,0.000000,0.000000,0.000000
Drone Routes:
Drone 1: 0 12 22 154 0 124 179 0 155 32 109 194 0 74 188 0 174 161 0 9 88 0 106 0 13 56 0 197 144 98 0 24 0 52 0 96 0 |Drone Time: 7391.424952|7391.424952,0.000000,0.000000,0.000000
Drone 2: 0 160 0 150 173 0 132 50 76 0 113 122 0 103 31 0 28 0 87 0 8 44 67 0 184 0 100 128 0 110 0 182 0 |Drone Time: 7331.622804|7331.622804,0.000000,0.000000,0.000000
Drone 3: 0 192 141 6 0 79 0 65 123 66 0 14 69 0 17 2 0 55 0 167 0 148 133 0 94 0 92 0 104 0 81 0 200 0 |Drone Time: 7230.840717|7230.840717,0.000000,0.000000,0.000000
Drone 4: 0 53 159 152 0 139 95 164 0 15 181 0 114 125 0 97 191 0 118 7 0 29 177 0 18 36 0 101 11 0 38 93 0 186 0 140 0 |Drone Time: 7383.788912|7383.788912,0.000000,0.000000,0.000000
Drone 5: 0 75 34 0 130 0 72 0 147 180 0 26 0 40 166 0 89 107 80 0 47 0 45 0 120 135 0 172 183 146 0 134 142 0 |Drone Time: 7424.188391|7424.188391,0.000000,0.000000,0.000000
Total validation: Makespan=7431.044744, Deadline violation=0.000000, Energy violation=0.000000, Capacity violation=0.000000
