Instance: 200.40.1
Customer group: 200
Repetition: 1
Experiment strategy: adaptive
Gamma set: g4
Gamma1: 0.5
Gamma2: 0.3
Gamma3: 0.1
Gamma4: 0.6
Experiment seed: 42
Solver exit code: 0
Neighborhood selection: adaptive
Adaptive parameters: 0.500000 0.300000 0.100000 0.600000
Random seed: 42
Simulated annealing: disabled
Diversification: disabled
Initial solution cost: 37266.015186
Improved solution cost: 27729.487601
Worst solution cost: 27729.487601
Mean solution cost: 27729.487601
Mean elapsed time: 13253.824389 seconds
Final solution feasibility: FEASIBLE
Solution Details:
Truck Routes:
Truck 1: 0 192 59 0 89 0 106 151 58 0 55 66 0 162 53 0 |Truck Time: 27506.173076|27506.173076,0.000000,0.000000,0.000000
Truck 2: 0 13 0 144 96 0 148 181 0 184 107 6 121 0 37 11 0 65 163 0 |Truck Time: 27729.487601|27729.487601,0.000000,0.000000,0.000000
Truck 3: 0 70 77 0 200 22 64 2 0 125 78 108 0 18 158 0 88 54 0 109 154 143 36 100 135 129 0 |Truck Time: 27615.213840|27615.213840,0.000000,0.000000,0.000000
Truck 4: 0 188 176 56 0 193 0 116 199 190 0 42 0 104 52 57 63 0 |Truck Time: 27430.046492|27430.046492,0.000000,0.000000,0.000000
Truck 5: 0 131 0 14 0 183 122 102 0 133 43 76 0 155 0 30 0 20 0 |Truck Time: 27510.328943|27510.328943,0.000000,0.000000,0.000000
Drone Routes:
Drone 1: 0 170 120 40 0 71 132 45 0 26 83 0 92 25 0 15 157 0 34 97 111 0 72 191 0 179 23 27 126 0 124 4 0 79 0 147 95 0 164 0 1 47 0 75 10 0 |Drone Time: 27666.279328|27666.279328,0.000000,0.000000,0.000000
Drone 2: 0 159 0 80 136 0 166 0 50 139 24 0 145 175 0 46 0 160 44 31 35 38 114 0 16 101 0 168 0 49 194 0 150 67 0 161 171 0 140 112 0 |Drone Time: 27719.005287|27719.005287,0.000000,0.000000,0.000000
Drone 3: 0 138 0 41 0 5 0 128 60 189 0 99 0 33 51 0 68 61 177 0 93 0 165 0 167 105 0 169 48 0 117 198 0 62 0 74 0 3 156 0 |Drone Time: 27706.776073|27706.776073,0.000000,0.000000,0.000000
Drone 4: 0 197 0 174 98 0 195 110 0 141 172 0 87 0 12 86 142 187 0 21 0 39 173 0 137 7 0 90 85 0 94 113 0 91 19 81 153 0 73 0 |Drone Time: 27683.060101|27683.060101,0.000000,0.000000,0.000000
Drone 5: 0 115 0 178 82 0 17 84 32 0 185 8 0 69 186 0 196 119 0 9 123 146 0 118 0 152 0 29 149 180 0 127 0 103 182 0 134 0 28 130 0 |Drone Time: 27705.279333|27705.279333,0.000000,0.000000,0.000000
Total validation: Makespan=27729.487601, Deadline violation=0.000000, Energy violation=0.000000, Capacity violation=0.000000
