Instance: 200.30.3
Customer group: 200
Repetition: 2
Experiment strategy: cyclic
Gamma set: 
Gamma1: 
Gamma2: 
Gamma3: 
Gamma4: 
Experiment seed: 43
Solver exit code: 0
Neighborhood selection: cyclic
Random seed: 43
Simulated annealing: disabled
Diversification: disabled
Initial solution cost: 31531.732818
Improved solution cost: 23739.578465
Worst solution cost: 23739.578465
Mean solution cost: 23739.578465
Mean elapsed time: 1711.401204 seconds
Final solution feasibility: FEASIBLE
Solution Details:
Truck Routes:
Truck 1: 0 175 0 92 69 3 0 16 44 148 0 64 197 121 161 178 133 0 145 152 0 |Truck Time: 23718.511305|23718.511305,0.000000,0.000000,0.000000
Truck 2: 0 176 144 0 83 60 191 0 154 128 108 0 131 107 179 165 130 0 45 56 115 181 0 |Truck Time: 23597.739826|23597.739826,0.000000,0.000000,0.000000
Truck 3: 0 41 47 0 36 95 87 0 170 0 143 0 90 13 123 7 93 0 86 142 9 0 |Truck Time: 23367.543935|23367.543935,0.000000,0.000000,0.000000
Truck 4: 0 194 0 163 160 164 162 0 166 24 149 0 55 0 58 2 0 |Truck Time: 23640.602366|23640.602366,0.000000,0.000000,0.000000
Truck 5: 0 124 114 116 0 153 82 0 59 20 0 118 39 68 104 0 101 140 0 |Truck Time: 23739.578465|23739.578465,0.000000,0.000000,0.000000
Drone Routes:
Drone 1: 0 42 0 172 0 12 31 48 0 105 0 70 0 77 0 11 0 28 40 193 0 117 0 146 0 78 0 72 0 14 0 50 57 89 0 88 113 0 |Drone Time: 23693.242838|23693.242838,0.000000,0.000000,0.000000
Drone 2: 0 76 0 132 5 51 38 0 54 189 156 100 0 53 198 0 138 167 0 26 120 29 0 184 25 23 0 8 79 66 0 126 0 73 0 103 199 0 80 0 187 102 0 182 0 |Drone Time: 23724.216208|23724.216208,0.000000,0.000000,0.000000
Drone 3: 0 35 155 0 27 195 188 0 94 159 169 91 0 141 98 0 137 0 65 1 0 10 0 19 185 17 0 62 18 0 196 21 0 111 119 0 147 150 0 67 22 0 129 0 |Drone Time: 23638.169979|23638.169979,0.000000,0.000000,0.000000
Drone 4: 0 43 37 0 99 85 0 71 0 46 52 173 0 183 190 0 180 125 0 30 200 0 4 127 0 158 0 49 157 0 97 0 96 34 0 84 0 110 0 15 136 0 |Drone Time: 23625.445840|23625.445840,0.000000,0.000000,0.000000
Drone 5: 0 6 139 0 33 81 0 171 0 174 0 135 151 74 109 0 134 0 63 0 61 0 177 0 112 0 75 168 0 186 0 192 106 0 122 32 0 |Drone Time: 23693.044042|23693.044042,0.000000,0.000000,0.000000
Total validation: Makespan=23739.578465, Deadline violation=0.000000, Energy violation=0.000000, Capacity violation=0.000000
