Instance: 200.10.2
Customer group: 200
Repetition: 2
Experiment strategy: adaptive
Gamma set: g1
Gamma1: 0.3
Gamma2: 0.2
Gamma3: 0.1
Gamma4: 0.3
Experiment seed: 43
Solver exit code: 0
Neighborhood selection: adaptive
Adaptive parameters: 0.300000 0.200000 0.100000 0.300000
Random seed: 43
Simulated annealing: disabled
Diversification: disabled
Initial solution cost: 10713.597281
Improved solution cost: 7878.253373
Worst solution cost: 7878.253373
Mean solution cost: 7878.253373
Mean elapsed time: 1540.645511 seconds
Final solution feasibility: FEASIBLE
Solution Details:
Truck Routes:
Truck 1: 0 25 141 20 0 152 45 37 87 169 61 0 125 123 12 188 1 0 |Truck Time: 7797.213263|7797.213263,0.000000,0.000000,0.000000
Truck 2: 0 171 94 31 153 119 154 0 41 91 95 149 185 0 131 113 129 115 167 0 |Truck Time: 7870.210314|7870.210314,0.000000,0.000000,0.000000
Truck 3: 0 10 55 161 184 88 183 175 0 57 7 156 63 180 3 0 122 64 182 96 0 |Truck Time: 7878.253373|7878.253373,0.000000,0.000000,0.000000
Truck 4: 0 99 14 60 166 93 100 137 158 120 114 0 143 192 139 0 73 110 112 82 150 98 90 128 0 |Truck Time: 7806.119072|7806.119072,0.000000,0.000000,0.000000
Truck 5: 0 164 200 66 111 0 4 49 9 80 0 187 136 0 29 196 162 53 36 133 38 76 0 |Truck Time: 7830.199221|7830.199221,0.000000,0.000000,0.000000
Drone Routes:
Drone 1: 0 155 108 0 160 118 0 124 11 168 0 15 104 0 103 0 5 46 0 65 0 84 163 0 13 126 0 144 0 130 0 |Drone Time: 7872.217977|7872.217977,0.000000,0.000000,0.000000
Drone 2: 0 146 40 0 0 157 97 121 0 85 24 0 2 0 193 101 102 23 0 28 39 172 0 117 59 0 147 0 56 0 145 78 0 30 0 135 0 |Drone Time: 7858.353099|7858.353099,0.000000,0.000000,0.000000
Drone 3: 0 174 178 159 0 176 77 0 54 198 52 0 62 18 67 0 190 177 138 0 8 92 107 0 32 165 0 199 81 0 194 0 74 0 51 0 148 0 181 0 |Drone Time: 7846.585983|7846.585983,0.000000,0.000000,0.000000
Drone 4: 0 186 105 140 0 195 0 48 22 0 16 75 0 70 0 132 68 72 0 21 0 27 0 134 0 173 0 179 35 0 83 0 19 0 |Drone Time: 7861.566019|7861.566019,0.000000,0.000000,0.000000
Drone 5: 0 26 0 116 127 142 0 151 0 17 89 0 42 71 47 0 197 33 0 109 6 170 0 44 191 0 50 0 69 86 0 34 0 79 43 106 0 189 58 0 |Drone Time: 7862.504601|7862.504601,0.000000,0.000000,0.000000
Total validation: Makespan=7878.253373, Deadline violation=0.000000, Energy violation=0.000000, Capacity violation=0.000000
