Instance: 200.30.2
Customer group: 200
Repetition: 5
Experiment strategy: cyclic
Gamma set: 
Gamma1: 
Gamma2: 
Gamma3: 
Gamma4: 
Experiment seed: 46
Solver exit code: 0
Neighborhood selection: cyclic
Random seed: 46
Simulated annealing: disabled
Diversification: disabled
Initial solution cost: 31760.066328
Improved solution cost: 19964.483736
Worst solution cost: 19964.483736
Mean solution cost: 19964.483736
Mean elapsed time: 1089.754661 seconds
Final solution feasibility: FEASIBLE
Solution Details:
Truck Routes:
Truck 1: 0 77 0 87 126 96 0 12 119 175 0 193 176 27 169 0 |Truck Time: 19964.483736|19964.483736,0.000000,0.000000,0.000000
Truck 2: 0 146 140 76 0 7 0 133 20 85 92 161 0 101 82 125 134 0 63 21 28 137 172 0 5 73 0 |Truck Time: 19959.043082|19959.043082,0.000000,0.000000,0.000000
Truck 3: 0 48 103 178 0 130 16 91 74 0 100 160 25 141 0 23 139 60 52 0 |Truck Time: 19962.284493|19962.284493,0.000000,0.000000,0.000000
Truck 4: 0 46 49 174 86 75 0 13 111 0 44 185 147 0 184 150 113 43 155 0 |Truck Time: 19760.055577|19760.055577,0.000000,0.000000,0.000000
Truck 5: 0 80 51 142 0 19 33 0 69 191 131 68 0 54 162 186 61 47 112 0 56 10 183 116 135 0 |Truck Time: 19929.587114|19929.587114,0.000000,0.000000,0.000000
Drone Routes:
Drone 1: 0 153 45 0 66 143 166 35 0 37 53 170 0 70 152 115 0 97 128 0 159 144 0 41 50 105 195 0 156 24 0 83 17 148 0 34 15 0 |Drone Time: 19930.630385|19930.630385,0.000000,0.000000,0.000000
Drone 2: 0 168 173 0 177 0 121 145 88 0 187 67 95 0 179 124 0 127 38 0 188 104 0 89 31 197 0 30 79 59 0 78 120 84 0 3 164 0 171 40 0 |Drone Time: 19913.518356|19913.518356,0.000000,0.000000,0.000000
Drone 3: 0 114 0 65 0 81 154 36 9 0 98 0 99 64 0 118 0 107 108 122 0 196 0 18 0 32 117 0 189 26 0 72 138 0 163 123 0 1 4 0 |Drone Time: 19948.053436|19948.053436,0.000000,0.000000,0.000000
Drone 4: 0 2 0 11 0 106 42 22 0 200 0 129 0 132 167 0 110 94 0 158 102 0 190 0 198 57 0 182 0 93 199 0 8 194 0 |Drone Time: 19920.301619|19920.301619,0.000000,0.000000,0.000000
Drone 5: 0 180 181 0 6 0 14 165 0 71 0 58 0 62 0 39 0 149 0 136 0 90 0 109 192 0 151 157 0 55 29 0 |Drone Time: 19899.764984|19899.764984,0.000000,0.000000,0.000000
Total validation: Makespan=19964.483736, Deadline violation=0.000000, Energy violation=0.000000, Capacity violation=0.000000
