Instance: 200.10.2
Customer group: 200
Repetition: 4
Experiment strategy: random
Gamma set: 
Gamma1: 
Gamma2: 
Gamma3: 
Gamma4: 
Experiment seed: 45
Solver exit code: 0
Neighborhood selection: random
Random seed: 45
Simulated annealing: disabled
Diversification: disabled
Initial solution cost: 10569.697666
Improved solution cost: 7539.492369
Worst solution cost: 7539.492369
Mean solution cost: 7539.492369
Mean elapsed time: 1979.553386 seconds
Final solution feasibility: FEASIBLE
Solution Details:
Truck Routes:
Truck 1: 0 138 32 144 40 95 111 0 60 120 119 199 0 98 125 150 104 17 112 123 200 0 |Truck Time: 7539.492369|7539.492369,0.000000,0.000000,0.000000
Truck 2: 0 19 30 99 0 81 78 94 157 0 193 36 172 9 33 160 184 88 8 0 136 0 |Truck Time: 7417.961591|7417.961591,0.000000,0.000000,0.000000
Truck 3: 0 166 154 0 135 56 158 137 122 64 100 93 180 3 179 0 4 133 130 121 80 38 76 175 187 0 |Truck Time: 7421.945525|7421.945525,0.000000,0.000000,0.000000
Truck 4: 0 37 140 87 147 0 110 34 189 91 128 0 14 115 113 129 24 84 0 |Truck Time: 7521.702045|7521.702045,0.000000,0.000000,0.000000
Truck 5: 0 61 134 103 117 45 186 105 0 169 124 50 141 20 25 148 79 0 162 51 83 10 0 |Truck Time: 7538.489849|7538.489849,0.000000,0.000000,0.000000
Drone Routes:
Drone 1: 0 82 18 72 0 106 0 176 0 132 68 0 174 178 159 0 85 0 28 39 118 155 0 196 161 0 92 107 102 0 96 0 41 0 181 0 |Drone Time: 7531.946154|7531.946154,0.000000,0.000000,0.000000
Drone 2: 0 23 0 42 21 146 0 69 11 191 0 48 171 0 190 1 145 0 127 168 0 195 0 55 0 90 89 73 0 194 198 0 192 0 31 0 |Drone Time: 7507.034434|7507.034434,0.000000,0.000000,0.000000
Drone 3: 0 70 0 13 67 12 52 0 151 62 0 5 46 0 57 165 0 16 15 0 149 0 22 75 0 66 0 139 0 35 114 0 |Drone Time: 7536.629582|7536.629582,0.000000,0.000000,0.000000
Drone 4: 0 97 152 0 2 0 142 197 49 0 143 54 0 65 0 109 0 6 77 27 0 188 58 0 173 0 183 53 0 86 44 0 101 108 126 0 |Drone Time: 7405.289378|7405.289378,0.000000,0.000000,0.000000
Drone 5: 0 59 0 170 71 7 0 74 0 182 0 153 163 0 156 177 43 0 63 0 47 0 26 0 167 131 0 116 29 0 164 0 185 0 |Drone Time: 7527.233350|7527.233350,0.000000,0.000000,0.000000
Total validation: Makespan=7539.492369, Deadline violation=0.000000, Energy violation=0.000000, Capacity violation=0.000000
