Instance: 200.20.1
Customer group: 200
Repetition: 4
Experiment strategy: cyclic
Gamma set: 
Gamma1: 
Gamma2: 
Gamma3: 
Gamma4: 
Experiment seed: 45
Solver exit code: 0
Neighborhood selection: cyclic
Random seed: 45
Simulated annealing: disabled
Diversification: disabled
Initial solution cost: 20939.579680
Improved solution cost: 15894.051872
Worst solution cost: 15894.051872
Mean solution cost: 15894.051872
Mean elapsed time: 1008.215511 seconds
Final solution feasibility: FEASIBLE
Solution Details:
Truck Routes:
Truck 1: 0 53 115 0 85 46 0 158 0 182 0 98 57 0 |Truck Time: 15868.113720|15868.113720,0.000000,0.000000,0.000000
Truck 2: 0 19 100 92 2 200 3 42 0 187 122 0 123 33 0 150 87 103 41 160 81 0 118 190 0 |Truck Time: 15837.416233|15837.416233,0.000000,0.000000,0.000000
Truck 3: 0 94 141 32 0 132 97 73 0 124 156 18 178 0 67 147 13 145 0 |Truck Time: 15894.051872|15894.051872,0.000000,0.000000,0.000000
Truck 4: 0 48 89 69 29 0 146 188 0 163 78 26 0 60 40 139 137 20 173 0 83 72 17 0 |Truck Time: 15757.485314|15757.485314,0.000000,0.000000,0.000000
Truck 5: 0 79 65 35 0 11 0 161 192 5 107 0 0 66 49 170 0 142 0 |Truck Time: 15850.878901|15850.878901,0.000000,0.000000,0.000000
Drone Routes:
Drone 1: 0 30 68 25 27 0 112 191 184 62 120 54 164 0 183 74 0 34 50 0 186 0 119 131 0 174 23 0 88 0 162 14 0 121 0 101 0 7 0 |Drone Time: 15889.206092|15889.206092,0.000000,0.000000,0.000000
Drone 2: 0 16 113 77 153 171 22 0 36 38 0 114 109 181 0 56 59 1 177 144 0 93 0 194 0 102 117 199 0 151 44 0 31 105 0 95 0 61 0 99 0 154 0 |Drone Time: 15861.401777|15861.401777,0.000000,0.000000,0.000000
Drone 3: 0 106 82 70 0 175 180 75 0 155 4 10 185 45 129 12 138 0 55 133 0 127 0 21 149 0 159 52 0 148 0 135 108 0 176 0 167 0 6 0 193 0 |Drone Time: 15772.337433|15772.337433,0.000000,0.000000,0.000000
Drone 4: 0 39 189 0 165 28 111 0 51 91 0 63 15 0 157 37 0 166 198 24 0 86 0 71 140 0 116 0 9 84 0 130 47 0 76 0 128 0 |Drone Time: 15713.314064|15713.314064,0.000000,0.000000,0.000000
Drone 5: 0 197 58 0 8 196 0 152 195 125 136 0 96 0 172 143 0 64 43 0 168 0 90 104 0 126 0 80 0 110 134 0 169 0 179 0 |Drone Time: 15527.870406|15527.870406,0.000000,0.000000,0.000000
Total validation: Makespan=15894.051872, Deadline violation=0.000000, Energy violation=0.000000, Capacity violation=0.000000
