Instance: 200.20.1
Customer group: 200
Repetition: 3
Experiment strategy: cyclic
Gamma set: 
Gamma1: 
Gamma2: 
Gamma3: 
Gamma4: 
Experiment seed: 44
Solver exit code: 0
Neighborhood selection: cyclic
Random seed: 44
Simulated annealing: disabled
Diversification: disabled
Initial solution cost: 20889.757495
Improved solution cost: 14236.141694
Worst solution cost: 14236.141694
Mean solution cost: 14236.141694
Mean elapsed time: 1200.706232 seconds
Final solution feasibility: FEASIBLE
Solution Details:
Truck Routes:
Truck 1: 0 135 124 156 180 0 168 33 0 127 133 183 142 87 0 |Truck Time: 14158.038108|14158.038108,0.000000,0.000000,0.000000
Truck 2: 0 46 109 173 0 94 141 186 82 32 0 77 108 115 125 92 12 0 |Truck Time: 14053.862209|14053.862209,0.000000,0.000000,0.000000
Truck 3: 0 198 76 24 163 165 45 0 161 107 178 51 0 40 184 6 0 200 3 2 0 |Truck Time: 14215.253298|14215.253298,0.000000,0.000000,0.000000
Truck 4: 0 19 100 56 117 102 0 49 152 193 0 67 58 197 13 136 157 145 0 31 61 170 0 |Truck Time: 14157.084973|14157.084973,0.000000,0.000000,0.000000
Truck 5: 0 154 118 35 122 48 187 0 128 81 169 10 0 89 11 83 72 17 0 60 101 14 158 0 |Truck Time: 14236.141694|14236.141694,0.000000,0.000000,0.000000
Drone Routes:
Drone 1: 0 143 75 5 0 85 27 0 59 130 140 112 0 57 68 191 0 53 189 0 150 114 0 29 134 0 181 71 0 47 199 0 7 0 179 0 69 0 |Drone Time: 14232.603021|14232.603021,0.000000,0.000000,0.000000
Drone 2: 0 119 86 171 0 103 0 66 164 160 0 30 137 188 0 174 129 138 22 0 144 185 26 0 43 16 9 0 195 95 0 84 52 74 8 0 63 0 121 0 73 0 21 78 28 0 |Drone Time: 14121.843464|14121.843464,0.000000,0.000000,0.000000
Drone 3: 0 4 70 113 0 151 44 0 139 25 0 175 37 0 194 0 98 0 147 0 18 0 93 0 159 0 20 0 65 0 97 0 |Drone Time: 14227.982689|14227.982689,0.000000,0.000000,0.000000
Drone 4: 0 110 0 196 131 0 39 15 0 126 0 106 88 91 0 162 149 0 50 34 0 64 153 0 116 0 176 0 132 0 99 0 36 0 |Drone Time: 14133.107755|14133.107755,0.000000,0.000000,0.000000
Drone 5: 0 62 120 55 96 0 166 38 90 0 111 104 0 1 148 177 0 192 172 0 23 155 190 105 0 182 0 41 54 0 80 0 167 0 42 0 79 0 146 123 0 |Drone Time: 14177.541190|14177.541190,0.000000,0.000000,0.000000
Total validation: Makespan=14236.141694, Deadline violation=0.000000, Energy violation=0.000000, Capacity violation=0.000000
