Instance: 200.30.4
Customer group: 200
Repetition: 5
Experiment strategy: adaptive
Gamma set: g2
Gamma1: 0.5
Gamma2: 0.3
Gamma3: 0.1
Gamma4: 0.3
Experiment seed: 46
Solver exit code: 0
Neighborhood selection: adaptive
Adaptive parameters: 0.500000 0.300000 0.100000 0.300000
Random seed: 46
Simulated annealing: disabled
Diversification: disabled
Initial solution cost: 30857.673727
Improved solution cost: 25476.559657
Worst solution cost: 25476.559657
Mean solution cost: 25476.559657
Mean elapsed time: 1742.555950 seconds
Final solution feasibility: FEASIBLE
Solution Details:
Truck Routes:
Truck 1: 0 20 38 143 190 0 54 14 196 124 0 9 2 59 28 0 133 0 46 0 |Truck Time: 25099.022118|25099.022118,0.000000,0.000000,0.000000
Truck 2: 0 184 0 107 1 0 177 0 26 157 0 135 123 37 73 80 0 66 77 0 142 183 149 0 |Truck Time: 25476.559657|25476.559657,0.000000,0.000000,0.000000
Truck 3: 0 151 0 104 39 194 0 102 74 33 0 61 3 185 0 145 98 198 0 51 176 85 0 |Truck Time: 25463.570527|25463.570527,0.000000,0.000000,0.000000
Truck 4: 0 156 0 40 0 131 0 60 0 19 191 0 136 44 197 0 83 155 84 31 0 |Truck Time: 25336.963039|25336.963039,0.000000,0.000000,0.000000
Truck 5: 0 168 4 0 166 0 43 122 0 16 87 0 163 119 89 0 63 0 |Truck Time: 25318.655970|25318.655970,0.000000,0.000000,0.000000
Drone Routes:
Drone 1: 0 48 169 0 140 0 182 35 165 0 134 164 0 186 78 100 91 55 0 192 45 200 0 128 57 10 0 147 0 158 126 86 188 0 175 111 0 62 0 153 0 117 0 12 120 0 68 0 |Drone Time: 25400.689201|25400.689201,0.000000,0.000000,0.000000
Drone 2: 0 23 0 92 172 0 105 129 113 0 36 32 70 0 27 141 0 127 0 137 109 0 180 0 179 0 52 22 0 82 148 0 93 0 114 0 174 132 0 101 159 0 |Drone Time: 25417.217648|25417.217648,0.000000,0.000000,0.000000
Drone 3: 0 187 47 0 195 0 94 0 42 99 0 81 15 146 0 167 0 116 0 69 0 21 0 193 0 18 71 0 34 75 170 0 150 0 173 0 25 0 13 72 0 |Drone Time: 25422.712905|25422.712905,0.000000,0.000000,0.000000
Drone 4: 0 8 189 112 0 97 138 199 0 103 130 0 162 0 88 125 67 0 118 58 0 7 0 95 160 0 139 6 0 11 0 79 0 65 0 49 0 161 0 181 0 |Drone Time: 25475.007422|25475.007422,0.000000,0.000000,0.000000
Drone 5: 0 152 0 110 178 115 0 121 0 144 0 41 108 0 90 154 0 24 30 0 53 5 0 29 0 96 0 76 0 106 0 56 0 17 0 171 0 50 64 0 |Drone Time: 25439.180504|25439.180504,0.000000,0.000000,0.000000
Total validation: Makespan=25476.559657, Deadline violation=0.000000, Energy violation=0.000000, Capacity violation=0.000000
