Instance: 200.10.2
Customer group: 200
Repetition: 5
Experiment strategy: adaptive
Gamma set: g1
Gamma1: 0.3
Gamma2: 0.2
Gamma3: 0.1
Gamma4: 0.3
Experiment seed: 46
Solver exit code: 0
Neighborhood selection: adaptive
Adaptive parameters: 0.300000 0.200000 0.100000 0.300000
Random seed: 46
Simulated annealing: disabled
Diversification: disabled
Initial solution cost: 10958.821141
Improved solution cost: 7666.610383
Worst solution cost: 7666.610383
Mean solution cost: 7666.610383
Mean elapsed time: 1762.707692 seconds
Final solution feasibility: FEASIBLE
Solution Details:
Truck Routes:
Truck 1: 0 58 198 70 147 87 141 103 117 134 0 135 137 182 173 64 122 0 41 0 |Truck Time: 7539.745764|7539.745764,0.000000,0.000000,0.000000
Truck 2: 0 199 32 144 16 48 93 166 153 60 119 99 0 154 174 74 159 0 190 63 195 7 2 57 0 |Truck Time: 7608.023710|7608.023710,0.000000,0.000000,0.000000
Truck 3: 0 13 175 126 162 83 51 10 6 0 179 181 120 106 0 33 155 84 113 129 19 0 |Truck Time: 7666.610383|7666.610383,0.000000,0.000000,0.000000
Truck 4: 0 86 50 140 11 0 40 95 111 66 78 136 0 82 112 17 34 128 0 |Truck Time: 7657.470157|7657.470157,0.000000,0.000000,0.000000
Truck 5: 0 169 148 130 4 0 38 76 88 184 160 127 133 36 0 1 98 104 12 123 200 0 |Truck Time: 7653.979654|7653.979654,0.000000,0.000000,0.000000
Drone Routes:
Drone 1: 0 125 5 0 9 97 0 53 29 0 102 108 0 65 177 0 158 138 0 109 163 0 44 191 0 171 67 81 0 151 145 0 30 167 0 94 0 |Drone Time: 7661.015673|7661.015673,0.000000,0.000000,0.000000
Drone 2: 0 107 115 0 8 0 149 0 31 121 0 139 0 188 189 0 56 0 197 183 0 96 0 114 178 0 164 0 52 192 0 170 14 0 |Drone Time: 7666.277632|7666.277632,0.000000,0.000000,0.000000
Drone 3: 0 46 37 0 90 72 73 0 43 165 3 35 0 27 77 0 196 55 0 68 194 62 0 21 0 161 92 0 45 0 54 143 0 18 110 0 61 0 |Drone Time: 7664.067880|7664.067880,0.000000,0.000000,0.000000
Drone 4: 0 24 116 0 71 156 146 0 20 28 39 0 42 22 15 0 91 89 0 75 0 47 0 124 0 180 0 80 25 0 142 49 0 187 193 0 |Drone Time: 7652.011209|7652.011209,0.000000,0.000000,0.000000
Drone 5: 0 150 0 85 118 101 0 168 69 0 105 152 59 0 186 157 0 176 0 185 0 100 0 23 79 132 0 172 0 26 0 131 0 |Drone Time: 7662.871885|7662.871885,0.000000,0.000000,0.000000
Total validation: Makespan=7666.610383, Deadline violation=0.000000, Energy violation=0.000000, Capacity violation=0.000000
