Instance: 200.30.3
Customer group: 200
Repetition: 5
Experiment strategy: adaptive
Gamma set: g2
Gamma1: 0.5
Gamma2: 0.3
Gamma3: 0.1
Gamma4: 0.3
Experiment seed: 46
Solver exit code: 0
Neighborhood selection: adaptive
Adaptive parameters: 0.500000 0.300000 0.100000 0.300000
Random seed: 46
Simulated annealing: disabled
Diversification: disabled
Initial solution cost: 32741.789056
Improved solution cost: 22179.091495
Worst solution cost: 22179.091495
Mean solution cost: 22179.091495
Mean elapsed time: 1125.033454 seconds
Final solution feasibility: FEASIBLE
Solution Details:
Truck Routes:
Truck 1: 0 64 197 0 148 2 0 47 0 96 11 143 0 56 115 181 0 |Truck Time: 22179.091495|22179.091495,0.000000,0.000000,0.000000
Truck 2: 0 60 6 187 0 86 9 103 0 90 162 167 0 178 124 116 0 98 160 78 0 |Truck Time: 22149.246250|22149.246250,0.000000,0.000000,0.000000
Truck 3: 0 182 186 102 0 12 10 173 0 144 0 125 32 118 36 104 0 89 38 172 0 |Truck Time: 22170.365996|22170.365996,0.000000,0.000000,0.000000
Truck 4: 0 112 117 198 0 55 65 71 0 1 175 130 0 18 121 101 161 0 128 154 13 108 0 |Truck Time: 22088.661751|22088.661751,0.000000,0.000000,0.000000
Truck 5: 0 87 95 39 68 41 0 149 196 191 0 163 59 20 195 164 22 0 131 179 83 0 |Truck Time: 22173.224346|22173.224346,0.000000,0.000000,0.000000
Drone Routes:
Drone 1: 0 140 135 109 48 0 177 0 70 0 14 0 77 0 24 0 80 127 0 133 0 3 0 4 199 0 23 25 0 69 37 0 52 0 114 34 0 |Drone Time: 22145.398310|22145.398310,0.000000,0.000000,0.000000
Drone 2: 0 61 0 44 0 137 0 26 63 0 72 0 5 122 0 150 185 0 73 189 0 43 100 0 188 157 174 0 151 81 79 0 193 28 0 170 0 |Drone Time: 22178.651264|22178.651264,0.000000,0.000000,0.000000
Drone 3: 0 92 54 0 91 190 169 120 183 0 111 119 0 29 0 176 0 132 88 51 0 45 0 8 31 0 152 16 0 7 0 93 94 0 50 126 0 76 113 0 17 147 0 |Drone Time: 22084.645477|22084.645477,0.000000,0.000000,0.000000
Drone 4: 0 66 145 0 180 0 97 27 0 106 168 0 35 155 53 0 158 0 134 0 58 153 0 156 19 107 0 99 75 0 21 15 139 0 194 0 74 129 0 |Drone Time: 22137.555106|22137.555106,0.000000,0.000000,0.000000
Drone 5: 0 49 67 0 82 0 30 0 192 57 159 141 0 136 166 0 123 138 0 85 62 200 0 184 110 0 84 46 0 171 0 146 0 40 42 0 33 142 0 165 105 0 |Drone Time: 22122.760539|22122.760539,0.000000,0.000000,0.000000
Total validation: Makespan=22179.091495, Deadline violation=0.000000, Energy violation=0.000000, Capacity violation=0.000000
