Instance: 200.10.2
Customer group: 200
Repetition: 3
Experiment strategy: cyclic
Gamma set: 
Gamma1: 
Gamma2: 
Gamma3: 
Gamma4: 
Experiment seed: 44
Solver exit code: 0
Neighborhood selection: cyclic
Random seed: 44
Simulated annealing: disabled
Diversification: disabled
Initial solution cost: 9865.494048
Improved solution cost: 7736.721633
Worst solution cost: 7736.721633
Mean solution cost: 7736.721633
Mean elapsed time: 1852.195679 seconds
Final solution feasibility: FEASIBLE
Solution Details:
Truck Routes:
Truck 1: 0 8 55 162 175 0 65 93 135 120 27 0 16 63 7 2 75 47 187 0 |Truck Time: 7671.434021|7671.434021,0.000000,0.000000,0.000000
Truck 2: 0 193 14 99 0 110 18 112 17 123 150 200 189 91 151 128 0 70 52 139 188 58 98 198 164 90 1 41 0 |Truck Time: 7736.721633|7736.721633,0.000000,0.000000,0.000000
Truck 3: 0 169 148 20 80 172 49 130 4 0 66 34 95 149 111 185 31 0 179 180 144 40 0 |Truck Time: 7646.303898|7646.303898,0.000000,0.000000,0.000000
Truck 4: 0 100 137 56 163 64 122 60 153 119 154 0 158 159 0 147 191 86 0 |Truck Time: 7572.191879|7572.191879,0.000000,0.000000,0.000000
Truck 5: 0 19 181 74 114 166 190 0 141 117 46 45 59 69 61 0 33 184 161 155 107 0 |Truck Time: 7722.731099|7722.731099,0.000000,0.000000,0.000000
Drone Routes:
Drone 1: 0 140 105 186 0 6 92 101 0 81 197 183 0 113 0 68 194 62 0 156 0 3 0 36 196 0 26 0 76 0 30 0 143 0 |Drone Time: 7642.162326|7642.162326,0.000000,0.000000,0.000000
Drone 2: 0 109 0 138 77 24 118 0 152 121 0 136 72 73 0 12 104 0 21 0 133 142 0 78 0 173 0 103 0 157 145 0 106 116 0 |Drone Time: 7735.467472|7735.467472,0.000000,0.000000,0.000000
Drone 3: 0 25 168 0 125 67 0 199 171 89 0 85 53 0 170 57 0 129 0 182 0 88 0 51 0 131 0 50 0 38 0 |Drone Time: 7707.059526|7707.059526,0.000000,0.000000,0.000000
Drone 4: 0 48 22 0 11 37 28 39 97 0 126 108 0 176 42 71 0 94 82 0 35 43 195 0 44 124 0 132 54 0 79 23 174 0 115 0 134 0 |Drone Time: 7729.989799|7729.989799,0.000000,0.000000,0.000000
Drone 5: 0 9 5 0 87 0 102 127 0 32 146 177 0 165 15 178 0 13 84 0 96 0 160 0 29 167 0 10 0 83 0 192 0 |Drone Time: 7722.493027|7722.493027,0.000000,0.000000,0.000000
Total validation: Makespan=7736.721633, Deadline violation=0.000000, Energy violation=0.000000, Capacity violation=0.000000
