Instance: 200.30.4
Customer group: 200
Repetition: 5
Experiment strategy: adaptive
Gamma set: g3
Gamma1: 0.3
Gamma2: 0.2
Gamma3: 0.1
Gamma4: 0.6
Experiment seed: 46
Solver exit code: 0
Neighborhood selection: adaptive
Adaptive parameters: 0.300000 0.200000 0.100000 0.600000
Random seed: 46
Simulated annealing: disabled
Diversification: disabled
Initial solution cost: 30857.673727
Improved solution cost: 26662.935770
Worst solution cost: 26662.935770
Mean solution cost: 26662.935770
Mean elapsed time: 1046.605737 seconds
Final solution feasibility: FEASIBLE
Solution Details:
Truck Routes:
Truck 1: 0 168 0 196 4 0 163 20 0 66 119 0 133 132 0 |Truck Time: 26603.118340|26603.118340,0.000000,0.000000,0.000000
Truck 2: 0 107 80 0 44 0 177 0 190 0 135 136 87 0 9 2 82 0 142 183 22 0 |Truck Time: 26649.295703|26649.295703,0.000000,0.000000,0.000000
Truck 3: 0 31 157 89 0 104 39 194 0 43 122 0 61 3 185 0 102 74 0 51 176 85 0 |Truck Time: 26566.241000|26566.241000,0.000000,0.000000,0.000000
Truck 4: 0 73 0 40 0 198 0 123 37 184 0 19 191 0 110 197 0 186 38 124 151 0 |Truck Time: 26589.108823|26589.108823,0.000000,0.000000,0.000000
Truck 5: 0 50 64 0 12 60 0 137 0 156 166 0 145 98 139 0 131 0 59 28 0 |Truck Time: 26662.935770|26662.935770,0.000000,0.000000,0.000000
Drone Routes:
Drone 1: 0 48 42 169 0 143 14 0 182 35 148 0 55 149 0 16 100 91 52 0 45 192 200 0 128 57 109 0 147 0 158 126 86 188 0 175 111 0 62 0 153 0 117 0 25 120 0 68 0 |Drone Time: 25843.740608|25843.740608,0.000000,0.000000,0.000000
Drone 2: 0 5 23 0 92 172 0 138 130 0 36 70 32 0 27 141 0 127 0 26 1 97 0 180 0 179 0 47 112 0 134 164 0 93 0 96 0 116 0 155 0 101 159 0 |Drone Time: 26635.113844|26635.113844,0.000000,0.000000,0.000000
Drone 3: 0 140 146 81 113 0 187 189 8 0 195 0 94 0 99 0 15 0 167 0 174 0 69 0 21 0 193 0 18 71 0 34 75 170 0 56 0 173 0 84 0 |Drone Time: 26644.013961|26644.013961,0.000000,0.000000,0.000000
Drone 4: 0 54 0 105 129 0 199 10 103 0 13 72 0 162 0 88 125 67 0 118 58 0 7 0 95 160 165 0 6 0 11 0 79 0 65 0 49 0 161 0 77 0 |Drone Time: 26636.927138|26636.927138,0.000000,0.000000,0.000000
Drone 5: 0 152 181 0 90 154 115 0 33 150 121 0 144 0 41 108 0 114 178 0 24 30 0 53 46 0 29 0 78 0 76 0 106 0 63 0 17 0 171 0 83 0 |Drone Time: 26604.868578|26604.868578,0.000000,0.000000,0.000000
Total validation: Makespan=26662.935770, Deadline violation=0.000000, Energy violation=0.000000, Capacity violation=0.000000
