Instance: 200.10.1
Customer group: 200
Repetition: 3
Experiment strategy: cyclic
Gamma set: 
Gamma1: 
Gamma2: 
Gamma3: 
Gamma4: 
Experiment seed: 44
Solver exit code: 0
Neighborhood selection: cyclic
Random seed: 44
Simulated annealing: disabled
Diversification: disabled
Initial solution cost: 10145.921841
Improved solution cost: 6264.846612
Worst solution cost: 6264.846612
Mean solution cost: 6264.846612
Mean elapsed time: 1524.386288 seconds
Final solution feasibility: FEASIBLE
Solution Details:
Truck Routes:
Truck 1: 0 185 49 52 198 7 99 10 101 115 125 0 122 77 33 110 134 17 76 104 28 0 |Truck Time: 6233.109130|6233.109130,0.000000,0.000000,0.000000
Truck 2: 0 124 24 69 22 137 13 157 2 181 39 41 196 148 0 177 19 87 186 142 108 0 |Truck Time: 6264.846612|6264.846612,0.000000,0.000000,0.000000
Truck 3: 0 173 32 119 0 144 132 75 100 82 96 88 135 199 140 0 15 3 151 194 90 0 |Truck Time: 6247.161606|6247.161606,0.000000,0.000000,0.000000
Truck 4: 0 86 29 190 176 139 152 167 0 195 14 58 166 0 68 57 150 4 37 155 129 35 0 |Truck Time: 6262.541331|6262.541331,0.000000,0.000000,0.000000
Truck 5: 0 6 97 92 91 159 12 192 133 27 136 117 175 0 171 9 30 111 73 78 50 0 |Truck Time: 6217.735471|6217.735471,0.000000,0.000000,0.000000
Drone Routes:
Drone 1: 0 113 0 61 114 128 0 138 93 71 0 44 0 180 0 107 0 120 42 0 60 5 0 164 36 1 0 31 153 154 0 |Drone Time: 6262.023182|6262.023182,0.000000,0.000000,0.000000
Drone 2: 0 116 26 0 123 0 146 0 94 0 121 0 169 0 45 0 109 25 0 51 21 0 172 158 187 0 48 70 162 0 |Drone Time: 6191.030022|6191.030022,0.000000,0.000000,0.000000
Drone 3: 0 174 145 0 40 149 0 127 63 189 0 59 112 0 200 46 0 83 34 80 0 72 20 0 18 0 98 103 0 141 23 0 |Drone Time: 6264.383987|6264.383987,0.000000,0.000000,0.000000
Drone 4: 0 165 102 182 0 179 143 0 67 74 0 56 0 130 170 0 16 0 193 168 0 191 85 0 11 197 64 0 81 147 0 53 178 0 |Drone Time: 6219.212890|6219.212890,0.000000,0.000000,0.000000
Drone 5: 0 38 183 105 0 43 188 0 156 79 0 161 0 95 160 47 0 55 184 0 131 8 0 65 66 106 0 163 54 0 62 0 126 118 84 0 89 0 |Drone Time: 6181.936157|6181.936157,0.000000,0.000000,0.000000
Total validation: Makespan=6264.846612, Deadline violation=0.000000, Energy violation=0.000000, Capacity violation=0.000000
