Instance: 200.20.1
Customer group: 200
Repetition: 3
Experiment strategy: adaptive
Gamma set: g3
Gamma1: 0.3
Gamma2: 0.2
Gamma3: 0.1
Gamma4: 0.6
Experiment seed: 44
Solver exit code: 0
Neighborhood selection: adaptive
Adaptive parameters: 0.300000 0.200000 0.100000 0.600000
Random seed: 44
Simulated annealing: disabled
Diversification: disabled
Initial solution cost: 20889.757495
Improved solution cost: 13041.292467
Worst solution cost: 13041.292467
Mean solution cost: 13041.292467
Mean elapsed time: 1820.554684 seconds
Final solution feasibility: FEASIBLE
Solution Details:
Truck Routes:
Truck 1: 0 97 64 108 135 63 170 0 89 29 69 173 20 48 0 133 96 183 142 87 0 |Truck Time: 12995.770048|12995.770048,0.000000,0.000000,0.000000
Truck 2: 0 152 40 158 21 0 193 0 123 53 3 200 2 0 107 13 197 58 147 157 145 0 |Truck Time: 12997.722686|12997.722686,0.000000,0.000000,0.000000
Truck 3: 0 94 141 186 73 132 0 67 5 143 148 192 0 6 36 110 60 0 |Truck Time: 13041.292467|13041.292467,0.000000,0.000000,0.000000
Truck 4: 0 161 33 105 178 51 0 115 0 85 179 46 56 155 4 0 188 23 0 100 42 0 |Truck Time: 12935.748945|12935.748945,0.000000,0.000000,0.000000
Truck 5: 0 187 122 0 126 16 81 65 66 0 83 72 11 0 118 163 76 111 35 0 |Truck Time: 13010.435029|13010.435029,0.000000,0.000000,0.000000
Drone Routes:
Drone 1: 0 88 119 113 0 129 177 75 168 0 195 84 22 0 175 37 0 54 41 38 0 32 82 0 17 0 154 185 0 184 181 0 130 31 0 92 0 95 0 |Drone Time: 12966.369740|12966.369740,0.000000,0.000000,0.000000
Drone 2: 0 28 62 166 0 140 34 0 131 0 146 199 27 25 0 8 74 26 0 55 127 0 171 86 91 43 0 18 0 139 134 0 10 0 151 44 0 |Drone Time: 12880.429307|12880.429307,0.000000,0.000000,0.000000
Drone 3: 0 138 7 0 71 0 45 144 0 164 196 52 160 106 0 120 104 0 112 57 0 191 98 137 0 165 93 0 14 162 0 159 0 101 0 128 0 190 19 0 |Drone Time: 13040.850102|13040.850102,0.000000,0.000000,0.000000
Drone 4: 0 174 0 121 0 103 0 61 0 9 169 0 78 182 0 80 0 136 189 70 0 156 180 0 109 116 0 176 0 49 0 99 0 |Drone Time: 13009.025992|13009.025992,0.000000,0.000000,0.000000
Drone 5: 0 153 77 39 0 194 15 0 198 149 24 0 114 0 59 102 1 172 0 47 117 0 30 68 50 0 12 125 124 0 150 90 0 167 0 79 0 |Drone Time: 13012.821116|13012.821116,0.000000,0.000000,0.000000
Total validation: Makespan=13041.292467, Deadline violation=0.000000, Energy violation=0.000000, Capacity violation=0.000000
