Instance: 200.10.4
Customer group: 200
Repetition: 1
Experiment strategy: cyclic
Gamma set: 
Gamma1: 
Gamma2: 
Gamma3: 
Gamma4: 
Experiment seed: 42
Solver exit code: 0
Neighborhood selection: cyclic
Random seed: 42
Simulated annealing: disabled
Diversification: disabled
Initial solution cost: 10225.385070
Improved solution cost: 7503.317093
Worst solution cost: 7503.317093
Mean solution cost: 7503.317093
Mean elapsed time: 1986.249654 seconds
Final solution feasibility: FEASIBLE
Solution Details:
Truck Routes:
Truck 1: 0 71 102 93 90 1 138 169 145 0 40 109 166 184 114 0 187 139 92 188 128 91 0 |Truck Time: 7476.015668|7476.015668,0.000000,0.000000,0.000000
Truck 2: 0 46 79 185 124 170 195 0 5 164 16 0 127 39 58 25 156 0 |Truck Time: 7490.288414|7490.288414,0.000000,0.000000,0.000000
Truck 3: 0 157 84 35 23 10 0 193 80 61 33 9 86 0 120 18 19 171 137 151 0 |Truck Time: 7503.317093|7503.317093,0.000000,0.000000,0.000000
Truck 4: 0 196 78 73 15 81 115 99 140 200 17 96 0 198 82 56 110 108 48 69 142 0 118 3 30 34 20 0 |Truck Time: 7462.526249|7462.526249,0.000000,0.000000,0.000000
Truck 5: 0 129 163 36 131 0 143 126 4 141 42 24 0 68 63 175 49 70 0 |Truck Time: 7492.188123|7492.188123,0.000000,0.000000,0.000000
Drone Routes:
Drone 1: 0 165 179 0 65 66 88 0 87 50 29 0 85 190 0 112 172 0 189 75 0 105 12 0 100 181 0 199 0 60 123 0 52 162 0 149 158 0 |Drone Time: 7461.737620|7461.737620,0.000000,0.000000,0.000000
Drone 2: 0 134 2 192 6 0 148 191 0 136 67 0 72 0 132 119 0 168 32 0 147 47 0 176 0 153 107 103 0 160 0 182 0 43 0 |Drone Time: 7400.902937|7400.902937,0.000000,0.000000,0.000000
Drone 3: 0 97 0 174 161 0 7 130 0 37 8 0 55 0 180 0 41 0 38 21 74 0 14 0 167 125 0 44 133 28 0 111 0 |Drone Time: 7484.830479|7484.830479,0.000000,0.000000,0.000000
Drone 4: 0 77 0 31 0 26 0 197 144 98 0 116 64 0 122 113 0 155 27 154 0 106 95 0 101 121 0 45 22 0 51 146 0 135 186 0 |Drone Time: 7485.957569|7485.957569,0.000000,0.000000,0.000000
Drone 5: 0 76 152 11 0 194 0 57 159 0 150 178 0 117 83 0 62 54 0 89 94 0 183 59 0 104 0 13 53 0 173 177 0 |Drone Time: 7489.251752|7489.251752,0.000000,0.000000,0.000000
Total validation: Makespan=7503.317093, Deadline violation=0.000000, Energy violation=0.000000, Capacity violation=0.000000
