Instance: 200.20.2
Customer group: 200
Repetition: 4
Experiment strategy: cyclic
Gamma set: 
Gamma1: 
Gamma2: 
Gamma3: 
Gamma4: 
Experiment seed: 45
Solver exit code: 0
Neighborhood selection: cyclic
Random seed: 45
Simulated annealing: disabled
Diversification: disabled
Initial solution cost: 18521.912597
Improved solution cost: 12746.076503
Worst solution cost: 12746.076503
Mean solution cost: 12746.076503
Mean elapsed time: 1283.811673 seconds
Final solution feasibility: FEASIBLE
Solution Details:
Truck Routes:
Truck 1: 0 43 83 0 170 155 79 145 0 120 89 9 34 50 0 |Truck Time: 12735.997484|12735.997484,0.000000,0.000000,0.000000
Truck 2: 0 179 25 87 0 185 13 181 157 0 131 164 112 38 29 194 0 80 74 132 134 52 31 0 |Truck Time: 12743.586348|12743.586348,0.000000,0.000000,0.000000
Truck 3: 0 64 149 77 172 0 59 0 126 12 124 40 192 0 188 97 111 78 47 76 0 |Truck Time: 12557.649678|12557.649678,0.000000,0.000000,0.000000
Truck 4: 0 15 117 151 0 53 2 147 0 182 143 121 0 180 187 104 176 17 10 36 0 |Truck Time: 12746.076503|12746.076503,0.000000,0.000000,0.000000
Truck 5: 0 84 68 144 91 0 146 96 174 101 41 3 0 166 156 21 118 122 127 39 0 |Truck Time: 12565.637848|12565.637848,0.000000,0.000000,0.000000
Drone Routes:
Drone 1: 0 137 0 150 88 178 0 60 130 0 48 33 0 8 58 26 0 19 20 37 0 196 100 86 18 0 160 0 183 0 191 44 0 148 0 81 0 110 163 0 |Drone Time: 12728.745835|12728.745835,0.000000,0.000000,0.000000
Drone 2: 0 109 70 0 106 173 103 0 45 136 115 0 73 16 0 123 168 0 6 0 72 0 119 0 114 162 0 56 51 0 142 165 0 193 0 |Drone Time: 12601.357936|12601.357936,0.000000,0.000000,0.000000
Drone 3: 0 154 175 199 0 90 189 0 93 66 0 61 92 138 0 42 108 133 0 128 135 0 82 141 0 152 69 23 129 0 153 62 0 57 0 22 139 0 |Drone Time: 12648.191869|12648.191869,0.000000,0.000000,0.000000
Drone 4: 0 46 99 0 35 63 0 11 197 24 0 32 190 0 30 7 14 0 195 55 75 0 67 140 169 0 95 65 167 0 161 0 107 0 113 0 159 28 0 |Drone Time: 12721.263864|12721.263864,0.000000,0.000000,0.000000
Drone 5: 0 186 1 94 0 85 54 0 71 158 0 98 116 0 4 198 102 0 49 0 105 0 27 177 0 171 0 184 0 5 0 200 0 125 0 |Drone Time: 12685.855273|12685.855273,0.000000,0.000000,0.000000
Total validation: Makespan=12746.076503, Deadline violation=0.000000, Energy violation=0.000000, Capacity violation=0.000000
