Instance: 200.30.2
Customer group: 200
Repetition: 5
Experiment strategy: adaptive
Gamma set: g3
Gamma1: 0.3
Gamma2: 0.2
Gamma3: 0.1
Gamma4: 0.6
Experiment seed: 46
Solver exit code: 0
Neighborhood selection: adaptive
Adaptive parameters: 0.300000 0.200000 0.100000 0.600000
Random seed: 46
Simulated annealing: disabled
Diversification: disabled
Initial solution cost: 31760.066328
Improved solution cost: 20768.687147
Worst solution cost: 20768.687147
Mean solution cost: 20768.687147
Mean elapsed time: 1210.100817 seconds
Final solution feasibility: FEASIBLE
Solution Details:
Truck Routes:
Truck 1: 0 96 51 0 159 8 0 188 32 113 0 83 0 |Truck Time: 20423.981343|20423.981343,0.000000,0.000000,0.000000
Truck 2: 0 18 162 43 132 186 0 142 169 196 177 0 63 12 119 175 0 82 21 45 129 125 172 0 19 137 0 |Truck Time: 20627.089895|20627.089895,0.000000,0.000000,0.000000
Truck 3: 0 153 0 150 61 0 74 130 16 120 122 108 146 0 126 141 31 0 171 40 0 |Truck Time: 20648.024414|20648.024414,0.000000,0.000000,0.000000
Truck 4: 0 127 0 69 191 77 75 0 104 100 160 6 193 80 0 195 140 0 |Truck Time: 20765.152158|20765.152158,0.000000,0.000000,0.000000
Truck 5: 0 184 54 148 33 0 10 56 73 5 0 185 44 103 0 46 86 174 49 68 198 0 133 20 161 0 |Truck Time: 20768.687147|20768.687147,0.000000,0.000000,0.000000
Drone Routes:
Drone 1: 0 64 99 0 11 81 0 42 200 0 157 118 0 112 155 58 0 110 94 0 3 70 152 37 0 78 2 0 183 0 197 14 52 0 147 92 0 102 0 |Drone Time: 20520.027296|20520.027296,0.000000,0.000000,0.000000
Drone 2: 0 4 1 0 36 22 0 97 128 0 76 57 29 0 106 144 154 0 165 87 41 0 7 182 0 123 199 0 168 173 0 91 0 181 145 0 89 65 0 |Drone Time: 20690.386195|20690.386195,0.000000,0.000000,0.000000
Drone 3: 0 192 66 143 0 121 180 0 187 59 72 138 67 0 163 0 38 0 105 50 0 158 15 9 0 190 0 156 24 0 84 85 178 0 98 0 48 0 13 0 |Drone Time: 20665.285505|20665.285505,0.000000,0.000000,0.000000
Drone 4: 0 124 0 109 0 25 170 114 0 116 71 0 139 60 0 111 35 107 0 62 166 0 90 0 34 134 0 30 194 0 151 179 0 55 189 135 0 101 28 0 |Drone Time: 20745.425330|20745.425330,0.000000,0.000000,0.000000
Drone 5: 0 164 53 0 176 0 39 0 131 0 149 0 26 0 23 0 27 0 136 0 47 0 167 117 0 93 95 0 88 79 0 115 17 0 |Drone Time: 20764.687560|20764.687560,0.000000,0.000000,0.000000
Total validation: Makespan=20768.687147, Deadline violation=0.000000, Energy violation=0.000000, Capacity violation=0.000000
