Instance: 200.30.3
Customer group: 200
Repetition: 3
Experiment strategy: cyclic
Gamma set: 
Gamma1: 
Gamma2: 
Gamma3: 
Gamma4: 
Experiment seed: 44
Solver exit code: 0
Neighborhood selection: cyclic
Random seed: 44
Simulated annealing: disabled
Diversification: disabled
Initial solution cost: 31751.425974
Improved solution cost: 23140.535609
Worst solution cost: 23140.535609
Mean solution cost: 23140.535609
Mean elapsed time: 967.605971 seconds
Final solution feasibility: FEASIBLE
Solution Details:
Truck Routes:
Truck 1: 0 163 0 32 118 95 36 0 164 160 78 0 142 86 0 |Truck Time: 22788.657083|22788.657083,0.000000,0.000000,0.000000
Truck 2: 0 82 130 0 68 41 0 27 98 143 176 144 0 175 77 166 136 0 12 148 2 145 0 |Truck Time: 22291.904724|22291.904724,0.000000,0.000000,0.000000
Truck 3: 0 65 198 0 9 110 101 161 0 131 107 14 17 0 191 182 0 89 125 172 93 0 |Truck Time: 23106.427776|23106.427776,0.000000,0.000000,0.000000
Truck 4: 0 180 104 0 71 83 0 140 121 64 197 96 0 3 69 92 122 0 45 56 115 181 0 |Truck Time: 23140.535609|23140.535609,0.000000,0.000000,0.000000
Truck 5: 0 35 0 128 123 52 0 149 72 1 0 20 59 0 10 133 0 |Truck Time: 22603.735922|22603.735922,0.000000,0.000000,0.000000
Drone Routes:
Drone 1: 0 146 0 73 0 30 0 51 190 38 0 106 0 33 81 0 120 29 0 46 195 157 0 152 15 0 19 43 0 196 21 0 6 139 0 7 0 103 0 |Drone Time: 22832.601448|22832.601448,0.000000,0.000000,0.000000
Drone 2: 0 31 155 0 99 75 168 0 178 153 0 62 28 0 137 79 0 134 0 22 18 0 117 189 0 53 179 0 25 0 94 141 0 170 185 0 108 154 0 |Drone Time: 23088.718216|23088.718216,0.000000,0.000000,0.000000
Drone 3: 0 112 0 63 0 105 0 26 70 0 169 88 113 0 184 111 119 0 114 34 0 80 127 0 42 40 0 44 0 138 188 85 0 97 0 174 67 0 49 167 0 |Drone Time: 23138.271318|23138.271318,0.000000,0.000000,0.000000
Drone 4: 0 4 0 109 151 135 0 74 129 0 24 0 39 0 171 0 76 5 0 186 16 0 50 61 0 116 200 0 87 0 124 0 90 0 177 48 0 54 183 0 |Drone Time: 23121.852661|23121.852661,0.000000,0.000000,0.000000
Drone 5: 0 8 0 60 66 0 23 158 0 11 0 199 58 0 13 159 192 0 173 193 0 194 102 0 165 156 100 37 0 132 126 0 57 91 47 0 147 150 55 0 84 0 162 0 187 0 |Drone Time: 23055.141768|23055.141768,0.000000,0.000000,0.000000
Total validation: Makespan=23140.535609, Deadline violation=0.000000, Energy violation=0.000000, Capacity violation=0.000000
