Instance: 200.10.3
Customer group: 200
Repetition: 1
Experiment strategy: cyclic
Gamma set: 
Gamma1: 
Gamma2: 
Gamma3: 
Gamma4: 
Experiment seed: 42
Solver exit code: 0
Neighborhood selection: cyclic
Random seed: 42
Simulated annealing: disabled
Diversification: disabled
Initial solution cost: 10136.034372
Improved solution cost: 6130.746164
Worst solution cost: 6130.746164
Mean solution cost: 6130.746164
Mean elapsed time: 1888.737570 seconds
Final solution feasibility: FEASIBLE
Solution Details:
Truck Routes:
Truck 1: 0 180 154 162 41 0 149 123 150 138 177 35 0 3 156 196 198 197 38 63 0 |Truck Time: 5963.494587|5963.494587,0.000000,0.000000,0.000000
Truck 2: 0 11 30 17 4 193 96 0 34 74 168 10 48 181 129 90 87 136 0 93 152 77 108 86 137 79 0 |Truck Time: 6109.170824|6109.170824,0.000000,0.000000,0.000000
Truck 3: 0 102 67 55 106 0 2 23 59 190 65 5 0 25 7 50 200 66 143 179 91 0 |Truck Time: 6125.213119|6125.213119,0.000000,0.000000,0.000000
Truck 4: 0 169 81 15 40 124 21 122 103 84 184 14 1 58 104 194 0 85 92 71 157 88 24 0 |Truck Time: 6130.746164|6130.746164,0.000000,0.000000,0.000000
Truck 5: 0 112 171 130 29 68 188 47 12 119 0 160 69 111 42 100 155 18 186 0 27 0 |Truck Time: 6088.372113|6088.372113,0.000000,0.000000,0.000000
Drone Routes:
Drone 1: 0 61 115 36 0 94 49 0 54 51 0 134 146 145 0 56 8 0 46 163 0 116 109 153 0 165 43 0 166 72 0 |Drone Time: 6119.786105|6119.786105,0.000000,0.000000,0.000000
Drone 2: 0 73 78 82 0 192 0 97 13 0 187 131 52 0 76 33 142 0 105 189 28 60 147 0 159 37 195 114 62 0 158 135 183 0 172 0 |Drone Time: 6128.470273|6128.470273,0.000000,0.000000,0.000000
Drone 3: 0 39 151 0 70 0 107 120 0 161 0 175 0 191 0 176 80 0 89 0 128 0 6 178 113 0 |Drone Time: 6121.893077|6121.893077,0.000000,0.000000,0.000000
Drone 4: 0 167 144 0 53 22 0 127 99 0 31 148 0 75 101 0 173 20 0 9 141 0 57 0 174 185 0 132 83 117 98 0 |Drone Time: 6100.660954|6100.660954,0.000000,0.000000,0.000000
Drone 5: 0 139 0 26 110 0 32 121 0 133 0 182 199 0 140 118 0 164 44 0 170 45 95 0 64 126 19 0 16 125 0 |Drone Time: 6099.024016|6099.024016,0.000000,0.000000,0.000000
Total validation: Makespan=6130.746164, Deadline violation=0.000000, Energy violation=0.000000, Capacity violation=0.000000
