Instance: 200.10.3
Customer group: 200
Repetition: 4
Experiment strategy: adaptive
Gamma set: g2
Gamma1: 0.5
Gamma2: 0.3
Gamma3: 0.1
Gamma4: 0.3
Experiment seed: 45
Solver exit code: 0
Neighborhood selection: adaptive
Adaptive parameters: 0.500000 0.300000 0.100000 0.300000
Random seed: 45
Simulated annealing: disabled
Diversification: disabled
Initial solution cost: 10033.142674
Improved solution cost: 6435.321684
Worst solution cost: 6435.321684
Mean solution cost: 6435.321684
Mean elapsed time: 1863.352357 seconds
Final solution feasibility: FEASIBLE
Solution Details:
Truck Routes:
Truck 1: 0 65 155 42 31 188 139 95 197 38 63 0 182 14 1 133 13 100 190 2 0 |Truck Time: 6409.024871|6409.024871,0.000000,0.000000,0.000000
Truck 2: 0 8 85 56 154 0 123 7 25 0 112 130 29 68 196 0 |Truck Time: 6435.321684|6435.321684,0.000000,0.000000,0.000000
Truck 3: 0 169 15 40 21 161 117 122 103 17 0 181 54 168 74 34 185 91 99 126 67 108 0 |Truck Time: 6429.733842|6429.733842,0.000000,0.000000,0.000000
Truck 4: 0 11 23 0 141 165 9 24 88 71 92 101 62 180 0 164 35 109 153 128 150 149 0 |Truck Time: 6378.787562|6378.787562,0.000000,0.000000,0.000000
Truck 5: 0 136 175 87 189 32 39 93 0 27 110 127 102 86 137 0 158 16 162 144 41 52 96 76 0 |Truck Time: 6412.081737|6412.081737,0.000000,0.000000,0.000000
Drone Routes:
Drone 1: 0 191 116 177 0 49 47 0 125 124 0 113 166 72 0 167 43 187 0 55 147 105 0 69 30 0 160 148 0 172 0 18 12 0 5 3 0 |Drone Time: 6427.383906|6427.383906,0.000000,0.000000,0.000000
Drone 2: 0 79 0 138 200 28 60 0 152 20 44 0 131 75 151 0 97 78 170 45 0 104 98 0 46 0 118 120 81 0 59 0 36 0 |Drone Time: 6423.375367|6423.375367,0.000000,0.000000,0.000000
Drone 3: 0 111 171 0 194 6 0 48 66 174 0 140 132 0 129 0 50 192 0 176 80 0 90 0 106 19 0 |Drone Time: 6380.766077|6380.766077,0.000000,0.000000,0.000000
Drone 4: 0 37 159 163 70 0 183 33 178 135 0 58 0 53 115 198 0 107 84 0 121 0 4 199 0 179 143 0 89 0 193 142 0 |Drone Time: 6414.829964|6414.829964,0.000000,0.000000,0.000000
Drone 5: 0 77 51 10 64 26 0 82 83 0 173 114 195 0 22 0 134 119 61 0 157 0 184 0 73 146 145 156 0 94 57 186 0 |Drone Time: 6367.862454|6367.862454,0.000000,0.000000,0.000000
Total validation: Makespan=6435.321684, Deadline violation=0.000000, Energy violation=0.000000, Capacity violation=0.000000
