Instance: 200.10.3
Customer group: 200
Repetition: 4
Experiment strategy: cyclic
Gamma set: 
Gamma1: 
Gamma2: 
Gamma3: 
Gamma4: 
Experiment seed: 45
Solver exit code: 0
Neighborhood selection: cyclic
Random seed: 45
Simulated annealing: disabled
Diversification: disabled
Initial solution cost: 10033.142674
Improved solution cost: 5913.365394
Worst solution cost: 5913.365394
Mean solution cost: 5913.365394
Mean elapsed time: 1784.509965 seconds
Final solution feasibility: FEASIBLE
Solution Details:
Truck Routes:
Truck 1: 0 65 18 59 155 0 164 177 35 191 95 44 153 63 115 0 123 150 138 0 |Truck Time: 5880.064706|5880.064706,0.000000,0.000000,0.000000
Truck 2: 0 39 180 8 154 62 85 162 125 46 16 0 23 47 134 156 188 197 38 149 192 86 137 0 |Truck Time: 5857.304793|5857.304793,0.000000,0.000000,0.000000
Truck 3: 0 182 199 122 161 80 82 140 84 103 184 14 1 0 25 7 200 66 50 143 110 0 |Truck Time: 5882.472247|5882.472247,0.000000,0.000000,0.000000
Truck 4: 0 170 112 68 130 29 146 198 0 92 114 71 9 88 24 173 43 141 20 106 0 |Truck Time: 5913.365394|5913.365394,0.000000,0.000000,0.000000
Truck 5: 0 108 99 91 185 34 28 189 87 175 32 136 0 172 76 96 104 58 160 148 190 5 2 186 11 0 27 79 0 |Truck Time: 5888.671470|5888.671470,0.000000,0.000000,0.000000
Drone Routes:
Drone 1: 0 169 120 178 0 124 0 163 159 113 70 0 93 0 41 0 40 0 109 139 49 0 158 144 0 30 193 53 0 67 0 |Drone Time: 5884.635444|5884.635444,0.000000,0.000000,0.000000
Drone 2: 0 74 48 10 0 168 174 64 0 119 0 111 31 73 0 194 4 0 129 0 102 0 75 52 0 55 121 0 187 151 26 152 0 |Drone Time: 5908.150720|5908.150720,0.000000,0.000000,0.000000
Drone 3: 0 126 0 54 105 77 0 83 117 118 0 147 181 0 37 72 101 0 3 22 0 94 69 0 6 98 0 127 0 |Drone Time: 5883.786097|5883.786097,0.000000,0.000000,0.000000
Drone 4: 0 157 0 171 145 196 0 13 33 142 0 51 90 60 0 131 167 165 0 19 135 183 0 78 100 0 15 81 0 |Drone Time: 5894.852458|5894.852458,0.000000,0.000000,0.000000
Drone 5: 0 42 45 57 0 97 0 61 36 12 0 132 133 176 0 107 21 0 128 116 0 179 89 0 166 195 56 0 17 0 |Drone Time: 5908.279002|5908.279002,0.000000,0.000000,0.000000
Total validation: Makespan=5913.365394, Deadline violation=0.000000, Energy violation=0.000000, Capacity violation=0.000000
