Instance: 200.20.1
Customer group: 200
Repetition: 3
Experiment strategy: adaptive
Gamma set: g2
Gamma1: 0.5
Gamma2: 0.3
Gamma3: 0.1
Gamma4: 0.3
Experiment seed: 44
Solver exit code: 0
Neighborhood selection: adaptive
Adaptive parameters: 0.500000 0.300000 0.100000 0.300000
Random seed: 44
Simulated annealing: disabled
Diversification: disabled
Initial solution cost: 20889.757495
Improved solution cost: 13179.697404
Worst solution cost: 13179.697404
Mean solution cost: 13179.697404
Mean elapsed time: 1595.211734 seconds
Final solution feasibility: FEASIBLE
Solution Details:
Truck Routes:
Truck 1: 0 64 108 135 124 170 132 0 133 96 142 183 0 29 167 69 146 0 |Truck Time: 13075.651406|13075.651406,0.000000,0.000000,0.000000
Truck 2: 0 40 158 21 0 4 0 123 53 3 200 178 51 0 67 168 197 58 147 157 145 0 |Truck Time: 13149.743640|13149.743640,0.000000,0.000000,0.000000
Truck 3: 0 94 141 186 97 73 0 161 5 143 148 192 107 0 6 36 110 60 0 |Truck Time: 13179.697404|13179.697404,0.000000,0.000000,0.000000
Truck 4: 0 33 105 2 0 48 188 122 0 46 85 179 130 193 0 198 0 100 42 0 |Truck Time: 13119.450353|13119.450353,0.000000,0.000000,0.000000
Truck 5: 0 35 0 126 16 81 65 66 0 83 72 11 89 187 0 152 118 163 76 111 26 0 |Truck Time: 13092.172637|13092.172637,0.000000,0.000000,0.000000
Drone Routes:
Drone 1: 0 156 180 0 17 144 0 177 189 70 0 195 106 43 84 0 175 37 0 54 41 38 0 32 82 119 113 0 45 0 154 166 0 184 181 0 115 0 49 0 31 0 |Drone Time: 13152.632515|13152.632515,0.000000,0.000000,0.000000
Drone 2: 0 20 0 191 98 0 190 19 0 27 199 25 0 8 74 87 0 194 15 0 91 88 52 160 0 138 24 114 0 139 134 0 86 171 129 0 151 44 0 |Drone Time: 13174.721020|13174.721020,0.000000,0.000000,0.000000
Drone 3: 0 7 185 0 71 0 112 57 0 22 164 196 0 23 0 140 34 0 56 155 137 0 165 93 0 14 162 0 28 62 159 0 101 0 128 0 10 95 0 |Drone Time: 13144.086015|13144.086015,0.000000,0.000000,0.000000
Drone 4: 0 174 0 121 0 131 0 61 0 9 169 0 78 182 0 150 90 0 136 75 13 0 103 0 109 116 0 176 0 92 0 99 0 |Drone Time: 13167.166978|13167.166978,0.000000,0.000000,0.000000
Drone 5: 0 77 153 39 0 55 127 0 120 104 149 0 18 0 59 102 1 172 0 47 117 125 0 30 68 50 0 12 63 0 80 0 173 0 79 0 |Drone Time: 12898.791905|12898.791905,0.000000,0.000000,0.000000
Total validation: Makespan=13179.697404, Deadline violation=0.000000, Energy violation=0.000000, Capacity violation=0.000000
