Instance: 200.10.3
Customer group: 200
Repetition: 1
Experiment strategy: random
Gamma set: 
Gamma1: 
Gamma2: 
Gamma3: 
Gamma4: 
Experiment seed: 42
Solver exit code: 0
Neighborhood selection: random
Random seed: 42
Simulated annealing: disabled
Diversification: disabled
Initial solution cost: 10136.034372
Improved solution cost: 7295.654020
Worst solution cost: 7295.654020
Mean solution cost: 7295.654020
Mean elapsed time: 1628.673920 seconds
Final solution feasibility: FEASIBLE
Solution Details:
Truck Routes:
Truck 1: 0 189 74 90 129 54 181 0 172 76 0 156 134 198 68 29 130 0 |Truck Time: 7252.966837|7252.966837,0.000000,0.000000,0.000000
Truck 2: 0 123 153 191 196 36 47 49 119 0 35 110 127 67 136 106 93 0 149 150 138 102 26 86 108 27 0 |Truck Time: 7290.028810|7290.028810,0.000000,0.000000,0.000000
Truck 3: 0 152 20 167 141 165 32 19 0 17 65 12 11 0 25 7 200 50 168 10 91 0 |Truck Time: 7281.933233|7281.933233,0.000000,0.000000,0.000000
Truck 4: 0 97 84 103 184 14 1 0 92 71 157 88 62 154 0 6 40 15 96 0 |Truck Time: 7295.654020|7295.654020,0.000000,0.000000,0.000000
Truck 5: 0 94 61 18 59 155 0 160 190 69 111 100 42 73 5 0 2 22 115 63 116 0 |Truck Time: 7294.953807|7294.953807,0.000000,0.000000,0.000000
Drone Routes:
Drone 1: 0 64 66 0 192 164 174 0 133 31 0 8 37 0 162 0 87 0 180 0 186 148 0 30 177 143 0 3 0 57 137 0 117 83 0 |Drone Time: 7268.313277|7268.313277,0.000000,0.000000,0.000000
Drone 2: 0 13 33 113 0 131 187 46 0 44 139 0 41 56 0 75 144 135 0 85 114 0 193 142 159 169 0 81 182 199 0 52 39 0 79 0 104 4 0 55 0 |Drone Time: 7284.071108|7284.071108,0.000000,0.000000,0.000000
Drone 3: 0 60 34 48 28 0 89 109 0 151 101 9 0 45 170 171 0 161 0 173 24 0 121 51 99 0 98 146 0 128 0 158 183 0 |Drone Time: 7226.564103|7226.564103,0.000000,0.000000,0.000000
Drone 4: 0 112 78 125 0 166 195 0 126 145 0 16 72 0 80 0 185 179 0 122 0 38 95 0 23 53 0 21 0 |Drone Time: 7229.450300|7229.450300,0.000000,0.000000,0.000000
Drone 5: 0 107 120 0 82 118 0 77 43 147 105 0 197 0 70 178 163 0 140 0 124 0 176 194 132 0 188 0 175 0 58 0 |Drone Time: 7294.535365|7294.535365,0.000000,0.000000,0.000000
Total validation: Makespan=7295.654020, Deadline violation=0.000000, Energy violation=0.000000, Capacity violation=0.000000
