Instance: 200.30.3
Customer group: 200
Repetition: 4
Experiment strategy: random
Gamma set: 
Gamma1: 
Gamma2: 
Gamma3: 
Gamma4: 
Experiment seed: 45
Solver exit code: 0
Neighborhood selection: random
Random seed: 45
Simulated annealing: disabled
Diversification: disabled
Initial solution cost: 30346.175888
Improved solution cost: 26549.574508
Worst solution cost: 26549.574508
Mean solution cost: 26549.574508
Mean elapsed time: 998.710219 seconds
Final solution feasibility: FEASIBLE
Solution Details:
Truck Routes:
Truck 1: 0 148 0 78 116 0 171 0 122 0 56 123 0 6 0 |Truck Time: 26235.520947|26235.520947,0.000000,0.000000,0.000000
Truck 2: 0 101 0 133 102 0 186 145 0 30 119 64 0 11 0 86 33 142 103 0 |Truck Time: 26549.574508|26549.574508,0.000000,0.000000,0.000000
Truck 3: 0 128 108 0 104 68 0 175 149 72 0 38 76 0 69 3 0 98 167 0 |Truck Time: 26450.172897|26450.172897,0.000000,0.000000,0.000000
Truck 4: 0 41 112 117 0 83 130 0 172 89 39 87 0 144 143 52 0 92 0 177 191 199 0 |Truck Time: 26346.393187|26346.393187,0.000000,0.000000,0.000000
Truck 5: 0 60 71 198 0 161 0 124 0 110 9 10 0 59 195 174 0 164 99 20 0 |Truck Time: 26234.509084|26234.509084,0.000000,0.000000,0.000000
Drone Routes:
Drone 1: 0 189 26 180 0 85 187 0 24 0 153 139 0 95 113 0 27 159 0 118 5 0 70 0 80 0 35 155 0 58 0 44 0 194 0 93 94 50 192 0 121 0 84 0 |Drone Time: 26549.280933|26549.280933,0.000000,0.000000,0.000000
Drone 2: 0 170 55 0 57 132 32 120 54 0 81 151 74 0 8 31 0 106 0 43 0 185 131 147 0 88 0 45 0 12 2 0 49 157 0 42 0 115 0 160 0 96 0 |Drone Time: 26389.310022|26389.310022,0.000000,0.000000,0.000000
Drone 3: 0 19 107 53 0 183 169 0 138 154 188 0 46 134 0 200 197 18 23 0 166 37 0 79 137 0 162 168 0 13 141 0 181 28 0 182 0 61 0 126 0 97 0 65 1 0 |Drone Time: 26179.316059|26179.316059,0.000000,0.000000,0.000000
Drone 4: 0 0 129 0 125 190 0 196 136 156 0 105 0 163 0 114 34 0 184 111 75 0 4 127 0 158 0 63 0 7 91 0 179 0 73 0 146 0 17 66 152 0 |Drone Time: 26518.908269|26518.908269,0.000000,0.000000,0.000000
Drone 5: 0 40 135 193 0 82 165 0 150 100 0 176 140 0 47 21 0 173 109 0 77 0 29 0 48 25 0 178 62 0 16 15 0 36 51 0 14 0 22 67 0 90 0 |Drone Time: 25742.330401|25742.330401,0.000000,0.000000,0.000000
Total validation: Makespan=26549.574508, Deadline violation=0.000000, Energy violation=0.000000, Capacity violation=0.000000
