Instance: 200.30.2
Customer group: 200
Repetition: 2
Experiment strategy: cyclic
Gamma set: 
Gamma1: 
Gamma2: 
Gamma3: 
Gamma4: 
Experiment seed: 43
Solver exit code: 0
Neighborhood selection: cyclic
Random seed: 43
Simulated annealing: disabled
Diversification: disabled
Initial solution cost: 29249.577873
Improved solution cost: 20770.180960
Worst solution cost: 20770.180960
Mean solution cost: 20770.180960
Mean elapsed time: 1405.501583 seconds
Final solution feasibility: FEASIBLE
Solution Details:
Truck Routes:
Truck 1: 0 23 161 0 63 12 0 199 163 95 180 33 0 113 169 177 0 |Truck Time: 20515.711235|20515.711235,0.000000,0.000000,0.000000
Truck 2: 0 74 16 130 122 0 87 126 96 0 54 162 19 90 172 0 8 22 134 0 |Truck Time: 20527.304089|20527.304089,0.000000,0.000000,0.000000
Truck 3: 0 56 116 10 68 198 0 77 67 135 0 44 109 99 0 178 133 20 147 140 146 0 183 55 0 |Truck Time: 20585.289931|20585.289931,0.000000,0.000000,0.000000
Truck 4: 0 186 61 47 0 82 0 100 6 160 80 0 62 64 103 76 0 5 0 |Truck Time: 20714.546646|20714.546646,0.000000,0.000000,0.000000
Truck 5: 0 18 43 184 0 171 0 25 141 0 13 29 111 0 45 21 101 0 |Truck Time: 20770.180960|20770.180960,0.000000,0.000000,0.000000
Drone Routes:
Drone 1: 0 200 0 190 0 173 168 0 195 85 84 0 50 94 0 174 138 0 158 81 154 0 31 165 114 0 97 128 0 104 188 0 28 11 0 150 112 0 |Drone Time: 20732.948272|20732.948272,0.000000,0.000000,0.000000
Drone 2: 0 60 0 118 157 108 0 176 70 37 0 124 105 52 0 121 131 0 75 0 58 0 38 0 155 136 0 167 193 0 102 0 27 0 73 91 107 0 148 142 0 |Drone Time: 20766.784124|20766.784124,0.000000,0.000000,0.000000
Drone 3: 0 127 24 144 106 0 32 117 0 145 88 0 2 35 0 119 0 53 164 0 185 0 59 71 123 0 110 0 57 151 0 15 194 0 86 0 |Drone Time: 20694.170318|20694.170318,0.000000,0.000000,0.000000
Drone 4: 0 26 0 92 0 170 152 0 7 182 0 129 36 0 89 65 0 189 46 30 0 125 187 0 115 17 0 34 153 0 4 1 0 137 175 0 149 0 51 40 0 |Drone Time: 20659.462228|20659.462228,0.000000,0.000000,0.000000
Drone 5: 0 49 72 0 179 78 120 143 192 0 14 139 0 98 0 9 159 42 0 132 3 83 0 93 191 0 196 0 39 156 0 69 0 66 166 0 197 41 48 0 181 79 0 |Drone Time: 20724.757779|20724.757779,0.000000,0.000000,0.000000
Total validation: Makespan=20770.180960, Deadline violation=0.000000, Energy violation=0.000000, Capacity violation=0.000000
