Instance: 200.10.2
Customer group: 200
Repetition: 4
Experiment strategy: adaptive
Gamma set: g4
Gamma1: 0.5
Gamma2: 0.3
Gamma3: 0.1
Gamma4: 0.6
Experiment seed: 45
Solver exit code: 0
Neighborhood selection: adaptive
Adaptive parameters: 0.500000 0.300000 0.100000 0.600000
Random seed: 45
Simulated annealing: disabled
Diversification: disabled
Initial solution cost: 10569.697666
Improved solution cost: 7068.144363
Worst solution cost: 7068.144363
Mean solution cost: 7068.144363
Mean elapsed time: 1860.738224 seconds
Final solution feasibility: FEASIBLE
Solution Details:
Truck Routes:
Truck 1: 0 110 34 63 176 135 166 65 199 0 189 89 17 112 82 12 123 200 0 |Truck Time: 7058.636843|7058.636843,0.000000,0.000000,0.000000
Truck 2: 0 84 129 113 85 115 27 26 56 158 120 19 0 4 102 9 49 130 36 175 99 0 187 136 0 |Truck Time: 7045.324559|7045.324559,0.000000,0.000000,0.000000
Truck 3: 0 114 60 42 181 119 154 0 122 64 182 96 173 100 93 3 0 147 87 140 124 61 0 |Truck Time: 7015.130327|7015.130327,0.000000,0.000000,0.000000
Truck 4: 0 134 45 103 141 20 0 91 188 58 125 98 0 53 51 155 161 107 184 88 8 0 |Truck Time: 7068.144363|7068.144363,0.000000,0.000000,0.000000
Truck 5: 0 76 38 133 183 160 33 0 25 148 169 86 69 23 79 0 159 74 138 32 144 40 31 190 0 |Truck Time: 7065.000329|7065.000329,0.000000,0.000000,0.000000
Drone Routes:
Drone 1: 0 2 0 132 68 0 191 37 0 152 105 0 164 0 5 46 0 109 0 118 108 6 0 101 83 13 0 193 106 0 29 116 0 151 0 |Drone Time: 7059.269397|7059.269397,0.000000,0.000000,0.000000
Drone 2: 0 43 72 18 54 0 168 11 0 111 67 0 70 52 0 156 163 0 10 0 150 0 50 59 0 94 0 179 35 0 90 1 0 180 0 |Drone Time: 7065.806282|7065.806282,0.000000,0.000000,0.000000
Drone 3: 0 174 170 0 16 75 0 153 178 165 0 14 0 137 71 0 177 149 0 195 0 194 198 0 157 0 80 97 0 131 0 121 197 142 127 92 0 |Drone Time: 7063.888792|7063.888792,0.000000,0.000000,0.000000
Drone 4: 0 146 21 0 28 186 117 0 57 0 7 0 95 171 0 48 77 0 196 55 0 41 0 139 0 44 81 0 128 145 0 |Drone Time: 7066.597137|7066.597137,0.000000,0.000000,0.000000
Drone 5: 0 192 0 143 0 22 15 0 62 104 0 24 126 0 47 0 39 172 0 167 30 0 73 66 0 162 0 78 0 185 0 |Drone Time: 7051.911378|7051.911378,0.000000,0.000000,0.000000
Total validation: Makespan=7068.144363, Deadline violation=0.000000, Energy violation=0.000000, Capacity violation=0.000000
