Instance: 200.10.1
Customer group: 200
Repetition: 1
Experiment strategy: random
Gamma set: 
Gamma1: 
Gamma2: 
Gamma3: 
Gamma4: 
Experiment seed: 42
Solver exit code: 0
Neighborhood selection: random
Random seed: 42
Simulated annealing: disabled
Diversification: disabled
Initial solution cost: 10181.571477
Improved solution cost: 7117.612280
Worst solution cost: 7117.612280
Mean solution cost: 7117.612280
Mean elapsed time: 1665.127872 seconds
Final solution feasibility: FEASIBLE
Solution Details:
Truck Routes:
Truck 1: 0 100 75 1 0 27 133 159 12 107 17 0 24 157 2 181 148 0 |Truck Time: 7117.612280|7117.612280,0.000000,0.000000,0.000000
Truck 2: 0 51 0 14 151 194 124 147 69 102 13 22 117 175 0 18 62 53 29 190 176 73 30 78 111 122 0 |Truck Time: 7114.225068|7114.225068,0.000000,0.000000,0.000000
Truck 3: 0 197 126 50 0 68 108 87 7 10 101 125 0 49 52 115 163 120 15 0 |Truck Time: 7048.765876|7048.765876,0.000000,0.000000,0.000000
Truck 4: 0 89 173 131 8 154 177 16 0 119 58 44 39 41 0 144 31 149 155 42 129 169 153 0 161 0 |Truck Time: 7017.349063|7017.349063,0.000000,0.000000,0.000000
Truck 5: 0 200 88 82 199 140 0 6 95 193 33 134 76 104 28 0 180 105 178 86 11 118 47 0 |Truck Time: 7097.195819|7097.195819,0.000000,0.000000,0.000000
Drone Routes:
Drone 1: 0 91 0 182 170 34 0 37 0 130 0 26 0 45 0 96 164 0 48 98 103 0 186 0 72 0 3 0 57 0 |Drone Time: 7107.972501|7107.972501,0.000000,0.000000,0.000000
Drone 2: 0 172 174 145 0 137 138 71 0 146 106 0 168 84 0 5 185 0 162 109 0 25 184 0 38 64 83 90 80 0 156 20 0 56 0 136 81 0 171 21 0 |Drone Time: 7112.343986|7112.343986,0.000000,0.000000,0.000000
Drone 3: 0 166 0 79 97 192 141 0 66 99 54 0 121 189 0 77 110 160 0 70 0 139 191 0 152 85 0 135 0 9 0 94 0 |Drone Time: 7115.826891|7115.826891,0.000000,0.000000,0.000000
Drone 4: 0 195 0 150 0 43 188 0 127 63 165 0 67 187 114 0 55 4 0 46 158 0 198 65 0 60 0 61 132 0 183 116 128 0 |Drone Time: 7110.081411|7110.081411,0.000000,0.000000,0.000000
Drone 5: 0 32 196 0 23 0 93 123 0 59 112 0 167 0 113 40 35 0 142 0 74 36 0 92 0 19 0 179 143 0 |Drone Time: 7092.048635|7092.048635,0.000000,0.000000,0.000000
Total validation: Makespan=7117.612280, Deadline violation=0.000000, Energy violation=0.000000, Capacity violation=0.000000
