Instance: 200.30.2
Customer group: 200
Repetition: 2
Experiment strategy: adaptive
Gamma set: g1
Gamma1: 0.3
Gamma2: 0.2
Gamma3: 0.1
Gamma4: 0.3
Experiment seed: 43
Solver exit code: 0
Neighborhood selection: adaptive
Adaptive parameters: 0.300000 0.200000 0.100000 0.300000
Random seed: 43
Simulated annealing: disabled
Diversification: disabled
Initial solution cost: 29249.577873
Improved solution cost: 21257.672153
Worst solution cost: 21257.672153
Mean solution cost: 21257.672153
Mean elapsed time: 1449.974263 seconds
Final solution feasibility: FEASIBLE
Solution Details:
Truck Routes:
Truck 1: 0 46 0 86 135 0 69 121 181 59 0 174 191 77 131 79 0 186 0 |Truck Time: 20952.001880|20952.001880,0.000000,0.000000,0.000000
Truck 2: 0 198 68 0 184 43 162 54 0 126 141 0 74 122 108 179 0 199 0 |Truck Time: 21217.499526|21217.499526,0.000000,0.000000,0.000000
Truck 3: 0 142 148 7 171 75 0 64 20 133 161 0 23 109 99 0 130 16 140 146 0 18 0 |Truck Time: 21086.335393|21086.335393,0.000000,0.000000,0.000000
Truck 4: 0 61 150 47 0 19 82 134 0 89 33 0 100 53 6 160 80 0 62 85 48 103 177 0 |Truck Time: 21131.672223|21131.672223,0.000000,0.000000,0.000000
Truck 5: 0 40 183 56 0 112 0 42 22 125 101 172 0 5 29 111 0 63 8 0 |Truck Time: 21257.672153|21257.672153,0.000000,0.000000,0.000000
Drone Routes:
Drone 1: 0 178 58 0 88 123 71 0 97 157 166 107 0 167 193 0 102 138 0 110 25 94 0 153 24 0 31 165 114 0 45 9 189 0 98 0 169 0 90 0 |Drone Time: 20973.339783|20973.339783,0.000000,0.000000,0.000000
Drone 2: 0 147 0 12 144 0 124 105 0 195 10 76 0 170 156 0 104 83 0 60 0 1 4 0 119 0 32 188 0 27 0 136 0 155 113 0 |Drone Time: 21243.500199|21243.500199,0.000000,0.000000,0.000000
Drone 3: 0 200 0 151 187 0 163 0 120 143 66 0 65 158 0 13 78 0 185 0 50 139 0 196 0 41 44 192 0 11 81 0 137 175 0 118 128 116 0 |Drone Time: 21182.181884|21182.181884,0.000000,0.000000,0.000000
Drone 4: 0 173 0 182 154 0 129 0 34 194 67 0 39 17 0 30 15 0 73 57 95 0 70 176 0 26 0 132 117 3 0 87 14 0 149 0 197 96 0 |Drone Time: 21210.450480|21210.450480,0.000000,0.000000,0.000000
Drone 5: 0 190 52 0 36 159 106 0 115 152 0 93 145 0 28 38 127 0 51 0 37 168 164 0 84 92 0 49 72 0 21 0 2 0 91 35 0 55 180 0 |Drone Time: 21252.768307|21252.768307,0.000000,0.000000,0.000000
Total validation: Makespan=21257.672153, Deadline violation=0.000000, Energy violation=0.000000, Capacity violation=0.000000
