Instance: 200.30.3
Customer group: 200
Repetition: 1
Experiment strategy: cyclic
Gamma set: 
Gamma1: 
Gamma2: 
Gamma3: 
Gamma4: 
Experiment seed: 42
Solver exit code: 0
Neighborhood selection: cyclic
Random seed: 42
Simulated annealing: disabled
Diversification: disabled
Initial solution cost: 32022.352228
Improved solution cost: 23596.432335
Worst solution cost: 23596.432335
Mean solution cost: 23596.432335
Mean elapsed time: 1502.453286 seconds
Final solution feasibility: FEASIBLE
Solution Details:
Truck Routes:
Truck 1: 0 59 163 0 37 149 153 60 0 101 121 18 197 114 64 0 118 32 87 0 |Truck Time: 23596.432335|23596.432335,0.000000,0.000000,0.000000
Truck 2: 0 143 0 191 0 173 8 10 0 116 0 131 179 14 130 0 82 83 0 55 104 41 47 71 0 |Truck Time: 23469.102262|23469.102262,0.000000,0.000000,0.000000
Truck 3: 0 36 0 17 0 103 0 81 86 137 9 0 66 12 152 145 0 28 124 0 |Truck Time: 23551.213906|23551.213906,0.000000,0.000000,0.000000
Truck 4: 0 16 187 0 69 3 0 175 166 24 6 0 123 108 144 46 0 112 4 117 35 147 0 |Truck Time: 23590.132359|23590.132359,0.000000,0.000000,0.000000
Truck 5: 0 78 0 133 0 20 0 194 0 56 45 13 90 181 0 |Truck Time: 21286.422285|21286.422285,0.000000,0.000000,0.000000
Drone Routes:
Drone 1: 0 105 0 171 0 136 100 107 0 174 195 99 0 158 23 0 126 57 0 30 184 0 156 43 0 182 0 95 127 0 154 0 2 21 139 0 89 113 0 52 0 96 0 |Drone Time: 23533.223676|23533.223676,0.000000,0.000000,0.000000
Drone 2: 0 98 0 115 0 140 25 0 75 0 134 0 38 132 159 169 91 0 199 58 0 196 15 0 76 0 146 0 164 0 186 102 0 135 109 0 79 74 129 0 |Drone Time: 23589.063038|23589.063038,0.000000,0.000000,0.000000
Drone 3: 0 73 0 142 31 0 68 0 70 0 88 0 155 150 53 0 119 0 50 61 0 44 0 125 190 0 148 0 11 0 176 0 172 93 0 54 80 0 |Drone Time: 23558.122171|23558.122171,0.000000,0.000000,0.000000
Drone 4: 0 42 0 5 120 183 0 200 85 34 0 77 0 170 165 19 0 160 0 128 192 0 63 0 67 22 0 39 51 0 92 122 0 97 0 84 0 72 0 162 27 0 |Drone Time: 23561.579994|23561.579994,0.000000,0.000000,0.000000
Drone 5: 0 161 0 110 151 0 7 141 0 180 65 0 26 29 0 185 1 0 111 40 193 33 0 178 62 0 157 188 138 0 94 0 106 168 0 48 177 0 198 189 0 49 167 0 |Drone Time: 23537.250841|23537.250841,0.000000,0.000000,0.000000
Total validation: Makespan=23596.432335, Deadline violation=0.000000, Energy violation=0.000000, Capacity violation=0.000000
