Instance: 200.10.2
Customer group: 200
Repetition: 1
Experiment strategy: adaptive
Gamma set: g2
Gamma1: 0.5
Gamma2: 0.3
Gamma3: 0.1
Gamma4: 0.3
Experiment seed: 42
Solver exit code: 0
Neighborhood selection: adaptive
Adaptive parameters: 0.500000 0.300000 0.100000 0.300000
Random seed: 42
Simulated annealing: disabled
Diversification: disabled
Initial solution cost: 9507.215230
Improved solution cost: 7680.513598
Worst solution cost: 7680.513598
Mean solution cost: 7680.513598
Mean elapsed time: 2319.923171 seconds
Final solution feasibility: FEASIBLE
Solution Details:
Truck Routes:
Truck 1: 0 3 166 100 48 32 144 40 81 185 0 90 1 98 189 91 128 0 76 38 33 160 36 133 0 |Truck Time: 7642.037485|7642.037485,0.000000,0.000000,0.000000
Truck 2: 0 20 50 87 147 0 79 148 25 134 61 0 158 56 137 122 182 96 176 64 0 |Truck Time: 7608.272961|7608.272961,0.000000,0.000000,0.000000
Truck 3: 0 99 126 162 83 88 184 107 92 0 41 94 136 0 192 52 62 198 58 125 112 17 18 0 |Truck Time: 7661.296433|7661.296433,0.000000,0.000000,0.000000
Truck 4: 0 110 34 66 67 149 95 111 78 0 132 68 143 0 113 129 84 51 183 8 0 |Truck Time: 7680.513598|7680.513598,0.000000,0.000000,0.000000
Truck 5: 0 187 0 19 119 181 27 120 135 173 60 74 159 0 43 190 0 152 168 45 186 141 23 0 |Truck Time: 7648.727326|7648.727326,0.000000,0.000000,0.000000
Drone Routes:
Drone 1: 0 31 146 0 195 171 0 196 108 174 0 142 121 39 102 0 16 75 0 139 0 165 114 0 175 197 0 14 0 49 0 157 13 0 30 0 164 0 |Drone Time: 7639.511960|7639.511960,0.000000,0.000000,0.000000
Drone 2: 0 73 63 0 89 104 82 0 199 138 177 0 59 117 191 0 156 72 0 193 155 0 29 77 0 65 0 172 0 169 0 6 109 0 |Drone Time: 7525.303319|7525.303319,0.000000,0.000000,0.000000
Drone 3: 0 151 0 7 0 180 0 140 11 0 179 35 170 167 0 188 12 0 123 0 44 54 0 150 0 42 71 57 0 115 0 101 10 0 |Drone Time: 7616.927910|7616.927910,0.000000,0.000000,0.000000
Drone 4: 0 4 0 194 145 0 80 0 124 97 105 28 46 0 5 37 0 22 15 0 153 163 0 130 127 0 86 69 0 106 178 0 131 0 103 0 |Drone Time: 7675.937669|7675.937669,0.000000,0.000000,0.000000
Drone 5: 0 161 0 154 0 21 0 47 0 2 0 70 0 9 0 85 24 0 200 0 26 0 93 0 53 116 0 55 118 0 |Drone Time: 7613.250142|7613.250142,0.000000,0.000000,0.000000
Total validation: Makespan=7680.513598, Deadline violation=0.000000, Energy violation=0.000000, Capacity violation=0.000000
