Instance: 200.10.4
Customer group: 200
Repetition: 5
Experiment strategy: random
Gamma set: 
Gamma1: 
Gamma2: 
Gamma3: 
Gamma4: 
Experiment seed: 46
Solver exit code: 0
Neighborhood selection: random
Random seed: 46
Simulated annealing: disabled
Diversification: disabled
Initial solution cost: 10194.357431
Improved solution cost: 7396.636412
Worst solution cost: 7396.636412
Mean solution cost: 7396.636412
Mean elapsed time: 2236.968552 seconds
Final solution feasibility: FEASIBLE
Solution Details:
Truck Routes:
Truck 1: 0 111 193 86 143 17 200 96 182 128 160 153 5 0 161 130 178 112 3 30 34 23 77 0 |Truck Time: 7046.585067|7046.585067,0.000000,0.000000,0.000000
Truck 2: 0 106 181 31 15 73 81 0 157 84 57 28 79 0 171 27 137 58 127 0 |Truck Time: 7396.636412|7396.636412,0.000000,0.000000,0.000000
Truck 3: 0 115 126 180 134 14 110 48 0 114 184 166 40 145 51 190 0 42 186 105 149 129 163 100 0 |Truck Time: 7367.007032|7367.007032,0.000000,0.000000,0.000000
Truck 4: 0 68 71 93 90 10 0 198 82 195 185 119 132 108 0 91 154 156 25 12 187 75 0 |Truck Time: 7371.966778|7371.966778,0.000000,0.000000,0.000000
Truck 5: 0 43 18 19 131 120 101 0 104 24 118 169 138 172 0 194 175 49 1 0 |Truck Time: 7276.100677|7276.100677,0.000000,0.000000,0.000000
Drone Routes:
Drone 1: 0 173 177 0 159 56 53 0 139 95 164 0 189 21 0 174 32 0 122 162 0 37 8 0 70 146 0 46 38 0 183 97 0 148 142 0 197 66 33 0 |Drone Time: 7391.329636|7391.329636,0.000000,0.000000,0.000000
Drone 2: 0 191 54 0 98 144 107 0 16 0 102 0 88 141 0 135 151 155 0 167 125 0 26 11 0 6 140 0 176 0 9 0 78 103 0 |Drone Time: 7396.400823|7396.400823,0.000000,0.000000,0.000000
Drone 3: 0 99 0 35 0 41 0 13 0 89 60 0 83 117 0 136 67 0 50 170 0 63 0 192 2 47 0 92 0 188 0 158 74 0 |Drone Time: 7352.263902|7352.263902,0.000000,0.000000,0.000000
Drone 4: 0 45 0 150 0 152 76 0 72 0 124 179 0 85 7 0 109 168 0 199 22 0 20 121 0 116 64 0 87 29 147 0 |Drone Time: 7372.689057|7372.689057,0.000000,0.000000,0.000000
Drone 5: 0 4 0 39 0 165 0 36 62 0 133 113 0 80 123 0 65 61 0 44 55 0 94 0 59 0 196 0 52 69 0 |Drone Time: 7390.702929|7390.702929,0.000000,0.000000,0.000000
Total validation: Makespan=7396.636412, Deadline violation=0.000000, Energy violation=0.000000, Capacity violation=0.000000
