Instance: 200.30.4
Customer group: 200
Repetition: 4
Experiment strategy: adaptive
Gamma set: g3
Gamma1: 0.3
Gamma2: 0.2
Gamma3: 0.1
Gamma4: 0.6
Experiment seed: 45
Solver exit code: 0
Neighborhood selection: adaptive
Adaptive parameters: 0.300000 0.200000 0.100000 0.600000
Random seed: 45
Simulated annealing: disabled
Diversification: disabled
Initial solution cost: 31633.718371
Improved solution cost: 25446.256472
Worst solution cost: 25446.256472
Mean solution cost: 25446.256472
Mean elapsed time: 1237.369639 seconds
Final solution feasibility: FEASIBLE
Solution Details:
Truck Routes:
Truck 1: 0 71 0 72 198 0 8 16 166 0 133 134 0 31 195 0 |Truck Time: 25015.655773|25015.655773,0.000000,0.000000,0.000000
Truck 2: 0 87 61 23 0 122 43 73 0 194 0 163 69 154 170 88 119 0 168 114 124 0 38 83 185 0 |Truck Time: 25435.023892|25435.023892,0.000000,0.000000,0.000000
Truck 3: 0 40 0 11 14 0 135 123 0 2 66 77 0 98 145 131 0 |Truck Time: 25369.111274|25369.111274,0.000000,0.000000,0.000000
Truck 4: 0 175 80 0 121 0 54 94 151 0 19 191 156 0 97 37 0 186 157 0 |Truck Time: 25263.831315|25263.831315,0.000000,0.000000,0.000000
Truck 5: 0 25 155 137 0 4 0 102 173 149 50 0 190 0 9 12 3 0 51 176 85 0 |Truck Time: 25446.256472|25446.256472,0.000000,0.000000,0.000000
Drone Routes:
Drone 1: 0 144 0 55 78 0 22 0 62 0 182 141 0 115 140 0 180 0 179 0 6 0 152 181 0 106 90 188 0 63 0 56 0 17 120 0 184 172 0 |Drone Time: 25259.628874|25259.628874,0.000000,0.000000,0.000000
Drone 2: 0 164 27 0 118 103 0 129 148 117 0 200 142 183 0 74 169 0 93 0 171 82 0 128 0 35 0 92 0 41 111 0 76 0 153 0 96 0 49 0 89 0 |Drone Time: 25446.208841|25446.208841,0.000000,0.000000,0.000000
Drone 3: 0 159 10 165 0 161 0 75 105 0 162 0 42 99 0 127 0 59 0 18 126 0 58 110 0 138 0 47 112 0 39 0 65 0 45 0 29 1 0 |Drone Time: 25432.667991|25432.667991,0.000000,0.000000,0.000000
Drone 4: 0 193 32 0 48 130 86 0 95 160 0 46 132 113 81 44 107 0 109 199 197 5 0 167 0 147 0 177 57 0 20 125 0 79 0 196 0 116 0 28 0 84 0 53 0 |Drone Time: 25326.620393|25326.620393,0.000000,0.000000,0.000000
Drone 5: 0 143 0 36 187 189 34 0 30 52 0 13 108 0 178 15 0 101 139 150 33 0 70 146 7 0 174 0 64 67 24 0 21 0 104 91 100 192 0 60 0 136 0 68 0 26 158 0 |Drone Time: 25325.706442|25325.706442,0.000000,0.000000,0.000000
Total validation: Makespan=25446.256472, Deadline violation=0.000000, Energy violation=0.000000, Capacity violation=0.000000
