Instance: 200.30.4
Customer group: 200
Repetition: 1
Experiment strategy: adaptive
Gamma set: g1
Gamma1: 0.3
Gamma2: 0.2
Gamma3: 0.1
Gamma4: 0.3
Experiment seed: 42
Solver exit code: 0
Neighborhood selection: adaptive
Adaptive parameters: 0.300000 0.200000 0.100000 0.300000
Random seed: 42
Simulated annealing: disabled
Diversification: disabled
Initial solution cost: 31887.538974
Improved solution cost: 25380.678290
Worst solution cost: 25380.678290
Mean solution cost: 25380.678290
Mean elapsed time: 1282.038837 seconds
Final solution feasibility: FEASIBLE
Solution Details:
Truck Routes:
Truck 1: 0 49 113 0 198 0 53 0 74 73 0 104 151 0 165 171 0 |Truck Time: 24897.667260|24897.667260,0.000000,0.000000,0.000000
Truck 2: 0 194 137 0 57 122 0 96 16 0 9 59 0 152 2 82 0 |Truck Time: 25380.678290|25380.678290,0.000000,0.000000,0.000000
Truck 3: 0 84 71 170 119 0 190 0 39 14 196 67 175 0 43 145 62 102 0 66 5 61 0 |Truck Time: 25343.671898|25343.671898,0.000000,0.000000,0.000000
Truck 4: 0 80 131 0 83 0 163 117 60 0 19 29 191 107 0 23 0 142 54 114 0 |Truck Time: 25292.471596|25292.471596,0.000000,0.000000,0.000000
Truck 5: 0 26 3 0 25 0 143 157 0 72 139 173 195 50 0 51 176 85 0 48 98 177 0 |Truck Time: 25236.374561|25236.374561,0.000000,0.000000,0.000000
Drone Routes:
Drone 1: 0 110 178 108 0 6 64 0 197 10 0 132 123 0 140 111 0 185 158 129 182 0 118 58 0 94 0 179 0 47 112 0 135 0 153 0 121 149 0 156 8 0 168 0 134 0 |Drone Time: 25057.819888|25057.819888,0.000000,0.000000,0.000000
Drone 2: 0 36 44 125 0 138 130 0 160 27 0 103 97 172 0 40 42 0 189 133 0 109 33 0 92 32 0 13 183 0 79 0 106 0 136 0 4 186 0 68 0 |Drone Time: 25262.616111|25262.616111,0.000000,0.000000,0.000000
Drone 3: 0 93 90 38 0 78 115 0 141 181 75 0 101 46 0 116 52 0 166 1 70 0 15 0 180 0 76 188 0 21 0 87 146 0 88 31 0 17 86 0 126 18 0 155 0 77 0 |Drone Time: 25366.532495|25366.532495,0.000000,0.000000,0.000000
Drone 4: 0 162 81 0 95 34 0 144 0 154 30 0 147 0 127 0 167 0 169 128 0 35 0 69 0 41 200 0 63 0 56 0 22 0 12 0 |Drone Time: 25253.041908|25253.041908,0.000000,0.000000,0.000000
Drone 5: 0 193 0 161 0 105 0 37 187 0 99 0 120 28 148 0 124 55 91 100 0 7 0 174 0 11 0 159 164 0 65 0 45 0 20 24 0 89 192 199 0 184 150 0 |Drone Time: 25307.768771|25307.768771,0.000000,0.000000,0.000000
Total validation: Makespan=25380.678290, Deadline violation=0.000000, Energy violation=0.000000, Capacity violation=0.000000
