Instance: 200.20.1
Customer group: 200
Repetition: 3
Experiment strategy: adaptive
Gamma set: g1
Gamma1: 0.3
Gamma2: 0.2
Gamma3: 0.1
Gamma4: 0.3
Experiment seed: 44
Solver exit code: 0
Neighborhood selection: adaptive
Adaptive parameters: 0.300000 0.200000 0.100000 0.300000
Random seed: 44
Simulated annealing: disabled
Diversification: disabled
Initial solution cost: 20889.757495
Improved solution cost: 13556.218782
Worst solution cost: 13556.218782
Mean solution cost: 13556.218782
Mean elapsed time: 1301.106257 seconds
Final solution feasibility: FEASIBLE
Solution Details:
Truck Routes:
Truck 1: 0 63 124 115 193 0 132 0 133 96 142 183 0 56 100 0 |Truck Time: 13336.908416|13336.908416,0.000000,0.000000,0.000000
Truck 2: 0 29 69 0 135 31 0 53 3 200 178 0 13 37 197 58 147 157 145 0 |Truck Time: 13396.249058|13396.249058,0.000000,0.000000,0.000000
Truck 3: 0 0 94 141 186 97 73 0 161 5 143 148 192 107 0 163 78 101 36 110 60 0 |Truck Time: 13556.218782|13556.218782,0.000000,0.000000,0.000000
Truck 4: 0 2 33 105 67 0 95 0 179 85 46 130 155 0 40 158 0 42 0 |Truck Time: 13537.981824|13537.981824,0.000000,0.000000,0.000000
Truck 5: 0 35 122 118 48 0 126 16 81 65 66 0 25 83 72 34 11 0 152 166 62 76 111 26 0 |Truck Time: 13553.732418|13553.732418,0.000000,0.000000,0.000000
Drone Routes:
Drone 1: 0 61 0 21 0 75 189 70 0 84 196 22 0 175 108 0 54 41 38 0 32 82 119 113 0 17 0 188 89 0 184 181 0 170 0 49 0 123 51 0 |Drone Time: 13529.910595|13529.910595,0.000000,0.000000,0.000000
Drone 2: 0 28 187 0 103 0 55 127 0 146 190 199 27 0 8 74 87 0 194 15 0 88 91 52 160 0 18 0 139 134 0 7 0 151 44 0 |Drone Time: 13373.137963|13373.137963,0.000000,0.000000,0.000000
Drone 3: 0 195 106 129 0 144 185 4 191 57 0 23 71 0 164 43 86 0 149 0 112 98 0 45 154 137 0 12 64 0 14 162 0 159 0 6 0 173 0 20 0 |Drone Time: 13516.411765|13516.411765,0.000000,0.000000,0.000000
Drone 4: 0 174 0 121 0 140 0 10 131 0 9 169 138 0 128 171 0 150 90 0 136 168 177 0 120 104 0 109 116 0 176 0 92 0 99 0 |Drone Time: 13512.971627|13512.971627,0.000000,0.000000,0.000000
Drone 5: 0 77 153 39 0 198 182 0 156 180 0 24 114 0 59 172 1 102 0 47 117 125 0 30 68 50 0 165 93 0 80 0 167 0 19 0 79 0 |Drone Time: 13518.793785|13518.793785,0.000000,0.000000,0.000000
Total validation: Makespan=13556.218782, Deadline violation=0.000000, Energy violation=0.000000, Capacity violation=0.000000
