Instance: 200.10.3
Customer group: 200
Repetition: 4
Experiment strategy: random
Gamma set: 
Gamma1: 
Gamma2: 
Gamma3: 
Gamma4: 
Experiment seed: 45
Solver exit code: 0
Neighborhood selection: random
Random seed: 45
Simulated annealing: disabled
Diversification: disabled
Initial solution cost: 10033.142674
Improved solution cost: 7369.317030
Worst solution cost: 7369.317030
Mean solution cost: 7369.317030
Mean elapsed time: 1542.685883 seconds
Final solution feasibility: FEASIBLE
Solution Details:
Truck Routes:
Truck 1: 0 65 190 155 59 18 61 0 38 153 191 116 35 0 112 68 130 29 0 |Truck Time: 7282.223062|7282.223062,0.000000,0.000000,0.000000
Truck 2: 0 154 56 144 162 41 0 108 50 66 200 185 91 99 127 86 26 0 188 36 196 0 |Truck Time: 7351.858214|7351.858214,0.000000,0.000000,0.000000
Truck 3: 0 104 182 122 80 82 184 14 1 97 194 4 76 0 180 8 106 0 25 7 143 137 79 0 |Truck Time: 7295.775621|7295.775621,0.000000,0.000000,0.000000
Truck 4: 0 149 123 150 138 22 0 141 165 24 88 71 166 92 0 21 124 40 15 16 0 |Truck Time: 7369.317030|7369.317030,0.000000,0.000000,0.000000
Truck 5: 0 96 158 27 0 39 136 32 87 189 126 51 0 2 23 198 95 197 0 186 5 0 |Truck Time: 7341.866047|7341.866047,0.000000,0.000000,0.000000
Drone Routes:
Drone 1: 0 121 159 187 63 0 139 145 31 0 85 72 0 142 81 132 117 0 133 0 55 147 105 0 62 75 0 94 192 0 58 0 67 20 0 172 0 |Drone Time: 7347.285936|7347.285936,0.000000,0.000000,0.000000
Drone 2: 0 10 74 28 60 0 199 13 118 0 179 54 0 151 131 183 163 0 52 101 0 102 168 0 140 0 46 125 113 0 49 0 128 0 |Drone Time: 7299.716365|7299.716365,0.000000,0.000000,0.000000
Drone 3: 0 103 178 0 170 177 44 0 120 0 110 174 0 135 157 9 0 129 0 34 0 84 0 100 78 0 175 0 |Drone Time: 7200.614199|7200.614199,0.000000,0.000000,0.000000
Drone 4: 0 12 156 109 164 64 0 161 83 0 69 73 146 0 3 47 45 0 134 119 0 17 107 169 0 111 171 0 90 0 89 0 193 98 0 |Drone Time: 7350.765269|7350.765269,0.000000,0.000000,0.000000
Drone 5: 0 115 57 53 11 30 176 152 77 48 0 173 114 37 0 167 43 195 0 6 0 42 0 181 0 70 0 160 148 0 19 0 93 33 0 |Drone Time: 7347.712097|7347.712097,0.000000,0.000000,0.000000
Total validation: Makespan=7369.317030, Deadline violation=0.000000, Energy violation=0.000000, Capacity violation=0.000000
