Instance: 200.10.1
Customer group: 200
Repetition: 5
Experiment strategy: adaptive
Gamma set: g2
Gamma1: 0.5
Gamma2: 0.3
Gamma3: 0.1
Gamma4: 0.3
Experiment seed: 46
Solver exit code: 0
Neighborhood selection: adaptive
Adaptive parameters: 0.500000 0.300000 0.100000 0.300000
Random seed: 46
Simulated annealing: disabled
Diversification: disabled
Initial solution cost: 10311.854697
Improved solution cost: 7494.691452
Worst solution cost: 7494.691452
Mean solution cost: 7494.691452
Mean elapsed time: 1403.846600 seconds
Final solution feasibility: FEASIBLE
Solution Details:
Truck Routes:
Truck 1: 0 171 189 0 39 41 2 0 132 67 82 74 116 164 0 |Truck Time: 7474.103477|7474.103477,0.000000,0.000000,0.000000
Truck 2: 0 199 100 75 140 18 0 161 177 59 125 120 16 0 150 57 108 87 7 10 52 143 0 |Truck Time: 7494.691452|7494.691452,0.000000,0.000000,0.000000
Truck 3: 0 117 130 136 20 156 79 133 27 6 0 95 33 85 9 122 78 152 176 190 167 0 47 118 51 64 180 0 |Truck Time: 7356.971492|7356.971492,0.000000,0.000000,0.000000
Truck 4: 0 163 19 68 42 129 166 148 58 0 157 69 137 22 13 102 24 124 83 0 |Truck Time: 7437.171572|7437.171572,0.000000,0.000000,0.000000
Truck 5: 0 14 146 173 89 0 144 31 94 149 45 98 37 131 154 0 97 92 12 91 76 17 134 50 0 |Truck Time: 7492.239084|7492.239084,0.000000,0.000000,0.000000
Drone Routes:
Drone 1: 0 172 40 103 0 62 77 193 84 0 147 63 0 4 55 48 0 93 165 181 0 29 191 0 101 66 35 8 0 155 153 0 86 0 60 0 80 38 0 |Drone Time: 7434.832695|7434.832695,0.000000,0.000000,0.000000
Drone 2: 0 32 106 0 182 138 0 46 1 26 0 105 174 0 183 135 0 126 141 0 168 0 178 53 0 159 0 123 0 121 0 56 21 0 |Drone Time: 7355.519813|7355.519813,0.000000,0.000000,0.000000
Drone 3: 0 142 0 170 71 192 0 194 44 0 169 112 0 200 65 0 113 43 0 115 0 30 0 25 184 0 109 0 81 72 0 |Drone Time: 7453.996708|7453.996708,0.000000,0.000000,0.000000
Drone 4: 0 119 0 3 0 88 114 0 158 187 0 99 162 70 54 0 49 0 186 0 151 0 110 104 0 15 0 195 5 0 127 23 0 |Drone Time: 7451.029648|7451.029648,0.000000,0.000000,0.000000
Drone 5: 0 196 90 0 61 188 0 107 0 179 198 145 0 96 36 128 0 197 11 0 139 111 0 185 0 160 28 0 175 34 0 73 0 |Drone Time: 7387.097134|7387.097134,0.000000,0.000000,0.000000
Total validation: Makespan=7494.691452, Deadline violation=0.000000, Energy violation=0.000000, Capacity violation=0.000000
