Instance: 200.10.1
Customer group: 200
Repetition: 4
Experiment strategy: cyclic
Gamma set: 
Gamma1: 
Gamma2: 
Gamma3: 
Gamma4: 
Experiment seed: 45
Solver exit code: 0
Neighborhood selection: cyclic
Random seed: 45
Simulated annealing: disabled
Diversification: disabled
Initial solution cost: 10796.437825
Improved solution cost: 7048.713875
Worst solution cost: 7048.713875
Mean solution cost: 7048.713875
Mean elapsed time: 1662.537788 seconds
Final solution feasibility: FEASIBLE
Solution Details:
Truck Routes:
Truck 1: 0 120 16 0 28 107 91 27 56 0 101 106 49 52 65 198 163 15 0 |Truck Time: 6867.529762|6867.529762,0.000000,0.000000,0.000000
Truck 2: 0 134 110 33 168 180 0 175 117 147 90 0 24 196 181 39 41 151 14 0 |Truck Time: 7024.335226|7024.335226,0.000000,0.000000,0.000000
Truck 3: 0 94 188 43 128 74 135 199 100 75 46 140 0 50 78 73 152 167 0 80 130 81 89 0 |Truck Time: 7048.713875|7048.713875,0.000000,0.000000,0.000000
Truck 4: 0 3 0 2 157 13 22 69 148 58 166 194 0 177 87 10 7 131 0 |Truck Time: 6959.815962|6959.815962,0.000000,0.000000,0.000000
Truck 5: 0 18 144 31 155 25 42 68 169 129 35 0 51 197 9 122 30 191 178 0 72 192 12 133 92 156 0 |Truck Time: 7021.796415|7021.796415,0.000000,0.000000,0.000000
Drone Routes:
Drone 1: 0 88 187 0 34 124 0 154 183 0 45 40 0 132 0 99 186 0 105 0 142 0 161 195 0 47 118 95 21 0 170 63 127 44 0 61 98 0 |Drone Time: 7047.038101|7047.038101,0.000000,0.000000,0.000000
Drone 2: 0 146 179 0 23 141 0 160 97 20 0 70 112 0 176 145 0 190 85 0 93 123 0 185 0 115 0 32 119 0 57 0 |Drone Time: 7025.105190|7025.105190,0.000000,0.000000,0.000000
Drone 3: 0 84 126 64 0 76 0 116 26 0 60 0 121 71 0 59 0 153 48 37 0 184 109 0 171 193 0 150 0 29 53 0 62 174 0 |Drone Time: 7048.569252|7048.569252,0.000000,0.000000,0.000000
Drone 4: 0 104 0 111 139 38 0 125 66 0 83 182 189 0 113 36 0 86 0 82 96 0 19 54 0 172 1 67 158 0 55 4 8 0 143 0 |Drone Time: 7041.172721|7041.172721,0.000000,0.000000,0.000000
Drone 5: 0 17 77 164 0 200 138 0 149 0 137 165 102 0 103 114 0 108 162 0 6 11 0 136 79 0 159 0 173 5 0 |Drone Time: 6994.915732|6994.915732,0.000000,0.000000,0.000000
Total validation: Makespan=7048.713875, Deadline violation=0.000000, Energy violation=0.000000, Capacity violation=0.000000
