Instance: 200.30.2
Customer group: 200
Repetition: 1
Experiment strategy: adaptive
Gamma set: g1
Gamma1: 0.3
Gamma2: 0.2
Gamma3: 0.1
Gamma4: 0.3
Experiment seed: 42
Solver exit code: 0
Neighborhood selection: adaptive
Adaptive parameters: 0.300000 0.200000 0.100000 0.300000
Random seed: 42
Simulated annealing: disabled
Diversification: disabled
Initial solution cost: 30411.092372
Improved solution cost: 21845.740778
Worst solution cost: 21845.740778
Mean solution cost: 21845.740778
Mean elapsed time: 1058.672356 seconds
Final solution feasibility: FEASIBLE
Solution Details:
Truck Routes:
Truck 1: 0 7 125 172 0 199 69 0 109 99 0 104 0 |Truck Time: 21694.574336|21694.574336,0.000000,0.000000,0.000000
Truck 2: 0 171 101 0 46 135 0 155 149 113 177 0 100 160 6 141 0 191 77 10 33 0 |Truck Time: 21845.740778|21845.740778,0.000000,0.000000,0.000000
Truck 3: 0 130 16 120 122 0 133 140 0 19 43 0 11 129 82 134 0 162 184 186 148 0 |Truck Time: 21788.044426|21788.044426,0.000000,0.000000,0.000000
Truck 4: 0 132 51 80 150 47 0 89 65 0 96 190 0 56 13 111 0 87 60 23 48 0 |Truck Time: 21400.930074|21400.930074,0.000000,0.000000,0.000000
Truck 5: 0 39 0 91 74 78 108 179 146 0 32 117 142 0 22 8 158 75 0 183 0 |Truck Time: 21033.088042|21033.088042,0.000000,0.000000,0.000000
Drone Routes:
Drone 1: 0 112 185 0 182 9 127 0 114 94 53 0 37 168 173 0 145 93 0 192 66 143 0 123 71 0 54 12 0 2 35 0 92 85 52 0 137 0 196 178 0 131 55 0 |Drone Time: 21810.184892|21810.184892,0.000000,0.000000,0.000000
Drone 2: 0 163 0 29 0 126 0 195 62 0 58 25 0 161 76 0 174 138 0 28 36 154 0 84 139 41 0 44 0 98 0 86 0 136 0 97 128 0 |Drone Time: 21589.062018|21589.062018,0.000000,0.000000,0.000000
Drone 3: 0 21 0 193 170 0 15 81 106 1 0 124 0 42 159 144 0 90 194 0 198 0 67 88 95 0 169 0 165 14 0 121 116 79 49 0 68 0 27 0 180 0 18 0 |Drone Time: 21809.701736|21809.701736,0.000000,0.000000,0.000000
Drone 4: 0 119 0 3 70 176 0 83 152 0 103 187 0 110 197 0 164 0 4 0 50 105 0 175 156 0 151 0 167 188 0 107 157 0 45 24 0 |Drone Time: 21651.481651|21651.481651,0.000000,0.000000,0.000000
Drone 5: 0 34 30 0 147 64 166 0 63 40 0 200 0 153 0 26 0 181 59 118 57 0 31 61 0 189 72 0 115 17 0 38 0 102 0 20 0 73 5 0 |Drone Time: 21766.716555|21766.716555,0.000000,0.000000,0.000000
Total validation: Makespan=21845.740778, Deadline violation=0.000000, Energy violation=0.000000, Capacity violation=0.000000
