Instance: 200.10.4
Customer group: 200
Repetition: 2
Experiment strategy: cyclic
Gamma set: 
Gamma1: 
Gamma2: 
Gamma3: 
Gamma4: 
Experiment seed: 43
Solver exit code: 0
Neighborhood selection: cyclic
Random seed: 43
Simulated annealing: disabled
Diversification: disabled
Initial solution cost: 10057.525404
Improved solution cost: 7702.956414
Worst solution cost: 7702.956414
Mean solution cost: 7702.956414
Mean elapsed time: 1490.607382 seconds
Final solution feasibility: FEASIBLE
Solution Details:
Truck Routes:
Truck 1: 0 162 52 0 79 4 143 0 171 131 36 19 0 59 176 87 46 0 |Truck Time: 7697.364816|7697.364816,0.000000,0.000000,0.000000
Truck 2: 0 178 63 175 8 174 167 0 53 82 119 198 110 48 142 0 43 120 149 12 105 186 196 0 |Truck Time: 7702.452729|7702.452729,0.000000,0.000000,0.000000
Truck 3: 0 187 25 154 139 92 75 0 90 64 145 101 0 127 39 58 137 0 |Truck Time: 7702.956414|7702.956414,0.000000,0.000000,0.000000
Truck 4: 0 108 170 195 185 99 115 0 70 72 112 68 23 0 33 144 80 111 0 |Truck Time: 7688.547162|7688.547162,0.000000,0.000000,0.000000
Truck 5: 0 104 9 88 141 193 81 78 5 153 106 0 84 26 13 157 0 51 3 1 30 138 169 114 40 21 190 0 |Truck Time: 7681.434036|7681.434036,0.000000,0.000000,0.000000
Drone Routes:
Drone 1: 0 152 76 0 49 0 194 0 123 17 0 116 189 0 168 0 71 54 0 163 135 0 96 2 197 0 42 0 16 0 77 38 0 148 69 0 |Drone Time: 7593.076297|7593.076297,0.000000,0.000000,0.000000
Drone 2: 0 113 0 31 0 97 0 32 125 161 7 0 98 60 89 103 0 65 66 0 129 166 121 0 14 0 184 109 91 0 100 128 0 181 158 0 182 0 |Drone Time: 7667.174644|7667.174644,0.000000,0.000000,0.000000
Drone 3: 0 6 180 29 0 57 0 67 41 0 11 136 44 0 22 199 0 83 126 0 85 0 35 56 0 94 0 156 95 0 28 0 73 0 200 0 |Drone Time: 7688.679493|7688.679493,0.000000,0.000000,0.000000
Drone 4: 0 179 134 147 0 62 164 0 15 107 61 0 102 0 74 20 0 150 173 0 86 192 0 165 50 159 0 133 177 37 0 34 146 0 24 122 0 140 0 |Drone Time: 7696.555643|7696.555643,0.000000,0.000000,0.000000
Drone 5: 0 155 151 27 0 188 0 124 0 118 191 0 55 0 130 0 18 0 132 117 0 47 0 45 0 10 93 0 160 0 183 172 0 |Drone Time: 7666.776886|7666.776886,0.000000,0.000000,0.000000
Total validation: Makespan=7702.956414, Deadline violation=0.000000, Energy violation=0.000000, Capacity violation=0.000000
