Instance: 200.30.2
Customer group: 200
Repetition: 3
Experiment strategy: cyclic
Gamma set: 
Gamma1: 
Gamma2: 
Gamma3: 
Gamma4: 
Experiment seed: 44
Solver exit code: 0
Neighborhood selection: cyclic
Random seed: 44
Simulated annealing: disabled
Diversification: disabled
Initial solution cost: 31788.730834
Improved solution cost: 26856.910097
Worst solution cost: 26856.910097
Mean solution cost: 26856.910097
Mean elapsed time: 996.896122 seconds
Final solution feasibility: FEASIBLE
Solution Details:
Truck Routes:
Truck 1: 0 193 0 65 0 111 0 97 199 0 48 0 16 146 0 |Truck Time: 26722.221228|26722.221228,0.000000,0.000000,0.000000
Truck 2: 0 56 181 198 0 23 0 80 51 190 96 0 103 133 0 86 0 126 141 0 |Truck Time: 26855.640179|26855.640179,0.000000,0.000000,0.000000
Truck 3: 0 162 47 0 135 0 160 100 0 62 20 140 0 104 0 33 5 0 75 171 0 |Truck Time: 26666.736975|26666.736975,0.000000,0.000000,0.000000
Truck 4: 0 130 0 186 0 87 0 129 125 0 8 0 185 0 |Truck Time: 26485.290376|26485.290376,0.000000,0.000000,0.000000
Truck 5: 0 178 161 148 18 0 177 10 183 0 172 101 19 0 74 0 174 0 12 134 0 159 154 153 0 |Truck Time: 26856.910097|26856.910097,0.000000,0.000000,0.000000
Drone Routes:
Drone 1: 0 105 64 143 78 108 179 195 0 63 144 0 200 0 124 0 22 0 99 166 0 45 15 0 158 182 175 0 26 0 119 0 60 0 151 0 29 0 184 31 0 191 0 |Drone Time: 26719.249558|26719.249558,0.000000,0.000000,0.000000
Drone 2: 0 11 67 42 0 169 52 25 37 0 13 128 0 164 53 0 14 94 0 145 0 89 0 131 93 0 76 197 54 55 0 72 0 79 49 0 165 38 0 27 0 180 0 61 132 0 |Drone Time: 26661.974863|26661.974863,0.000000,0.000000,0.000000
Drone 3: 0 150 70 155 116 0 122 120 123 0 113 106 0 173 0 90 194 0 109 0 71 0 58 0 176 0 167 188 0 110 0 21 0 98 0 57 69 0 92 147 0 |Drone Time: 26767.319434|26767.319434,0.000000,0.000000,0.000000
Drone 4: 0 127 28 137 81 1 0 39 83 36 0 7 73 121 88 0 91 192 0 68 9 0 66 0 6 0 85 84 139 0 118 0 77 138 0 44 0 102 0 17 0 196 107 0 136 0 |Drone Time: 26808.041219|26808.041219,0.000000,0.000000,0.000000
Drone 5: 0 142 112 40 187 41 0 157 35 59 189 46 0 43 117 168 0 115 152 0 156 24 0 163 0 114 170 0 95 0 4 0 50 0 34 30 0 2 0 149 0 32 3 0 82 0 |Drone Time: 26508.368545|26508.368545,0.000000,0.000000,0.000000
Total validation: Makespan=26856.910097, Deadline violation=0.000000, Energy violation=0.000000, Capacity violation=0.000000
