Instance: 200.30.4
Customer group: 200
Repetition: 3
Experiment strategy: random
Gamma set: 
Gamma1: 
Gamma2: 
Gamma3: 
Gamma4: 
Experiment seed: 44
Solver exit code: 0
Neighborhood selection: random
Random seed: 44
Simulated annealing: disabled
Diversification: disabled
Initial solution cost: 31683.195528
Improved solution cost: 25585.469117
Worst solution cost: 25585.469117
Mean solution cost: 25585.469117
Mean elapsed time: 1296.459751 seconds
Final solution feasibility: FEASIBLE
Solution Details:
Truck Routes:
Truck 1: 0 149 0 168 4 0 136 174 0 176 85 0 112 29 132 0 |Truck Time: 25492.719938|25492.719938,0.000000,0.000000,0.000000
Truck 2: 0 72 173 150 0 166 0 25 185 26 0 52 11 13 22 137 0 102 62 131 0 87 0 193 165 0 |Truck Time: 25537.408849|25537.408849,0.000000,0.000000,0.000000
Truck 3: 0 177 0 195 0 83 0 84 119 170 163 0 23 61 0 122 43 37 80 0 8 187 16 0 |Truck Time: 25548.631231|25548.631231,0.000000,0.000000,0.000000
Truck 4: 0 151 0 155 157 0 19 0 135 123 172 198 0 50 109 0 2 141 60 0 |Truck Time: 25585.469117|25585.469117,0.000000,0.000000,0.000000
Truck 5: 0 124 0 31 89 0 54 142 55 0 49 0 9 66 181 0 20 38 24 200 0 |Truck Time: 25579.385219|25579.385219,0.000000,0.000000,0.000000
Drone Routes:
Drone 1: 0 188 105 0 74 103 0 81 162 0 140 183 100 0 41 64 0 197 10 70 192 0 7 0 179 0 110 58 178 0 94 0 14 0 117 0 190 186 0 12 0 156 53 0 |Drone Time: 25419.150146|25419.150146,0.000000,0.000000,0.000000
Drone 2: 0 106 90 0 146 144 0 152 0 57 73 0 127 0 133 164 0 169 128 0 180 0 79 0 196 0 158 126 120 0 65 0 91 194 0 143 125 0 175 67 0 |Drone Time: 25573.972929|25573.972929,0.000000,0.000000,0.000000
Drone 3: 0 33 118 199 0 115 108 0 88 71 75 0 191 0 114 5 0 121 78 0 39 0 48 30 0 21 0 95 113 0 160 27 1 0 116 0 45 0 68 0 184 36 0 |Drone Time: 25463.739594|25463.739594,0.000000,0.000000,0.000000
Drone 4: 0 76 0 145 42 0 92 32 0 44 97 51 0 107 46 0 93 111 0 3 0 167 0 35 0 18 154 0 98 0 182 129 69 0 63 0 28 0 161 0 104 0 |Drone Time: 25253.932139|25253.932139,0.000000,0.000000,0.000000
Drone 5: 0 138 130 0 86 59 0 96 189 0 99 0 15 0 171 82 0 17 148 0 147 0 6 0 47 34 0 40 139 0 153 0 56 0 77 0 101 159 0 134 0 |Drone Time: 25388.607136|25388.607136,0.000000,0.000000,0.000000
Total validation: Makespan=25585.469117, Deadline violation=0.000000, Energy violation=0.000000, Capacity violation=0.000000
