Instance: 200.30.2
Customer group: 200
Repetition: 5
Experiment strategy: adaptive
Gamma set: g1
Gamma1: 0.3
Gamma2: 0.2
Gamma3: 0.1
Gamma4: 0.3
Experiment seed: 46
Solver exit code: 0
Neighborhood selection: adaptive
Adaptive parameters: 0.300000 0.200000 0.100000 0.300000
Random seed: 46
Simulated annealing: disabled
Diversification: disabled
Initial solution cost: 31760.066328
Improved solution cost: 18383.915620
Worst solution cost: 18383.915620
Mean solution cost: 18383.915620
Mean elapsed time: 1242.819684 seconds
Final solution feasibility: FEASIBLE
Solution Details:
Truck Routes:
Truck 1: 0 188 51 47 0 42 22 8 125 134 0 17 27 176 149 113 0 |Truck Time: 18170.330706|18170.330706,0.000000,0.000000,0.000000
Truck 2: 0 142 150 61 132 186 0 5 56 68 198 0 63 12 119 175 0 82 21 45 129 172 40 0 |Truck Time: 18378.348434|18378.348434,0.000000,0.000000,0.000000
Truck 3: 0 28 153 0 183 10 55 33 0 74 16 120 130 122 108 146 0 126 141 25 190 96 0 0 |Truck Time: 18074.049101|18074.049101,0.000000,0.000000,0.000000
Truck 4: 0 19 39 43 162 0 69 191 77 75 0 104 100 160 6 193 80 0 18 148 177 0 |Truck Time: 18378.229403|18378.229403,0.000000,0.000000,0.000000
Truck 5: 0 54 184 101 171 0 133 20 48 92 161 0 185 44 103 0 46 86 174 49 67 135 0 |Truck Time: 18383.915620|18383.915620,0.000000,0.000000,0.000000
Drone Routes:
Drone 1: 0 64 99 105 0 11 0 192 66 143 0 194 102 0 137 0 131 0 88 145 121 0 30 158 0 7 0 197 14 41 52 0 110 0 81 1 4 0 |Drone Time: 18249.457156|18249.457156,0.000000,0.000000,0.000000
Drone 2: 0 187 151 0 70 152 53 0 127 38 0 73 29 0 94 164 0 139 50 0 196 0 59 128 97 0 170 114 0 84 85 76 0 182 34 0 89 65 0 |Drone Time: 18372.281531|18372.281531,0.000000,0.000000,0.000000
Drone 3: 0 163 0 200 0 169 0 31 112 0 15 106 9 0 155 32 0 165 109 0 91 178 0 116 93 95 0 147 140 195 0 107 13 0 157 71 0 |Drone Time: 18373.739836|18373.739836,0.000000,0.000000,0.000000
Drone 4: 0 23 0 98 0 78 2 0 26 0 90 0 36 154 0 87 60 0 124 0 189 72 138 0 57 111 35 179 0 123 199 181 0 |Drone Time: 18330.859047|18330.859047,0.000000,0.000000,0.000000
Drone 5: 0 180 0 58 0 156 24 0 83 115 3 0 118 0 62 166 0 136 0 167 117 0 159 144 0 79 0 37 168 173 0 |Drone Time: 18355.628947|18355.628947,0.000000,0.000000,0.000000
Total validation: Makespan=18383.915620, Deadline violation=0.000000, Energy violation=0.000000, Capacity violation=0.000000
