Instance: 200.30.4
Customer group: 200
Repetition: 5
Experiment strategy: cyclic
Gamma set: 
Gamma1: 
Gamma2: 
Gamma3: 
Gamma4: 
Experiment seed: 46
Solver exit code: 0
Neighborhood selection: cyclic
Random seed: 46
Simulated annealing: disabled
Diversification: disabled
Initial solution cost: 30857.673727
Improved solution cost: 25985.390607
Worst solution cost: 25985.390607
Mean solution cost: 25985.390607
Mean elapsed time: 1467.708465 seconds
Final solution feasibility: FEASIBLE
Solution Details:
Truck Routes:
Truck 1: 0 87 0 190 0 122 0 2 9 59 28 0 133 8 0 134 0 |Truck Time: 25303.259028|25303.259028,0.000000,0.000000,0.000000
Truck 2: 0 5 23 3 0 157 0 135 123 0 131 0 163 154 170 84 0 119 12 31 0 73 10 0 |Truck Time: 25845.823837|25845.823837,0.000000,0.000000,0.000000
Truck 3: 0 184 0 104 0 149 194 0 20 14 0 39 177 0 32 176 147 44 107 0 |Truck Time: 25985.390607|25985.390607,0.000000,0.000000,0.000000
Truck 4: 0 50 197 185 89 0 132 0 11 142 22 54 0 16 96 191 166 0 98 145 62 102 0 33 0 |Truck Time: 25761.437580|25761.437580,0.000000,0.000000,0.000000
Truck 5: 0 26 195 0 4 0 83 0 66 82 0 198 0 19 156 0 140 94 168 0 |Truck Time: 25833.147197|25833.147197,0.000000,0.000000,0.000000
Drone Routes:
Drone 1: 0 199 110 169 172 0 143 115 0 182 165 0 105 0 151 100 91 52 0 45 55 0 128 97 1 0 99 42 0 158 126 181 0 175 111 0 80 0 153 0 117 0 25 120 0 68 0 |Drone Time: 25463.698154|25463.698154,0.000000,0.000000,0.000000
Drone 2: 0 85 51 0 138 130 0 193 34 0 141 36 0 127 0 37 164 0 180 0 179 0 49 112 0 148 75 60 0 90 196 0 124 0 116 0 155 0 101 159 0 |Drone Time: 25615.943997|25615.943997,0.000000,0.000000,0.000000
Drone 3: 0 93 70 0 46 27 0 24 30 0 152 0 121 58 0 15 0 167 0 174 0 188 69 38 0 21 0 92 0 18 71 0 136 0 56 0 173 0 61 0 |Drone Time: 25490.082033|25490.082033,0.000000,0.000000,0.000000
Drone 4: 0 74 103 0 113 189 187 81 146 0 13 72 0 162 0 125 67 186 0 53 0 7 0 95 160 0 6 0 43 0 139 129 79 0 65 0 47 0 161 0 77 0 |Drone Time: 25958.122784|25958.122784,0.000000,0.000000,0.000000
Drone 5: 0 48 0 88 86 0 57 109 118 150 0 144 0 41 108 0 114 178 0 40 192 200 0 35 0 29 0 183 78 0 76 0 106 0 63 0 17 0 171 0 137 64 0 |Drone Time: 25891.195016|25891.195016,0.000000,0.000000,0.000000
Total validation: Makespan=25985.390607, Deadline violation=0.000000, Energy violation=0.000000, Capacity violation=0.000000
