Instance: 200.20.1
Customer group: 200
Repetition: 3
Experiment strategy: adaptive
Gamma set: g4
Gamma1: 0.5
Gamma2: 0.3
Gamma3: 0.1
Gamma4: 0.6
Experiment seed: 44
Solver exit code: 0
Neighborhood selection: adaptive
Adaptive parameters: 0.500000 0.300000 0.100000 0.600000
Random seed: 44
Simulated annealing: disabled
Diversification: disabled
Initial solution cost: 20889.757495
Improved solution cost: 13325.758836
Worst solution cost: 13325.758836
Mean solution cost: 13325.758836
Mean elapsed time: 1707.938208 seconds
Final solution feasibility: FEASIBLE
Solution Details:
Truck Routes:
Truck 1: 0 61 135 115 174 144 0 133 96 183 142 55 0 29 69 25 85 46 173 0 |Truck Time: 13156.196134|13156.196134,0.000000,0.000000,0.000000
Truck 2: 0 193 21 165 48 0 124 31 0 123 3 2 0 13 37 197 58 147 157 145 0 |Truck Time: 13325.758836|13325.758836,0.000000,0.000000,0.000000
Truck 3: 0 94 141 186 97 132 0 67 5 143 148 192 107 161 0 6 36 110 60 0 |Truck Time: 13293.195718|13293.195718,0.000000,0.000000,0.000000
Truck 4: 0 53 33 105 200 0 178 42 51 0 179 130 100 0 40 98 0 |Truck Time: 13310.688888|13310.688888,0.000000,0.000000,0.000000
Truck 5: 0 35 0 126 16 121 81 65 129 0 11 83 72 0 185 152 118 166 76 111 26 0 |Truck Time: 13262.404686|13262.404686,0.000000,0.000000,0.000000
Drone Routes:
Drone 1: 0 128 0 73 0 75 189 70 0 120 104 195 0 175 108 0 54 41 38 0 32 82 119 113 0 140 34 0 187 24 62 0 184 181 0 170 0 45 154 0 95 0 |Drone Time: 13289.008062|13289.008062,0.000000,0.000000,0.000000
Drone 2: 0 89 188 0 17 0 131 0 146 190 27 199 0 8 74 87 0 194 171 0 88 91 52 160 0 18 0 139 134 0 167 0 151 44 0 |Drone Time: 13292.016781|13292.016781,0.000000,0.000000,0.000000
Drone 3: 0 66 0 4 191 57 0 23 71 0 164 43 86 0 9 149 0 112 158 0 20 137 0 84 106 138 0 14 162 0 12 63 0 101 0 163 122 0 49 0 |Drone Time: 13309.626011|13309.626011,0.000000,0.000000,0.000000
Drone 4: 0 153 77 64 0 103 0 198 182 0 22 169 196 0 56 155 0 150 90 0 136 177 168 0 10 28 114 0 109 116 0 176 0 92 0 99 0 |Drone Time: 13266.895796|13266.895796,0.000000,0.000000,0.000000
Drone 5: 0 15 39 0 127 0 156 180 0 159 0 59 102 1 172 0 47 117 125 0 30 68 50 0 78 93 0 80 0 7 0 19 0 79 0 |Drone Time: 13206.945263|13206.945263,0.000000,0.000000,0.000000
Total validation: Makespan=13325.758836, Deadline violation=0.000000, Energy violation=0.000000, Capacity violation=0.000000
