Instance: 200.10.1
Customer group: 200
Repetition: 3
Experiment strategy: adaptive
Gamma set: g1
Gamma1: 0.3
Gamma2: 0.2
Gamma3: 0.1
Gamma4: 0.3
Experiment seed: 44
Solver exit code: 0
Neighborhood selection: adaptive
Adaptive parameters: 0.300000 0.200000 0.100000 0.300000
Random seed: 44
Simulated annealing: disabled
Diversification: disabled
Initial solution cost: 10145.921841
Improved solution cost: 6543.331182
Worst solution cost: 6543.331182
Mean solution cost: 6543.331182
Mean elapsed time: 2373.852807 seconds
Final solution feasibility: FEASIBLE
Solution Details:
Truck Routes:
Truck 1: 0 49 198 101 106 66 99 7 10 59 19 131 0 86 176 190 152 73 30 111 122 168 33 134 0 |Truck Time: 6534.726819|6534.726819,0.000000,0.000000,0.000000
Truck 2: 0 24 157 2 181 127 165 63 13 102 69 0 150 108 87 112 125 52 143 60 146 173 0 |Truck Time: 6465.199835|6465.199835,0.000000,0.000000,0.000000
Truck 3: 0 6 79 156 123 121 22 34 124 89 0 3 14 151 166 194 0 174 145 62 18 0 |Truck Time: 6537.796711|6537.796711,0.000000,0.000000,0.000000
Truck 4: 0 144 135 158 82 100 75 149 94 155 129 0 81 130 117 175 0 177 16 163 120 0 |Truck Time: 6502.226614|6502.226614,0.000000,0.000000,0.000000
Truck 5: 0 97 133 92 136 0 58 44 39 41 196 148 0 171 72 76 17 107 104 28 0 |Truck Time: 6543.331182|6543.331182,0.000000,0.000000,0.000000
Drone Routes:
Drone 1: 0 147 90 0 42 43 128 0 56 0 197 84 0 68 35 0 154 5 179 0 61 26 187 0 185 0 183 8 162 142 0 103 114 0 |Drone Time: 6541.483259|6541.483259,0.000000,0.000000,0.000000
Drone 2: 0 105 0 189 138 137 0 51 64 0 153 48 4 0 159 141 0 118 21 167 0 25 184 0 38 110 191 0 50 0 178 53 0 172 199 46 0 |Drone Time: 6508.854199|6508.854199,0.000000,0.000000,0.000000
Drone 3: 0 169 0 140 0 186 54 0 193 91 0 115 0 200 0 70 109 0 27 0 20 12 0 11 126 0 47 0 57 55 0 |Drone Time: 6535.944388|6535.944388,0.000000,0.000000,0.000000
Drone 4: 0 132 0 32 65 0 77 23 195 0 78 0 74 36 0 113 1 0 31 98 0 45 0 180 0 9 0 29 0 161 0 |Drone Time: 6465.559923|6465.559923,0.000000,0.000000,0.000000
Drone 5: 0 164 116 0 182 93 71 0 88 96 67 0 40 188 0 85 139 0 83 170 80 0 37 0 119 0 15 0 95 160 192 0 |Drone Time: 6411.611033|6411.611033,0.000000,0.000000,0.000000
Total validation: Makespan=6543.331182, Deadline violation=0.000000, Energy violation=0.000000, Capacity violation=0.000000
