Instance: 200.10.2
Customer group: 200
Repetition: 3
Experiment strategy: adaptive
Gamma set: g4
Gamma1: 0.5
Gamma2: 0.3
Gamma3: 0.1
Gamma4: 0.6
Experiment seed: 44
Solver exit code: 0
Neighborhood selection: adaptive
Adaptive parameters: 0.500000 0.300000 0.100000 0.600000
Random seed: 44
Simulated annealing: disabled
Diversification: disabled
Initial solution cost: 9865.494048
Improved solution cost: 7516.868851
Worst solution cost: 7516.868851
Mean solution cost: 7516.868851
Mean elapsed time: 1716.303725 seconds
Final solution feasibility: FEASIBLE
Solution Details:
Truck Routes:
Truck 1: 0 36 102 33 160 53 175 0 153 135 60 166 93 0 3 2 7 63 0 |Truck Time: 7509.310366|7509.310366,0.000000,0.000000,0.000000
Truck 2: 0 1 90 198 164 54 128 0 41 151 66 111 95 149 0 98 125 150 104 12 70 0 |Truck Time: 7516.868851|7516.868851,0.000000,0.000000,0.000000
Truck 3: 0 134 148 25 20 80 49 172 9 197 4 0 91 189 200 110 17 112 123 78 0 31 136 179 0 |Truck Time: 7511.383589|7511.383589,0.000000,0.000000,0.000000
Truck 4: 0 57 176 96 182 64 173 180 187 0 40 81 190 0 147 87 140 61 23 0 |Truck Time: 7488.204993|7488.204993,0.000000,0.000000,0.000000
Truck 5: 0 99 19 181 27 26 158 120 119 154 0 169 117 46 45 103 141 0 161 155 184 88 8 193 0 |Truck Time: 7501.829884|7501.829884,0.000000,0.000000,0.000000
Drone Routes:
Drone 1: 0 183 0 156 0 68 194 67 0 132 188 0 138 16 0 47 0 109 178 0 6 114 0 34 0 30 0 108 101 174 0 83 107 0 |Drone Time: 7505.226260|7505.226260,0.000000,0.000000,0.000000
Drone 2: 0 48 22 0 84 24 0 11 37 0 139 52 0 143 73 18 0 146 21 0 159 122 0 133 0 65 165 0 38 0 157 145 0 106 116 0 |Drone Time: 7389.492960|7389.492960,0.000000,0.000000,0.000000
Drone 3: 0 35 113 105 28 0 199 171 89 0 85 167 77 0 62 58 0 142 127 92 118 0 137 0 55 0 51 0 14 0 50 0 144 0 |Drone Time: 7477.716566|7477.716566,0.000000,0.000000,0.000000
Drone 4: 0 76 0 69 86 124 59 97 121 0 44 191 39 0 15 163 0 94 82 0 177 195 0 29 126 0 56 0 79 168 0 115 0 130 0 |Drone Time: 7462.140792|7462.140792,0.000000,0.000000,0.000000
Drone 5: 0 71 100 0 13 186 5 0 152 0 32 72 0 129 170 0 75 0 196 131 0 185 43 0 74 42 0 10 0 162 0 192 0 |Drone Time: 7509.021052|7509.021052,0.000000,0.000000,0.000000
Total validation: Makespan=7516.868851, Deadline violation=0.000000, Energy violation=0.000000, Capacity violation=0.000000
