Instance: 200.10.1
Customer group: 200
Repetition: 4
Experiment strategy: adaptive
Gamma set: g3
Gamma1: 0.3
Gamma2: 0.2
Gamma3: 0.1
Gamma4: 0.6
Experiment seed: 45
Solver exit code: 0
Neighborhood selection: adaptive
Adaptive parameters: 0.300000 0.200000 0.100000 0.600000
Random seed: 45
Simulated annealing: disabled
Diversification: disabled
Initial solution cost: 10796.437825
Improved solution cost: 7181.575348
Worst solution cost: 7181.575348
Mean solution cost: 7181.575348
Mean elapsed time: 1456.797240 seconds
Final solution feasibility: FEASIBLE
Solution Details:
Truck Routes:
Truck 1: 0 83 90 24 196 148 0 27 91 107 17 76 104 28 0 49 52 198 59 177 0 |Truck Time: 7150.654598|7150.654598,0.000000,0.000000,0.000000
Truck 2: 0 122 168 33 134 0 175 117 130 0 58 181 2 157 165 13 137 22 69 0 |Truck Time: 7181.575348|7181.575348,0.000000,0.000000,0.000000
Truck 3: 0 68 108 163 146 14 151 0 197 126 50 180 0 135 67 187 82 88 158 199 0 |Truck Time: 7122.629354|7122.629354,0.000000,0.000000,0.000000
Truck 4: 0 25 184 37 155 169 129 0 3 32 119 166 194 80 0 154 120 125 115 99 7 10 0 |Truck Time: 7155.690342|7155.690342,0.000000,0.000000,0.000000
Truck 5: 0 18 132 100 75 140 161 0 171 51 9 30 73 152 86 0 156 92 12 192 133 97 159 79 0 |Truck Time: 7176.510426|7176.510426,0.000000,0.000000,0.000000
Drone Routes:
Drone 1: 0 188 0 62 64 0 45 42 0 138 93 121 0 66 60 179 0 143 0 200 0 16 0 95 23 0 124 0 47 118 21 11 0 173 8 0 15 0 |Drone Time: 7125.663445|7125.663445,0.000000,0.000000,0.000000
Drone 2: 0 71 170 0 141 0 116 164 0 160 0 147 0 123 0 185 5 0 6 0 48 55 4 0 31 109 0 41 0 57 0 |Drone Time: 7179.653122|7179.653122,0.000000,0.000000,0.000000
Drone 3: 0 19 0 102 63 0 39 0 144 114 112 153 0 65 101 0 142 0 29 191 0 178 84 0 78 0 150 0 190 0 89 195 0 |Drone Time: 7181.215790|7181.215790,0.000000,0.000000,0.000000
Drone 4: 0 44 34 182 0 70 106 0 172 174 145 53 0 136 20 0 113 0 1 46 0 139 111 77 0 54 87 0 128 26 0 94 0 131 0 |Drone Time: 7170.707288|7170.707288,0.000000,0.000000,0.000000
Drone 5: 0 74 96 0 72 0 40 98 35 0 176 85 183 0 189 127 0 36 43 103 0 61 149 0 38 167 110 0 162 186 0 105 193 0 56 81 0 |Drone Time: 7166.511135|7166.511135,0.000000,0.000000,0.000000
Total validation: Makespan=7181.575348, Deadline violation=0.000000, Energy violation=0.000000, Capacity violation=0.000000
