Instance: 200.30.2
Customer group: 200
Repetition: 4
Experiment strategy: adaptive
Gamma set: g1
Gamma1: 0.3
Gamma2: 0.2
Gamma3: 0.1
Gamma4: 0.3
Experiment seed: 45
Solver exit code: 0
Neighborhood selection: adaptive
Adaptive parameters: 0.300000 0.200000 0.100000 0.300000
Random seed: 45
Simulated annealing: disabled
Diversification: disabled
Initial solution cost: 30307.848228
Improved solution cost: 21110.486928
Worst solution cost: 21110.486928
Mean solution cost: 21110.486928
Mean elapsed time: 1479.139190 seconds
Final solution feasibility: FEASIBLE
Solution Details:
Truck Routes:
Truck 1: 0 13 69 183 33 0 5 107 0 12 119 137 0 104 141 0 18 0 |Truck Time: 20709.274484|20709.274484,0.000000,0.000000,0.000000
Truck 2: 0 76 195 140 179 146 0 169 184 186 0 101 82 125 182 172 0 100 6 160 80 0 46 174 86 75 0 |Truck Time: 21105.580556|21105.580556,0.000000,0.000000,0.000000
Truck 3: 0 133 44 103 0 74 78 91 108 0 23 105 109 99 0 0 42 22 134 0 |Truck Time: 21045.008124|21045.008124,0.000000,0.000000,0.000000
Truck 4: 0 7 0 73 196 0 162 155 32 113 0 177 0 193 51 150 96 47 0 159 144 171 0 |Truck Time: 20844.651006|20844.651006,0.000000,0.000000,0.000000
Truck 5: 0 8 0 19 178 0 199 123 71 111 0 163 77 68 198 10 0 |Truck Time: 21110.486928|21110.486928,0.000000,0.000000,0.000000
Drone Routes:
Drone 1: 0 181 145 0 48 0 139 14 0 84 31 0 9 63 0 106 15 0 176 112 0 142 148 0 65 158 0 166 124 0 153 28 54 0 190 197 0 135 67 189 116 0 192 66 143 0 |Drone Time: 21101.414705|21101.414705,0.000000,0.000000,0.000000
Drone 2: 0 56 0 26 0 126 0 52 41 50 0 117 53 3 0 62 0 151 0 149 0 156 175 0 191 138 0 49 72 0 127 38 0 131 121 0 136 0 |Drone Time: 21039.515659|21039.515659,0.000000,0.000000,0.000000
Drone 3: 0 90 0 20 0 164 25 94 0 70 152 115 0 40 81 4 0 110 0 45 24 0 168 173 0 2 157 0 98 0 187 79 88 93 0 92 147 0 39 0 |Drone Time: 21100.995722|21100.995722,0.000000,0.000000,0.000000
Drone 4: 0 132 61 0 128 97 0 180 0 118 0 95 59 0 21 0 165 17 83 0 114 170 0 188 43 0 27 0 30 89 0 85 161 0 37 58 0 |Drone Time: 21097.661687|21097.661687,0.000000,0.000000,0.000000
Drone 5: 0 130 64 0 60 87 0 200 0 0 154 36 0 34 1 194 0 16 120 0 129 55 0 57 29 35 0 102 0 167 122 0 11 0 185 0 |Drone Time: 20964.347685|20964.347685,0.000000,0.000000,0.000000
Total validation: Makespan=21110.486928, Deadline violation=0.000000, Energy violation=0.000000, Capacity violation=0.000000
