Instance: 200.20.1
Customer group: 200
Repetition: 2
Experiment strategy: adaptive
Gamma set: g3
Gamma1: 0.3
Gamma2: 0.2
Gamma3: 0.1
Gamma4: 0.6
Experiment seed: 43
Solver exit code: 0
Neighborhood selection: adaptive
Adaptive parameters: 0.300000 0.200000 0.100000 0.600000
Random seed: 43
Simulated annealing: disabled
Diversification: disabled
Initial solution cost: 21786.580333
Improved solution cost: 13409.665791
Worst solution cost: 13409.665791
Mean solution cost: 13409.665791
Mean elapsed time: 1595.868741 seconds
Final solution feasibility: FEASIBLE
Solution Details:
Truck Routes:
Truck 1: 0 11 83 72 17 0 167 80 109 25 69 29 0 87 41 103 90 150 0 |Truck Time: 13210.365566|13210.365566,0.000000,0.000000,0.000000
Truck 2: 0 169 128 195 22 0 197 13 33 200 0 186 141 94 194 131 95 0 |Truck Time: 13409.665791|13409.665791,0.000000,0.000000,0.000000
Truck 3: 0 97 132 0 79 81 65 0 122 110 187 45 0 105 67 5 192 172 56 100 4 0 |Truck Time: 13257.878290|13257.878290,0.000000,0.000000,0.000000
Truck 4: 0 2 3 46 179 85 152 0 19 107 102 161 0 135 61 15 39 171 86 119 32 12 0 193 48 185 0 |Truck Time: 13397.961839|13397.961839,0.000000,0.000000,0.000000
Truck 5: 0 178 42 0 31 170 115 0 40 184 144 0 1 148 143 147 157 145 0 |Truck Time: 13281.757261|13281.757261,0.000000,0.000000,0.000000
Drone Routes:
Drone 1: 0 98 0 182 0 53 0 175 37 136 191 0 174 0 99 0 114 78 165 0 160 8 176 0 54 133 120 0 113 180 173 0 106 7 0 |Drone Time: 13375.619977|13375.619977,0.000000,0.000000,0.000000
Drone 2: 0 181 50 68 0 82 77 153 124 0 183 0 93 111 0 63 0 34 30 0 158 0 71 140 0 118 0 196 52 9 0 20 0 6 0 |Drone Time: 13368.775291|13368.775291,0.000000,0.000000,0.000000
Drone 3: 0 91 88 0 64 0 49 0 127 0 146 51 0 55 142 0 177 116 0 66 0 139 137 0 189 70 138 0 123 75 156 125 0 92 0 35 0 |Drone Time: 13399.009387|13399.009387,0.000000,0.000000,0.000000
Drone 4: 0 151 44 0 58 168 0 130 47 155 0 10 0 164 159 0 16 84 0 24 149 198 62 0 74 38 104 0 126 43 0 21 28 0 129 60 0 36 0 163 166 0 |Drone Time: 13263.052645|13263.052645,0.000000,0.000000,0.000000
Drone 5: 0 121 0 73 108 0 162 14 0 89 134 112 0 96 0 190 23 0 57 0 199 27 117 59 0 18 0 188 154 0 26 0 101 0 76 0 |Drone Time: 13388.418842|13388.418842,0.000000,0.000000,0.000000
Total validation: Makespan=13409.665791, Deadline violation=0.000000, Energy violation=0.000000, Capacity violation=0.000000
