Instance: 200.10.3
Customer group: 200
Repetition: 1
Experiment strategy: adaptive
Gamma set: g4
Gamma1: 0.5
Gamma2: 0.3
Gamma3: 0.1
Gamma4: 0.6
Experiment seed: 42
Solver exit code: 0
Neighborhood selection: adaptive
Adaptive parameters: 0.500000 0.300000 0.100000 0.600000
Random seed: 42
Simulated annealing: disabled
Diversification: disabled
Initial solution cost: 10136.034372
Improved solution cost: 7250.151860
Worst solution cost: 7250.151860
Mean solution cost: 7250.151860
Mean elapsed time: 1199.448522 seconds
Final solution feasibility: FEASIBLE
Solution Details:
Truck Routes:
Truck 1: 0 141 165 173 20 0 189 90 87 0 68 29 130 0 |Truck Time: 7250.151860|7250.151860,0.000000,0.000000,0.000000
Truck 2: 0 63 38 197 191 153 35 0 25 143 74 181 34 185 91 123 149 192 0 158 46 183 0 |Truck Time: 7242.500912|7242.500912,0.000000,0.000000,0.000000
Truck 3: 0 93 77 55 67 108 86 137 79 0 17 160 59 18 5 0 150 179 200 50 66 7 102 0 27 53 0 |Truck Time: 7126.860611|7126.860611,0.000000,0.000000,0.000000
Truck 4: 0 169 58 97 1 14 184 199 40 6 15 104 96 0 187 144 180 92 71 157 88 154 0 151 0 |Truck Time: 7248.224364|7248.224364,0.000000,0.000000,0.000000
Truck 5: 0 22 12 119 3 61 115 0 23 2 65 190 69 111 100 42 155 0 112 198 196 0 |Truck Time: 7235.614619|7235.614619,0.000000,0.000000,0.000000
Drone Routes:
Drone 1: 0 84 0 117 118 0 161 0 140 0 32 105 0 110 48 174 28 0 64 54 0 127 26 0 36 0 162 0 120 0 |Drone Time: 7211.777885|7211.777885,0.000000,0.000000,0.000000
Drone 2: 0 163 113 178 70 0 39 75 131 159 37 0 136 138 0 167 24 0 186 4 125 0 85 114 0 193 142 0 95 45 31 0 49 47 0 106 0 164 0 |Drone Time: 7193.327061|7193.327061,0.000000,0.000000,0.000000
Drone 3: 0 98 148 30 0 94 139 145 0 133 78 0 170 171 0 8 72 0 124 0 152 121 51 99 0 103 146 0 126 0 41 0 |Drone Time: 7046.996044|7046.996044,0.000000,0.000000,0.000000
Drone 4: 0 128 57 0 132 182 83 33 0 129 60 0 16 195 0 80 0 19 147 168 0 122 0 134 156 0 89 0 11 176 13 0 |Drone Time: 7199.681660|7199.681660,0.000000,0.000000,0.000000
Drone 5: 0 10 177 44 116 109 0 21 107 0 52 62 56 0 166 9 135 0 43 101 0 73 82 0 76 194 81 0 188 0 175 0 172 0 |Drone Time: 7232.561230|7232.561230,0.000000,0.000000,0.000000
Total validation: Makespan=7250.151860, Deadline violation=0.000000, Energy violation=0.000000, Capacity violation=0.000000
