Instance: 200.30.4
Customer group: 200
Repetition: 3
Experiment strategy: adaptive
Gamma set: g4
Gamma1: 0.5
Gamma2: 0.3
Gamma3: 0.1
Gamma4: 0.6
Experiment seed: 44
Solver exit code: 0
Neighborhood selection: adaptive
Adaptive parameters: 0.500000 0.300000 0.100000 0.600000
Random seed: 44
Simulated annealing: disabled
Diversification: disabled
Initial solution cost: 31683.195528
Improved solution cost: 21011.442281
Worst solution cost: 21011.442281
Mean solution cost: 21011.442281
Mean elapsed time: 1286.283869 seconds
Final solution feasibility: FEASIBLE
Solution Details:
Truck Routes:
Truck 1: 0 57 43 37 0 200 0 136 174 164 0 133 180 191 0 |Truck Time: 19495.399543|19495.399543,0.000000,0.000000,0.000000
Truck 2: 0 40 131 0 141 2 23 0 54 14 11 13 22 0 34 56 47 166 0 |Truck Time: 20938.101773|20938.101773,0.000000,0.000000,0.000000
Truck 3: 0 149 104 114 194 0 82 66 12 126 77 61 0 32 176 85 19 134 132 0 124 151 0 |Truck Time: 20671.655554|20671.655554,0.000000,0.000000,0.000000
Truck 4: 0 4 0 20 125 143 190 26 0 135 123 122 0 48 98 145 102 33 0 177 0 |Truck Time: 20983.378461|20983.378461,0.000000,0.000000,0.000000
Truck 5: 0 31 84 25 89 0 163 170 119 155 157 0 181 9 59 28 0 140 167 168 175 0 |Truck Time: 21011.442281|21011.442281,0.000000,0.000000,0.000000
Drone Routes:
Drone 1: 0 152 75 148 0 195 0 41 67 0 120 117 0 150 116 0 58 110 0 83 38 0 45 52 0 60 129 0 46 156 0 182 165 160 0 115 78 0 186 105 0 |Drone Time: 20958.571868|20958.571868,0.000000,0.000000,0.000000
Drone 2: 0 90 69 0 24 30 0 18 154 0 127 0 158 71 88 0 128 172 0 93 108 0 5 53 0 50 0 16 0 193 0 187 15 0 107 0 171 0 185 0 |Drone Time: 20921.051767|20921.051767,0.000000,0.000000,0.000000
Drone 3: 0 144 0 188 76 0 96 0 64 183 142 55 91 0 178 21 0 106 0 118 121 0 179 139 0 197 0 196 111 0 192 39 100 0 198 199 0 184 36 0 109 65 0 |Drone Time: 20994.807450|20994.807450,0.000000,0.000000,0.000000
Drone 4: 0 44 147 189 0 35 0 95 0 80 0 3 0 29 0 87 0 73 97 0 51 27 0 1 92 70 0 103 130 169 0 161 0 146 49 81 0 153 86 0 99 42 0 |Drone Time: 20892.437705|20892.437705,0.000000,0.000000,0.000000
Drone 5: 0 17 0 162 0 68 0 62 0 94 0 8 113 0 7 0 6 0 63 0 10 138 0 112 79 0 173 0 137 0 101 159 0 72 74 0 |Drone Time: 20991.572238|20991.572238,0.000000,0.000000,0.000000
Total validation: Makespan=21011.442281, Deadline violation=0.000000, Energy violation=0.000000, Capacity violation=0.000000
