Instance: 200.30.3
Customer group: 200
Repetition: 5
Experiment strategy: random
Gamma set: 
Gamma1: 
Gamma2: 
Gamma3: 
Gamma4: 
Experiment seed: 46
Solver exit code: 0
Neighborhood selection: random
Random seed: 46
Simulated annealing: disabled
Diversification: disabled
Initial solution cost: 32741.789056
Improved solution cost: 26447.435147
Worst solution cost: 26447.435147
Mean solution cost: 26447.435147
Mean elapsed time: 1380.324179 seconds
Final solution feasibility: FEASIBLE
Solution Details:
Truck Routes:
Truck 1: 0 39 0 136 149 0 123 154 0 178 0 103 60 0 56 195 164 0 |Truck Time: 26447.435147|26447.435147,0.000000,0.000000,0.000000
Truck 2: 0 82 0 55 198 0 41 68 104 0 172 128 13 0 163 59 160 78 0 133 191 186 66 199 0 7 0 |Truck Time: 26429.383625|26429.383625,0.000000,0.000000,0.000000
Truck 3: 0 101 161 0 36 0 171 0 64 84 184 0 143 0 2 0 144 176 0 |Truck Time: 26442.820598|26442.820598,0.000000,0.000000,0.000000
Truck 4: 0 57 169 38 0 116 124 0 16 194 0 87 95 3 122 0 89 91 50 0 6 0 |Truck Time: 26205.686902|26205.686902,0.000000,0.000000,0.000000
Truck 5: 0 71 83 0 170 0 108 0 117 4 35 0 90 188 115 181 0 86 10 0 130 165 0 |Truck Time: 26373.013665|26373.013665,0.000000,0.000000,0.000000
Drone Routes:
Drone 1: 0 58 79 0 134 0 106 99 0 25 151 0 183 26 32 0 77 0 131 53 0 193 142 111 0 88 132 0 196 15 0 126 0 49 0 14 0 182 0 107 0 |Drone Time: 26300.401298|26300.401298,0.000000,0.000000,0.000000
Drone 2: 0 85 62 0 19 43 100 0 61 0 113 93 180 0 158 0 28 12 0 138 75 0 29 0 52 152 139 0 185 150 0 173 21 0 42 0 20 0 145 0 96 0 |Drone Time: 26378.046167|26378.046167,0.000000,0.000000,0.000000
Drone 3: 0 166 135 0 24 0 1 0 190 54 0 94 141 192 0 33 109 0 47 189 155 0 80 127 0 46 162 0 76 51 0 44 0 9 0 112 0 45 159 0 148 0 |Drone Time: 26397.843972|26397.843972,0.000000,0.000000,0.000000
Drone 4: 0 5 120 118 0 69 92 0 174 67 27 140 0 18 197 40 23 0 81 74 0 105 0 137 0 70 0 114 34 0 30 0 63 0 177 0 147 179 0 72 0 110 0 |Drone Time: 26369.267792|26369.267792,0.000000,0.000000,0.000000
Drone 5: 0 125 37 0 102 153 187 200 0 175 168 0 48 129 0 73 156 0 8 31 0 65 17 0 11 0 22 157 0 119 0 146 0 97 0 98 167 0 121 0 |Drone Time: 26415.021984|26415.021984,0.000000,0.000000,0.000000
Total validation: Makespan=26447.435147, Deadline violation=0.000000, Energy violation=0.000000, Capacity violation=0.000000
