Instance: 200.10.2
Customer group: 200
Repetition: 2
Experiment strategy: random
Gamma set: 
Gamma1: 
Gamma2: 
Gamma3: 
Gamma4: 
Experiment seed: 43
Solver exit code: 0
Neighborhood selection: random
Random seed: 43
Simulated annealing: disabled
Diversification: disabled
Initial solution cost: 10713.597281
Improved solution cost: 7626.997921
Worst solution cost: 7626.997921
Mean solution cost: 7626.997921
Mean elapsed time: 1523.279595 seconds
Final solution feasibility: FEASIBLE
Solution Details:
Truck Routes:
Truck 1: 0 99 51 183 0 152 168 37 50 169 0 17 112 123 82 0 |Truck Time: 7625.164113|7625.164113,0.000000,0.000000,0.000000
Truck 2: 0 94 151 68 59 0 43 31 190 138 180 65 3 166 93 0 131 113 129 84 55 10 83 116 29 0 |Truck Time: 7483.447199|7483.447199,0.000000,0.000000,0.000000
Truck 3: 0 4 80 134 45 117 103 141 20 0 27 26 158 120 60 114 0 122 173 195 47 63 0 |Truck Time: 7626.997921|7626.997921,0.000000,0.000000,0.000000
Truck 4: 0 154 35 199 179 0 41 145 1 198 188 139 143 192 70 0 91 200 150 98 90 164 54 132 79 0 |Truck Time: 7471.916407|7471.916407,0.000000,0.000000,0.000000
Truck 5: 0 193 38 53 175 36 130 49 172 9 0 40 149 78 0 128 125 58 62 187 0 |Truck Time: 7538.385356|7538.385356,0.000000,0.000000,0.000000
Drone Routes:
Drone 1: 0 2 0 15 77 0 69 86 0 136 0 148 0 189 18 72 73 0 16 0 133 0 155 184 0 159 109 170 0 163 75 0 144 0 96 0 |Drone Time: 7581.504745|7581.504745,0.000000,0.000000,0.000000
Drone 2: 0 106 0 95 67 0 197 33 0 124 186 28 39 142 97 0 89 110 0 6 196 108 0 161 127 0 157 23 0 87 0 56 0 30 0 135 0 |Drone Time: 7620.442459|7620.442459,0.000000,0.000000,0.000000
Drone 3: 0 119 0 14 13 0 153 81 0 88 118 0 57 146 0 42 182 0 165 32 0 85 167 0 52 12 104 0 74 171 0 126 101 24 0 181 0 |Drone Time: 7623.476518|7623.476518,0.000000,0.000000,0.000000
Drone 4: 0 25 76 0 48 22 0 102 194 0 5 46 105 0 111 0 21 0 160 0 64 178 0 71 176 0 115 0 162 0 19 0 |Drone Time: 7606.687515|7606.687515,0.000000,0.000000,0.000000
Drone 5: 0 7 0 174 0 100 0 11 140 0 177 156 0 8 107 92 0 185 0 44 191 0 147 0 137 0 34 0 61 121 0 66 0 |Drone Time: 7560.416498|7560.416498,0.000000,0.000000,0.000000
Total validation: Makespan=7626.997921, Deadline violation=0.000000, Energy violation=0.000000, Capacity violation=0.000000
