Instance: 200.20.1
Customer group: 200
Repetition: 1
Experiment strategy: cyclic
Gamma set: 
Gamma1: 
Gamma2: 
Gamma3: 
Gamma4: 
Experiment seed: 42
Solver exit code: 0
Neighborhood selection: cyclic
Random seed: 42
Simulated annealing: disabled
Diversification: disabled
Initial solution cost: 17332.609037
Improved solution cost: 13513.692176
Worst solution cost: 13513.692176
Mean solution cost: 13513.692176
Mean elapsed time: 1221.815911 seconds
Final solution feasibility: FEASIBLE
Solution Details:
Truck Routes:
Truck 1: 0 200 170 0 175 53 115 0 11 83 72 17 0 56 46 0 |Truck Time: 13499.458467|13499.458467,0.000000,0.000000,0.000000
Truck 2: 0 35 118 76 26 0 146 188 48 0 135 61 64 97 66 0 126 88 194 131 95 0 |Truck Time: 13459.663903|13459.663903,0.000000,0.000000,0.000000
Truck 3: 0 40 139 89 0 128 152 0 39 186 141 94 132 0 51 161 0 |Truck Time: 13501.294236|13501.294236,0.000000,0.000000,0.000000
Truck 4: 0 29 69 80 71 85 179 0 138 79 81 65 0 137 20 173 0 133 96 183 0 |Truck Time: 13513.692176|13513.692176,0.000000,0.000000,0.000000
Truck 5: 0 12 174 49 129 154 45 0 42 193 0 67 5 168 143 148 107 0 37 13 145 33 2 178 0 |Truck Time: 13477.403588|13477.403588,0.000000,0.000000,0.000000
Drone Routes:
Drone 1: 0 31 0 60 0 150 166 0 191 30 34 0 3 58 0 98 0 68 57 0 27 116 0 144 93 0 74 159 164 0 36 0 181 184 0 |Drone Time: 13513.089594|13513.089594,0.000000,0.000000,0.000000
Drone 2: 0 103 0 119 63 0 114 198 149 0 120 104 0 113 86 15 77 0 127 55 0 124 125 0 92 0 160 176 0 121 0 78 101 0 155 100 0 |Drone Time: 13483.331791|13483.331791,0.000000,0.000000,0.000000
Drone 3: 0 70 189 75 0 41 38 0 142 0 43 8 54 182 0 156 180 0 106 32 0 6 0 197 105 0 47 117 0 52 84 0 123 190 19 0 |Drone Time: 13500.456180|13500.456180,0.000000,0.000000,0.000000
Drone 4: 0 99 0 7 0 108 153 73 0 87 0 163 24 62 0 130 109 140 0 151 44 0 157 0 147 1 0 167 0 10 59 23 0 195 196 110 0 |Drone Time: 13455.142299|13455.142299,0.000000,0.000000,0.000000
Drone 5: 0 187 0 90 16 91 171 82 0 18 136 0 122 28 111 0 25 50 134 112 0 102 177 192 0 22 158 0 162 14 0 199 172 4 185 0 9 169 0 165 21 0 |Drone Time: 13399.660385|13399.660385,0.000000,0.000000,0.000000
Total validation: Makespan=13513.692176, Deadline violation=0.000000, Energy violation=0.000000, Capacity violation=0.000000
