Instance: 200.10.3
Customer group: 200
Repetition: 2
Experiment strategy: cyclic
Gamma set: 
Gamma1: 
Gamma2: 
Gamma3: 
Gamma4: 
Experiment seed: 43
Solver exit code: 0
Neighborhood selection: cyclic
Random seed: 43
Simulated annealing: disabled
Diversification: disabled
Initial solution cost: 9163.523239
Improved solution cost: 7437.837292
Worst solution cost: 7437.837292
Mean solution cost: 7437.837292
Mean elapsed time: 1512.398322 seconds
Final solution feasibility: FEASIBLE
Solution Details:
Truck Routes:
Truck 1: 0 144 52 162 0 105 87 189 74 34 0 185 10 168 54 129 90 0 |Truck Time: 7384.942773|7384.942773,0.000000,0.000000,0.000000
Truck 2: 0 23 134 198 188 47 5 0 63 38 191 35 149 0 172 180 71 157 166 92 0 |Truck Time: 7437.837292|7437.837292,0.000000,0.000000,0.000000
Truck 3: 0 1 14 161 124 21 33 70 15 0 151 167 93 0 25 50 181 0 |Truck Time: 7436.980351|7436.980351,0.000000,0.000000,0.000000
Truck 4: 0 192 138 150 123 0 160 190 59 42 100 155 3 18 12 0 75 16 46 135 158 86 137 27 0 |Truck Time: 7378.340339|7378.340339,0.000000,0.000000,0.000000
Truck 5: 0 26 67 136 55 141 106 0 108 127 64 110 99 91 51 0 197 68 29 130 112 0 |Truck Time: 7422.039556|7422.039556,0.000000,0.000000,0.000000
Drone Routes:
Drone 1: 0 193 125 159 0 20 165 60 77 0 58 132 118 0 120 0 82 0 131 37 56 24 173 0 179 128 0 102 200 0 48 126 0 175 0 |Drone Time: 7428.711674|7428.711674,0.000000,0.000000,0.000000
Drone 2: 0 81 83 117 0 122 72 0 153 28 174 0 22 0 164 94 115 0 97 182 0 4 98 76 0 41 0 89 177 57 0 104 148 0 143 0 |Drone Time: 7436.338079|7436.338079,0.000000,0.000000,0.000000
Drone 3: 0 7 0 69 78 11 53 152 187 0 30 186 194 113 0 183 171 0 17 196 0 80 0 169 84 107 0 88 0 184 0 13 111 0 |Drone Time: 7424.081813|7424.081813,0.000000,0.000000,0.000000
Drone 4: 0 44 0 109 45 156 95 0 199 170 0 62 101 195 0 85 114 0 49 119 0 140 0 142 6 0 40 0 32 147 0 79 121 0 |Drone Time: 7409.246233|7409.246233,0.000000,0.000000,0.000000
Drone 5: 0 31 145 139 61 0 39 116 146 0 19 66 0 96 163 178 0 154 9 0 65 73 0 8 43 0 103 0 133 0 36 0 176 2 0 |Drone Time: 7428.225709|7428.225709,0.000000,0.000000,0.000000
Total validation: Makespan=7437.837292, Deadline violation=0.000000, Energy violation=0.000000, Capacity violation=0.000000
