Instance: 200.30.4
Customer group: 200
Repetition: 1
Experiment strategy: random
Gamma set: 
Gamma1: 
Gamma2: 
Gamma3: 
Gamma4: 
Experiment seed: 42
Solver exit code: 0
Neighborhood selection: random
Random seed: 42
Simulated annealing: disabled
Diversification: disabled
Initial solution cost: 31887.538974
Improved solution cost: 25761.636003
Worst solution cost: 25761.636003
Mean solution cost: 25761.636003
Mean elapsed time: 1069.016458 seconds
Final solution feasibility: FEASIBLE
Solution Details:
Truck Routes:
Truck 1: 0 171 0 39 0 131 0 123 43 57 0 11 142 0 |Truck Time: 23649.472991|23649.472991,0.000000,0.000000,0.000000
Truck 2: 0 190 143 157 0 54 14 168 194 0 191 29 19 0 141 60 0 48 98 198 0 |Truck Time: 25718.795074|25718.795074,0.000000,0.000000,0.000000
Truck 3: 0 80 137 89 0 50 0 53 134 0 178 110 0 102 74 109 0 152 0 |Truck Time: 25747.411560|25747.411560,0.000000,0.000000,0.000000
Truck 4: 0 185 0 46 0 25 0 51 147 16 47 61 0 197 40 173 177 0 166 0 66 9 117 31 0 |Truck Time: 25429.462492|25429.462492,0.000000,0.000000,0.000000
Truck 5: 0 4 151 0 122 0 84 119 170 163 0 192 0 85 96 0 2 127 26 0 |Truck Time: 25761.636003|25761.636003,0.000000,0.000000,0.000000
Drone Routes:
Drone 1: 0 44 174 189 0 94 188 0 72 139 0 160 27 165 0 91 55 13 183 0 107 158 129 75 0 118 58 0 87 97 0 179 0 156 113 34 0 23 0 88 71 0 59 5 0 36 8 0 175 67 0 |Drone Time: 25701.088601|25701.088601,0.000000,0.000000,0.000000
Drone 2: 0 120 148 49 0 138 130 0 145 42 0 153 82 0 10 0 37 187 0 93 169 0 135 0 3 0 6 0 79 0 106 0 136 0 125 38 186 0 68 0 114 0 |Drone Time: 25515.384285|25515.384285,0.000000,0.000000,0.000000
Drone 3: 0 193 0 144 0 105 0 200 64 90 83 0 124 100 52 0 73 1 70 0 15 0 180 0 159 164 0 21 0 76 0 196 0 28 86 0 126 18 0 155 0 77 0 |Drone Time: 25736.403004|25736.403004,0.000000,0.000000,0.000000
Drone 4: 0 81 95 112 146 0 132 133 0 78 115 0 154 30 0 176 0 116 182 0 167 0 128 0 35 0 69 0 104 0 63 0 56 0 22 0 12 0 |Drone Time: 25702.825704|25702.825704,0.000000,0.000000,0.000000
Drone 5: 0 172 103 101 0 161 0 92 32 0 162 0 99 0 17 181 0 121 149 0 7 0 62 150 0 41 111 0 140 108 0 65 0 45 0 20 24 0 195 199 0 184 33 0 |Drone Time: 25718.948928|25718.948928,0.000000,0.000000,0.000000
Total validation: Makespan=25761.636003, Deadline violation=0.000000, Energy violation=0.000000, Capacity violation=0.000000
