Instance: 200.10.3
Customer group: 200
Repetition: 5
Experiment strategy: adaptive
Gamma set: g1
Gamma1: 0.3
Gamma2: 0.2
Gamma3: 0.1
Gamma4: 0.3
Experiment seed: 46
Solver exit code: 0
Neighborhood selection: adaptive
Adaptive parameters: 0.300000 0.200000 0.100000 0.300000
Random seed: 46
Simulated annealing: disabled
Diversification: disabled
Initial solution cost: 9432.239049
Improved solution cost: 6160.714813
Worst solution cost: 6160.714813
Mean solution cost: 6160.714813
Mean elapsed time: 1477.693217 seconds
Final solution feasibility: FEASIBLE
Solution Details:
Truck Routes:
Truck 1: 0 151 173 24 88 157 166 131 0 58 169 15 21 124 40 6 0 |Truck Time: 5802.337653|5802.337653,0.000000,0.000000,0.000000
Truck 2: 0 63 38 197 191 35 0 76 183 125 46 16 0 160 132 184 84 103 122 182 0 |Truck Time: 6134.634558|6134.634558,0.000000,0.000000,0.000000
Truck 3: 0 14 82 80 140 1 133 13 69 148 2 0 198 68 29 130 112 0 |Truck Time: 6160.714813|6160.714813,0.000000,0.000000,0.000000
Truck 4: 0 19 175 87 34 185 110 137 93 152 0 136 181 54 168 10 50 66 200 7 25 143 0 |Truck Time: 6097.710228|6097.710228,0.000000,0.000000,0.000000
Truck 5: 0 23 3 18 155 100 42 59 190 65 5 22 0 141 71 92 85 154 144 162 176 30 0 |Truck Time: 6123.017588|6123.017588,0.000000,0.000000,0.000000
Drone Routes:
Drone 1: 0 127 0 83 117 142 159 135 0 41 0 95 139 0 43 101 0 73 31 171 45 0 97 199 107 0 11 186 0 180 187 0 67 102 0 |Drone Time: 6119.539429|6119.539429,0.000000,0.000000,0.000000
Drone 2: 0 106 0 17 0 134 156 0 121 91 64 0 60 129 0 61 119 94 115 0 161 37 56 0 55 9 72 0 105 147 32 0 104 0 |Drone Time: 6156.328496|6156.328496,0.000000,0.000000,0.000000
Drone 3: 0 158 0 44 145 146 78 0 178 33 98 0 20 165 0 163 113 70 0 8 0 36 12 0 89 0 188 0 179 123 0 |Drone Time: 6151.894701|6151.894701,0.000000,0.000000,0.000000
Drone 4: 0 118 120 81 0 27 192 0 189 48 174 0 52 114 0 53 196 170 0 77 28 126 0 4 111 0 167 39 0 86 0 108 26 0 |Drone Time: 6134.644205|6134.644205,0.000000,0.000000,0.000000
Drone 5: 0 128 116 57 0 96 194 0 99 74 0 75 195 62 0 51 90 0 109 153 0 149 164 177 0 150 138 0 79 0 49 47 0 172 0 193 0 |Drone Time: 6099.475468|6099.475468,0.000000,0.000000,0.000000
Total validation: Makespan=6160.714813, Deadline violation=0.000000, Energy violation=0.000000, Capacity violation=0.000000
