Instance: 200.10.2
Customer group: 200
Repetition: 5
Experiment strategy: cyclic
Gamma set: 
Gamma1: 
Gamma2: 
Gamma3: 
Gamma4: 
Experiment seed: 46
Solver exit code: 0
Neighborhood selection: cyclic
Random seed: 46
Simulated annealing: disabled
Diversification: disabled
Initial solution cost: 10958.821141
Improved solution cost: 8032.813342
Worst solution cost: 8032.813342
Mean solution cost: 8032.813342
Mean elapsed time: 1123.766254 seconds
Final solution feasibility: FEASIBLE
Solution Details:
Truck Routes:
Truck 1: 0 110 82 112 125 128 0 70 11 168 152 117 0 27 158 0 |Truck Time: 8031.298540|8031.298540,0.000000,0.000000,0.000000
Truck 2: 0 114 119 153 137 64 122 135 166 60 154 106 0 147 0 149 40 144 16 32 65 187 0 |Truck Time: 7981.146718|7981.146718,0.000000,0.000000,0.000000
Truck 3: 0 14 19 116 126 162 83 10 99 0 3 2 173 100 93 0 53 51 155 55 84 113 0 |Truck Time: 8032.813342|8032.813342,0.000000,0.000000,0.000000
Truck 4: 0 86 169 50 103 134 0 78 66 67 111 95 81 43 0 91 200 104 12 123 98 41 0 |Truck Time: 8016.788644|8016.788644,0.000000,0.000000,0.000000
Truck 5: 0 9 197 33 0 148 25 141 20 0 38 36 4 130 127 160 184 88 0 179 74 159 0 |Truck Time: 7992.556178|7992.556178,0.000000,0.000000,0.000000
Drone Routes:
Drone 1: 0 176 0 97 39 28 49 0 63 0 102 92 0 185 146 0 156 0 195 0 44 191 0 157 52 0 151 171 0 188 0 57 0 61 0 |Drone Time: 8021.148464|8021.148464,0.000000,0.000000,0.000000
Drone 2: 0 8 107 118 0 181 121 0 5 37 59 0 109 0 172 0 165 15 163 0 94 89 0 29 6 193 0 140 0 48 0 54 143 0 164 0 192 0 |Drone Time: 8026.986913|8026.986913,0.000000,0.000000,0.000000
Drone 3: 0 35 42 77 174 0 46 186 0 56 167 0 189 58 0 175 0 68 194 62 0 21 0 133 105 0 45 0 199 178 0 34 0 170 30 0 1 90 0 |Drone Time: 8029.344167|8029.344167,0.000000,0.000000,0.000000
Drone 4: 0 150 0 85 196 101 0 190 0 161 108 0 13 142 76 0 17 72 0 177 75 22 0 47 0 87 0 180 0 31 73 0 115 0 136 138 0 |Drone Time: 8012.016274|8012.016274,0.000000,0.000000,0.000000
Drone 5: 0 120 18 0 69 124 198 0 183 24 0 7 0 182 71 0 129 0 96 0 79 132 145 0 139 23 0 26 0 131 0 80 0 |Drone Time: 8032.591093|8032.591093,0.000000,0.000000,0.000000
Total validation: Makespan=8032.813342, Deadline violation=0.000000, Energy violation=0.000000, Capacity violation=0.000000
