Instance: 200.30.1
Customer group: 200
Repetition: 3
Experiment strategy: adaptive
Gamma set: g3
Gamma1: 0.3
Gamma2: 0.2
Gamma3: 0.1
Gamma4: 0.6
Experiment seed: 44
Solver exit code: 0
Neighborhood selection: adaptive
Adaptive parameters: 0.300000 0.200000 0.100000 0.600000
Random seed: 44
Simulated annealing: disabled
Diversification: disabled
Initial solution cost: 32283.780520
Improved solution cost: 21650.793981
Worst solution cost: 21650.793981
Mean solution cost: 21650.793981
Mean elapsed time: 1580.424199 seconds
Final solution feasibility: FEASIBLE
Solution Details:
Truck Routes:
Truck 1: 0 150 132 85 0 26 0 38 94 65 8 0 179 18 15 0 83 10 194 0 |Truck Time: 21650.793981|21650.793981,0.000000,0.000000,0.000000
Truck 2: 0 103 81 0 46 7 0 119 128 98 0 175 69 172 181 0 6 156 54 112 0 |Truck Time: 21044.770668|21044.770668,0.000000,0.000000,0.000000
Truck 3: 0 199 59 0 196 97 0 147 165 185 52 0 173 135 12 144 0 195 14 0 |Truck Time: 21473.120984|21473.120984,0.000000,0.000000,0.000000
Truck 4: 0 11 0 89 168 92 55 0 169 152 42 197 0 23 137 39 0 |Truck Time: 21500.425954|21500.425954,0.000000,0.000000,0.000000
Truck 5: 0 47 177 127 0 32 21 0 111 140 120 77 0 115 9 190 0 |Truck Time: 21326.019615|21326.019615,0.000000,0.000000,0.000000
Drone Routes:
Drone 1: 0 43 184 155 0 30 161 0 75 73 40 0 16 0 22 163 0 33 0 186 0 20 49 0 124 0 90 0 88 126 0 158 17 0 114 145 0 3 0 171 66 0 |Drone Time: 21637.906213|21637.906213,0.000000,0.000000,0.000000
Drone 2: 0 182 178 0 34 110 138 93 2 0 25 5 0 191 174 193 0 131 45 70 50 0 116 91 0 183 61 0 136 63 51 0 142 167 0 4 0 29 100 0 146 0 |Drone Time: 21591.321788|21591.321788,0.000000,0.000000,0.000000
Drone 3: 0 134 0 86 36 0 74 0 133 141 0 130 0 159 13 0 189 143 160 0 41 148 117 0 108 79 0 200 56 0 72 0 153 0 67 31 0 |Drone Time: 21639.799811|21639.799811,0.000000,0.000000,0.000000
Drone 4: 0 187 0 188 0 139 95 60 0 87 162 176 129 0 123 107 0 198 0 101 149 58 0 37 0 80 0 84 0 96 0 62 164 0 113 125 0 76 106 0 170 68 0 |Drone Time: 21594.545800|21594.545800,0.000000,0.000000,0.000000
Drone 5: 0 78 0 105 154 0 64 0 53 0 19 0 28 192 0 35 57 104 0 109 71 0 102 24 166 0 82 44 27 0 48 0 180 157 122 0 118 0 99 151 0 1 121 0 |Drone Time: 21541.497915|21541.497915,0.000000,0.000000,0.000000
Total validation: Makespan=21650.793981, Deadline violation=0.000000, Energy violation=0.000000, Capacity violation=0.000000
