Instance: 200.40.1
Customer group: 200
Repetition: 1
Experiment strategy: adaptive
Gamma set: g2
Gamma1: 0.5
Gamma2: 0.3
Gamma3: 0.1
Gamma4: 0.3
Experiment seed: 42
Solver exit code: 0
Neighborhood selection: adaptive
Adaptive parameters: 0.500000 0.300000 0.100000 0.300000
Random seed: 42
Simulated annealing: disabled
Diversification: disabled
Initial solution cost: 37266.015186
Improved solution cost: 27444.748491
Worst solution cost: 27444.748491
Mean solution cost: 27444.748491
Mean elapsed time: 18803.069813 seconds
Final solution feasibility: FEASIBLE
Solution Details:
Truck Routes:
Truck 1: 0 192 11 0 162 0 106 151 58 0 55 66 0 89 53 0 |Truck Time: 27339.612466|27339.612466,0.000000,0.000000,0.000000
Truck 2: 0 193 156 0 49 0 148 181 0 184 107 121 0 13 0 65 163 80 59 0 |Truck Time: 27444.748491|27444.748491,0.000000,0.000000,0.000000
Truck 3: 0 70 77 0 200 22 64 2 0 125 197 78 108 0 18 37 12 0 14 0 109 154 143 36 100 152 30 0 |Truck Time: 27321.617404|27321.617404,0.000000,0.000000,0.000000
Truck 4: 0 188 176 147 0 158 0 116 199 190 0 131 6 0 104 52 57 63 0 |Truck Time: 27429.407624|27429.407624,0.000000,0.000000,0.000000
Truck 5: 0 42 0 88 54 0 183 122 102 0 133 182 76 0 155 129 0 20 0 |Truck Time: 27315.224903|27315.224903,0.000000,0.000000,0.000000
Drone Routes:
Drone 1: 0 170 120 40 0 71 132 45 0 93 0 99 0 34 97 111 0 72 191 0 178 27 0 124 4 0 79 0 117 95 0 164 0 168 0 75 0 92 157 0 |Drone Time: 27442.233038|27442.233038,0.000000,0.000000,0.000000
Drone 2: 0 159 0 113 41 0 3 146 23 0 138 0 139 24 0 103 21 0 10 174 136 0 160 44 31 35 38 114 0 16 101 0 165 0 144 149 0 150 67 0 161 171 0 |Drone Time: 27442.126470|27442.126470,0.000000,0.000000,0.000000
Drone 3: 0 43 0 145 175 0 128 60 189 0 127 0 8 51 0 94 7 0 68 61 177 0 56 195 110 0 1 47 0 46 0 169 48 0 26 83 0 62 0 74 0 |Drone Time: 27428.672078|27428.672078,0.000000,0.000000,0.000000
Drone 4: 0 5 0 185 0 187 0 141 172 0 87 0 167 105 0 134 0 39 173 0 137 50 0 90 85 0 140 112 0 91 19 81 153 0 73 0 |Drone Time: 27439.021022|27439.021022,0.000000,0.000000,0.000000
Drone 5: 0 115 0 17 84 32 0 98 86 142 0 69 186 0 82 196 126 119 0 9 123 179 0 118 0 96 29 0 135 194 180 0 198 0 33 166 0 15 25 0 28 130 0 |Drone Time: 27421.026466|27421.026466,0.000000,0.000000,0.000000
Total validation: Makespan=27444.748491, Deadline violation=0.000000, Energy violation=0.000000, Capacity violation=0.000000
