Instance: 200.30.2
Customer group: 200
Repetition: 1
Experiment strategy: cyclic
Gamma set: 
Gamma1: 
Gamma2: 
Gamma3: 
Gamma4: 
Experiment seed: 42
Solver exit code: 0
Neighborhood selection: cyclic
Random seed: 42
Simulated annealing: disabled
Diversification: disabled
Initial solution cost: 30411.092372
Improved solution cost: 26236.984047
Worst solution cost: 26236.984047
Mean solution cost: 26236.984047
Mean elapsed time: 590.879022 seconds
Final solution feasibility: FEASIBLE
Solution Details:
Truck Routes:
Truck 1: 0 7 40 0 17 0 8 125 0 13 16 74 0 104 0 |Truck Time: 24053.812827|24053.812827,0.000000,0.000000,0.000000
Truck 2: 0 80 32 186 0 169 47 142 0 165 0 100 160 141 0 103 133 0 46 77 68 198 0 |Truck Time: 25760.186754|25760.186754,0.000000,0.000000,0.000000
Truck 3: 0 147 146 73 107 0 135 59 0 155 175 0 87 99 0 12 0 |Truck Time: 23436.001763|23436.001763,0.000000,0.000000,0.000000
Truck 4: 0 65 33 0 172 19 101 0 96 51 190 0 69 191 56 0 83 0 44 0 |Truck Time: 25871.193173|25871.193173,0.000000,0.000000,0.000000
Truck 5: 0 184 162 148 196 0 62 140 161 0 3 0 23 60 126 197 0 18 0 22 129 134 0 |Truck Time: 26236.984047|26236.984047,0.000000,0.000000,0.000000
Drone Routes:
Drone 1: 0 188 70 37 168 0 137 9 144 0 111 123 0 114 94 31 0 173 0 193 170 0 109 0 71 0 95 0 130 78 0 34 30 0 2 0 149 0 75 67 0 97 0 |Drone Time: 26231.163932|26231.163932,0.000000,0.000000,0.000000
Drone 2: 0 150 0 199 138 0 127 11 88 0 61 53 25 0 171 189 52 0 92 85 166 0 14 41 105 0 48 120 0 131 93 0 176 0 119 0 43 39 0 98 0 86 0 136 0 |Drone Time: 26073.023845|26073.023845,0.000000,0.000000,0.000000
Drone 3: 0 195 179 108 122 64 0 174 36 0 89 158 42 0 26 81 28 0 15 24 0 90 194 0 84 139 0 6 0 63 0 50 0 79 49 0 5 35 0 27 0 180 0 82 0 |Drone Time: 26232.375234|26232.375234,0.000000,0.000000,0.000000
Drone 4: 0 72 128 0 76 178 177 54 112 116 0 45 0 156 115 0 159 0 124 0 145 0 154 0 164 0 4 0 110 0 21 0 151 0 29 0 183 55 0 |Drone Time: 25924.885289|25924.885289,0.000000,0.000000,0.000000
Drone 5: 0 57 163 121 0 185 143 0 66 192 0 113 106 0 200 0 182 153 1 0 117 152 0 91 157 0 58 0 118 0 167 132 0 38 0 102 0 20 0 181 187 10 0 |Drone Time: 26118.370992|26118.370992,0.000000,0.000000,0.000000
Total validation: Makespan=26236.984047, Deadline violation=0.000000, Energy violation=0.000000, Capacity violation=0.000000
