Instance: 200.30.1
Customer group: 200
Repetition: 2
Experiment strategy: adaptive
Gamma set: g2
Gamma1: 0.5
Gamma2: 0.3
Gamma3: 0.1
Gamma4: 0.3
Experiment seed: 43
Solver exit code: 0
Neighborhood selection: adaptive
Adaptive parameters: 0.500000 0.300000 0.100000 0.300000
Random seed: 43
Simulated annealing: disabled
Diversification: disabled
Initial solution cost: 31706.154911
Improved solution cost: 25943.317028
Worst solution cost: 25943.317028
Mean solution cost: 25943.317028
Mean elapsed time: 1143.467601 seconds
Final solution feasibility: FEASIBLE
Solution Details:
Truck Routes:
Truck 1: 0 16 194 128 90 0 161 130 0 94 12 78 0 195 0 |Truck Time: 21868.212095|21868.212095,0.000000,0.000000,0.000000
Truck 2: 0 147 165 0 145 28 33 0 67 127 0 15 173 0 144 0 175 0 |Truck Time: 23898.966500|23898.966500,0.000000,0.000000,0.000000
Truck 3: 0 150 183 1 54 0 59 179 0 64 7 0 181 158 198 0 38 26 0 6 141 191 85 0 |Truck Time: 25943.317028|25943.317028,0.000000,0.000000,0.000000
Truck 4: 0 21 0 157 152 42 199 0 9 71 178 143 115 0 186 113 0 83 0 |Truck Time: 25793.669616|25793.669616,0.000000,0.000000,0.000000
Truck 5: 0 39 106 118 87 0 97 0 47 0 177 25 132 0 32 120 0 88 0 |Truck Time: 25901.022492|25901.022492,0.000000,0.000000,0.000000
Drone Routes:
Drone 1: 0 174 121 0 62 95 69 0 51 104 0 4 43 0 77 193 133 30 0 164 131 0 167 24 0 129 80 146 68 0 184 0 20 0 187 0 172 169 81 0 185 0 151 23 0 |Drone Time: 25446.343494|25446.343494,0.000000,0.000000,0.000000
Drone 2: 0 14 63 189 0 124 108 0 40 89 0 197 126 0 156 70 0 22 0 79 0 100 170 82 44 0 8 102 0 137 45 0 48 0 159 13 0 61 0 117 41 0 192 107 0 |Drone Time: 25654.717835|25654.717835,0.000000,0.000000,0.000000
Drone 3: 0 162 86 36 58 138 160 0 53 0 72 34 0 188 0 99 111 0 166 73 0 171 66 0 96 0 76 2 0 27 139 0 116 17 0 200 56 0 55 122 0 134 0 |Drone Time: 25914.995340|25914.995340,0.000000,0.000000,0.000000
Drone 4: 0 19 49 0 153 93 0 65 105 0 103 31 140 50 0 101 110 0 112 0 52 155 0 125 109 182 0 123 0 18 0 37 0 135 0 119 0 114 180 91 0 136 196 190 0 |Drone Time: 25792.459754|25792.459754,0.000000,0.000000,0.000000
Drone 5: 0 163 0 60 5 0 142 149 0 46 57 0 10 0 74 0 98 148 0 176 0 3 0 168 0 92 0 84 0 154 29 0 35 75 11 0 |Drone Time: 25232.698180|25232.698180,0.000000,0.000000,0.000000
Total validation: Makespan=25943.317028, Deadline violation=0.000000, Energy violation=0.000000, Capacity violation=0.000000
