Instance: 200.10.4
Customer group: 200
Repetition: 5
Experiment strategy: adaptive
Gamma set: g2
Gamma1: 0.5
Gamma2: 0.3
Gamma3: 0.1
Gamma4: 0.3
Experiment seed: 46
Solver exit code: 0
Neighborhood selection: adaptive
Adaptive parameters: 0.500000 0.300000 0.100000 0.300000
Random seed: 46
Simulated annealing: disabled
Diversification: disabled
Initial solution cost: 10194.357431
Improved solution cost: 7454.833877
Worst solution cost: 7454.833877
Mean solution cost: 7454.833877
Mean elapsed time: 1649.517807 seconds
Final solution feasibility: FEASIBLE
Solution Details:
Truck Routes:
Truck 1: 0 193 80 61 60 66 33 0 34 112 37 49 63 70 0 56 82 195 198 0 |Truck Time: 7375.473592|7375.473592,0.000000,0.000000,0.000000
Truck 2: 0 142 84 28 57 13 157 0 35 26 176 136 0 91 154 156 127 25 45 199 187 0 |Truck Time: 7339.975455|7339.975455,0.000000,0.000000,0.000000
Truck 3: 0 96 140 4 143 17 162 0 19 131 36 18 0 111 15 16 160 153 81 5 0 |Truck Time: 7446.769832|7446.769832,0.000000,0.000000,0.000000
Truck 4: 0 118 30 1 90 97 23 0 108 132 185 119 110 48 0 171 39 58 137 151 0 |Truck Time: 7454.833877|7454.833877,0.000000,0.000000,0.000000
Truck 5: 0 158 189 101 196 42 104 0 24 78 181 12 105 163 135 100 0 190 102 54 194 130 174 167 0 |Truck Time: 7405.082557|7405.082557,0.000000,0.000000,0.000000
Drone Routes:
Drone 1: 0 148 191 0 183 114 0 27 166 116 0 87 67 0 186 95 0 175 0 10 71 0 165 0 14 0 43 0 128 75 0 99 0 73 0 |Drone Time: 7454.554326|7454.554326,0.000000,0.000000,0.000000
Drone 2: 0 51 0 41 0 106 0 6 89 144 0 8 0 170 0 178 161 0 113 0 139 177 0 86 0 9 0 138 93 0 |Drone Time: 7444.856288|7444.856288,0.000000,0.000000,0.000000
Drone 3: 0 55 0 72 0 134 0 124 179 0 62 22 0 92 107 123 98 0 83 180 0 169 7 0 188 0 182 103 0 77 74 0 120 0 |Drone Time: 7441.165829|7441.165829,0.000000,0.000000,0.000000
Drone 4: 0 197 88 192 65 0 21 40 0 149 129 0 164 141 0 145 172 0 29 47 0 38 50 76 159 0 20 121 0 146 85 32 0 79 122 0 168 3 0 |Drone Time: 7437.058342|7437.058342,0.000000,0.000000,0.000000
Drone 5: 0 133 59 11 0 147 126 117 0 155 184 109 0 69 52 0 46 0 64 125 0 2 200 0 152 53 0 31 0 94 0 173 150 44 0 68 0 115 0 |Drone Time: 7438.151850|7438.151850,0.000000,0.000000,0.000000
Total validation: Makespan=7454.833877, Deadline violation=0.000000, Energy violation=0.000000, Capacity violation=0.000000
