Instance: 200.40.1
Customer group: 200
Repetition: 2
Experiment strategy: random
Gamma set: 
Gamma1: 
Gamma2: 
Gamma3: 
Gamma4: 
Experiment seed: 43
Solver exit code: 0
Neighborhood selection: random
Random seed: 43
Simulated annealing: disabled
Diversification: disabled
Initial solution cost: 38663.497731
Improved solution cost: 27818.418316
Worst solution cost: 27818.418316
Mean solution cost: 27818.418316
Mean elapsed time: 14017.618421 seconds
Final solution feasibility: FEASIBLE
Solution Details:
Truck Routes:
Truck 1: 0 27 0 43 182 133 0 4 9 0 152 0 148 131 0 |Truck Time: 27818.418316|27818.418316,0.000000,0.000000,0.000000
Truck 2: 0 11 37 12 102 0 59 26 174 0 92 62 74 54 0 181 42 0 2 0 104 52 76 0 |Truck Time: 27784.551515|27784.551515,0.000000,0.000000,0.000000
Truck 3: 0 109 100 0 90 0 16 159 0 188 147 0 58 162 0 20 0 |Truck Time: 27511.714512|27511.714512,0.000000,0.000000,0.000000
Truck 4: 0 200 28 14 0 122 183 0 125 115 107 6 121 0 192 158 0 18 70 0 63 176 13 3 0 |Truck Time: 27808.541971|27808.541971,0.000000,0.000000,0.000000
Truck 5: 0 129 0 155 0 168 108 0 163 80 7 193 0 53 167 143 36 154 0 89 165 10 0 |Truck Time: 27748.256932|27748.256932,0.000000,0.000000,0.000000
Drone Routes:
Drone 1: 0 87 0 67 150 0 134 0 46 0 194 0 145 106 0 23 21 0 47 86 160 71 0 66 0 33 166 0 97 40 197 0 41 0 57 116 0 |Drone Time: 27762.853249|27762.853249,0.000000,0.000000,0.000000
Drone 2: 0 15 0 127 0 68 8 185 0 94 0 196 51 103 0 164 0 144 0 5 0 79 177 0 22 0 60 151 0 98 161 69 0 39 0 169 48 0 96 0 |Drone Time: 27789.141769|27789.141769,0.000000,0.000000,0.000000
Drone 3: 0 119 82 0 120 170 0 17 65 0 38 112 35 140 0 173 110 0 156 25 49 0 191 186 0 126 61 0 199 117 0 91 142 77 88 0 30 0 50 55 0 29 190 56 0 78 0 |Drone Time: 27787.095897|27787.095897,0.000000,0.000000,0.000000
Drone 4: 0 99 0 93 0 149 0 153 19 0 146 123 0 189 175 0 138 172 0 73 0 113 105 135 0 179 178 0 184 101 0 130 124 0 187 81 31 0 24 72 0 |Drone Time: 27802.253335|27802.253335,0.000000,0.000000,0.000000
Drone 5: 0 85 132 45 0 44 141 0 171 0 198 180 0 83 32 84 0 118 0 195 95 0 128 0 111 34 0 139 136 0 1 114 0 137 75 0 64 157 0 |Drone Time: 27784.535161|27784.535161,0.000000,0.000000,0.000000
Total validation: Makespan=27818.418316, Deadline violation=0.000000, Energy violation=0.000000, Capacity violation=0.000000
