Instance: 200.20.1
Customer group: 200
Repetition: 4
Experiment strategy: random
Gamma set: 
Gamma1: 
Gamma2: 
Gamma3: 
Gamma4: 
Experiment seed: 45
Solver exit code: 0
Neighborhood selection: random
Random seed: 45
Simulated annealing: disabled
Diversification: disabled
Initial solution cost: 20939.579680
Improved solution cost: 13827.133970
Worst solution cost: 13827.133970
Mean solution cost: 13827.133970
Mean elapsed time: 1283.031915 seconds
Final solution feasibility: FEASIBLE
Solution Details:
Truck Routes:
Truck 1: 0 79 21 163 118 122 0 172 116 0 133 183 142 41 87 0 |Truck Time: 13569.811987|13569.811987,0.000000,0.000000,0.000000
Truck 2: 0 85 80 20 193 0 19 0 161 51 123 10 0 33 178 42 4 0 132 73 170 0 |Truck Time: 13780.178625|13780.178625,0.000000,0.000000,0.000000
Truck 3: 0 94 141 186 86 15 97 66 0 124 175 18 53 0 107 148 5 67 0 |Truck Time: 13827.133970|13827.133970,0.000000,0.000000,0.000000
Truck 4: 0 46 56 59 3 2 200 92 146 0 150 90 26 0 57 98 34 83 29 0 |Truck Time: 12760.985546|12760.985546,0.000000,0.000000,0.000000
Truck 5: 0 48 165 60 40 36 35 152 0 129 12 0 157 37 13 145 0 69 167 50 30 11 0 |Truck Time: 13738.679950|13738.679950,0.000000,0.000000,0.000000
Drone Routes:
Drone 1: 0 184 0 16 70 0 63 0 191 72 68 0 100 155 0 121 0 156 180 0 176 8 0 162 114 0 174 45 195 138 0 101 0 7 0 |Drone Time: 13791.900711|13791.900711,0.000000,0.000000,0.000000
Drone 2: 0 93 0 103 0 104 0 127 160 0 158 0 96 149 0 102 117 199 0 71 140 0 31 105 0 81 0 61 0 99 74 0 |Drone Time: 13810.969837|13810.969837,0.000000,0.000000,0.000000
Drone 3: 0 64 0 182 0 23 185 144 154 0 75 197 58 0 147 177 1 0 159 38 0 126 43 0 17 0 135 153 108 0 188 89 0 173 137 0 6 0 49 0 |Drone Time: 13781.516847|13781.516847,0.000000,0.000000,0.000000
Drone 4: 0 106 194 0 113 77 171 131 82 0 88 196 0 9 84 164 0 62 55 120 54 52 91 169 0 151 44 0 139 78 0 166 24 0 130 27 47 0 76 0 128 0 |Drone Time: 13818.391000|13818.391000,0.000000,0.000000,0.000000
Drone 5: 0 198 111 28 0 39 187 0 115 0 190 143 189 0 119 32 22 0 125 136 168 0 112 181 14 0 95 0 192 109 25 0 110 134 0 65 0 179 0 |Drone Time: 13825.898184|13825.898184,0.000000,0.000000,0.000000
Total validation: Makespan=13827.133970, Deadline violation=0.000000, Energy violation=0.000000, Capacity violation=0.000000
