Instance: 200.10.4
Customer group: 200
Repetition: 4
Experiment strategy: random
Gamma set: 
Gamma1: 
Gamma2: 
Gamma3: 
Gamma4: 
Experiment seed: 45
Solver exit code: 0
Neighborhood selection: random
Random seed: 45
Simulated annealing: disabled
Diversification: disabled
Initial solution cost: 9879.245175
Improved solution cost: 7981.910998
Worst solution cost: 7981.910998
Mean solution cost: 7981.910998
Mean elapsed time: 1853.011674 seconds
Final solution feasibility: FEASIBLE
Solution Details:
Truck Routes:
Truck 1: 0 193 94 33 61 60 80 111 0 141 88 123 0 143 126 180 134 55 113 0 |Truck Time: 7963.088819|7963.088819,0.000000,0.000000,0.000000
Truck 2: 0 131 19 171 151 18 0 153 164 15 31 0 190 10 23 102 71 26 41 87 0 |Truck Time: 7981.910998|7981.910998,0.000000,0.000000,0.000000
Truck 3: 0 97 146 93 90 1 30 138 169 20 0 104 78 65 86 140 115 99 0 46 105 120 62 149 163 101 0 |Truck Time: 7963.464598|7963.464598,0.000000,0.000000,0.000000
Truck 4: 0 182 5 73 81 181 196 106 0 6 200 96 142 0 49 64 77 0 70 72 68 0 |Truck Time: 7955.078147|7955.078147,0.000000,0.000000,0.000000
Truck 5: 0 145 40 114 166 184 0 198 159 185 119 110 79 52 0 156 154 58 137 39 127 187 0 |Truck Time: 7944.310708|7944.310708,0.000000,0.000000,0.000000
Drone Routes:
Drone 1: 0 175 0 47 0 28 83 0 38 167 0 189 74 121 0 57 179 0 118 129 0 197 124 0 9 0 158 135 183 0 194 0 160 0 |Drone Time: 7887.162447|7887.162447,0.000000,0.000000,0.000000
Drone 2: 0 3 54 7 133 0 84 67 11 0 186 95 0 195 50 0 63 0 170 0 157 0 75 21 109 32 0 192 2 4 0 199 0 139 13 0 |Drone Time: 7969.754056|7969.754056,0.000000,0.000000,0.000000
Drone 3: 0 155 36 0 43 0 188 66 0 117 152 0 25 27 0 37 8 0 122 69 150 0 168 0 35 56 0 34 162 0 45 0 16 0 |Drone Time: 7980.817623|7980.817623,0.000000,0.000000,0.000000
Drone 4: 0 165 0 144 0 108 147 98 89 0 125 130 0 148 191 0 173 177 0 59 0 51 53 0 112 0 12 22 92 0 48 132 0 |Drone Time: 7961.644649|7961.644649,0.000000,0.000000,0.000000
Drone 5: 0 136 44 0 107 76 29 0 103 128 100 0 17 172 91 0 85 161 0 174 0 24 0 178 0 14 0 176 0 42 116 0 82 0 |Drone Time: 7952.788481|7952.788481,0.000000,0.000000,0.000000
Total validation: Makespan=7981.910998, Deadline violation=0.000000, Energy violation=0.000000, Capacity violation=0.000000
