Instance: 200.10.4
Customer group: 200
Repetition: 5
Experiment strategy: cyclic
Gamma set: 
Gamma1: 
Gamma2: 
Gamma3: 
Gamma4: 
Experiment seed: 46
Solver exit code: 0
Neighborhood selection: cyclic
Random seed: 46
Simulated annealing: disabled
Diversification: disabled
Initial solution cost: 10194.357431
Improved solution cost: 7458.527219
Worst solution cost: 7458.527219
Mean solution cost: 7458.527219
Mean elapsed time: 1621.420022 seconds
Final solution feasibility: FEASIBLE
Solution Details:
Truck Routes:
Truck 1: 0 160 16 153 140 200 96 0 49 72 70 0 119 113 124 185 79 0 |Truck Time: 7449.093772|7449.093772,0.000000,0.000000,0.000000
Truck 2: 0 129 21 145 184 166 0 157 84 77 51 101 190 0 127 156 154 45 105 106 0 |Truck Time: 7384.822427|7384.822427,0.000000,0.000000,0.000000
Truck 3: 0 17 143 47 117 126 4 9 193 111 73 81 0 114 118 34 97 10 172 0 62 149 199 187 0 |Truck Time: 7457.739187|7457.739187,0.000000,0.000000,0.000000
Truck 4: 0 23 102 71 53 57 59 136 176 41 26 35 0 171 39 58 137 151 0 |Truck Time: 7458.527219|7458.527219,0.000000,0.000000,0.000000
Truck 5: 0 189 20 1 138 116 0 43 18 19 131 36 120 163 100 75 196 24 0 93 90 178 54 112 68 0 |Truck Time: 7426.867335|7426.867335,0.000000,0.000000,0.000000
Drone Routes:
Drone 1: 0 148 0 186 0 87 67 0 139 15 0 182 0 132 179 56 0 52 0 142 198 0 180 0 195 0 146 37 0 155 95 31 107 89 0 |Drone Time: 7412.570602|7412.570602,0.000000,0.000000,0.000000
Drone 2: 0 181 103 61 0 85 161 0 38 135 33 2 0 115 0 191 8 0 13 122 0 128 5 0 40 109 121 0 6 162 177 0 48 0 86 0 158 169 0 |Drone Time: 7432.276701|7432.276701,0.000000,0.000000,0.000000
Drone 3: 0 42 0 64 0 74 65 88 0 82 0 32 125 174 0 29 134 0 60 197 0 28 0 98 144 0 164 92 0 22 188 0 78 0 |Drone Time: 7425.806461|7425.806461,0.000000,0.000000,0.000000
Drone 4: 0 99 0 104 0 91 94 0 175 0 27 25 12 0 168 0 194 0 46 83 0 80 66 0 44 55 0 133 165 50 11 0 |Drone Time: 7458.110439|7458.110439,0.000000,0.000000,0.000000
Drone 5: 0 183 130 0 147 123 192 141 0 7 167 0 14 0 63 3 0 170 159 0 173 150 0 69 108 0 76 152 0 30 0 110 0 |Drone Time: 7443.880160|7443.880160,0.000000,0.000000,0.000000
Total validation: Makespan=7458.527219, Deadline violation=0.000000, Energy violation=0.000000, Capacity violation=0.000000
