Instance: 200.30.3
Customer group: 200
Repetition: 1
Experiment strategy: random
Gamma set: 
Gamma1: 
Gamma2: 
Gamma3: 
Gamma4: 
Experiment seed: 42
Solver exit code: 0
Neighborhood selection: random
Random seed: 42
Simulated annealing: disabled
Diversification: disabled
Initial solution cost: 32022.352228
Improved solution cost: 26990.701028
Worst solution cost: 26990.701028
Mean solution cost: 26990.701028
Mean elapsed time: 1122.214270 seconds
Final solution feasibility: FEASIBLE
Solution Details:
Truck Routes:
Truck 1: 0 194 0 191 0 170 0 87 0 163 59 20 0 37 0 174 0 |Truck Time: 26857.334815|26857.334815,0.000000,0.000000,0.000000
Truck 2: 0 60 0 93 0 138 181 0 186 182 199 0 131 179 14 83 0 39 41 71 0 9 158 8 0 |Truck Time: 26638.985424|26638.985424,0.000000,0.000000,0.000000
Truck 3: 0 23 0 6 143 0 130 175 0 184 28 0 116 0 81 86 137 10 0 |Truck Time: 26990.701028|26990.701028,0.000000,0.000000,0.000000
Truck 4: 0 112 47 0 82 0 17 35 0 149 24 166 0 125 172 0 76 0 |Truck Time: 26881.763682|26881.763682,0.000000,0.000000,0.000000
Truck 5: 0 124 144 0 173 0 152 145 0 64 101 110 121 0 78 160 0 56 90 123 0 |Truck Time: 26972.251365|26972.251365,0.000000,0.000000,0.000000
Drone Routes:
Drone 1: 0 183 0 168 200 96 46 0 40 74 129 0 80 54 0 68 0 197 195 0 176 167 99 0 12 2 0 187 139 21 0 58 0 42 0 85 0 73 0 92 69 0 103 66 0 |Drone Time: 26645.006056|26645.006056,0.000000,0.000000,0.000000
Drone 2: 0 18 193 0 49 190 0 120 88 5 0 33 109 79 0 34 75 0 154 52 0 134 0 89 169 0 119 0 196 15 0 126 0 146 0 164 0 65 1 0 133 159 0 |Drone Time: 26697.731276|26697.731276,0.000000,0.000000,0.000000
Drone 3: 0 31 135 0 4 0 26 29 132 0 43 136 0 105 0 150 147 55 0 70 0 95 127 0 30 0 98 157 0 61 0 44 0 11 0 148 0 128 0 162 0 |Drone Time: 26597.916487|26597.916487,0.000000,0.000000,0.000000
Drone 4: 0 118 113 0 155 156 19 53 0 13 32 0 161 48 0 106 0 77 0 117 0 57 50 45 0 36 192 0 63 0 7 0 104 51 0 122 0 97 0 84 0 102 16 0 |Drone Time: 26928.104102|26928.104102,0.000000,0.000000,0.000000
Drone 5: 0 114 153 0 27 171 111 0 3 100 0 151 142 140 0 180 38 91 0 72 165 0 185 107 0 25 0 178 62 0 108 188 0 94 141 0 115 0 177 0 198 189 0 22 67 0 |Drone Time: 26702.849790|26702.849790,0.000000,0.000000,0.000000
Total validation: Makespan=26990.701028, Deadline violation=0.000000, Energy violation=0.000000, Capacity violation=0.000000
