Instance: 200.10.4
Customer group: 200
Repetition: 2
Experiment strategy: adaptive
Gamma set: g3
Gamma1: 0.3
Gamma2: 0.2
Gamma3: 0.1
Gamma4: 0.6
Experiment seed: 43
Solver exit code: 0
Neighborhood selection: adaptive
Adaptive parameters: 0.300000 0.200000 0.100000 0.600000
Random seed: 43
Simulated annealing: disabled
Diversification: disabled
Initial solution cost: 10057.525404
Improved solution cost: 7648.672346
Worst solution cost: 7648.672346
Mean solution cost: 7648.672346
Mean elapsed time: 1986.957627 seconds
Final solution feasibility: FEASIBLE
Solution Details:
Truck Routes:
Truck 1: 0 142 79 53 48 143 17 0 19 131 120 18 0 23 13 198 185 132 124 179 110 108 52 99 0 |Truck Time: 7599.779799|7599.779799,0.000000,0.000000,0.000000
Truck 2: 0 178 54 63 49 37 90 0 84 57 28 0 171 137 58 39 127 0 |Truck Time: 7648.672346|7648.672346,0.000000,0.000000,0.000000
Truck 3: 0 24 42 78 111 193 94 33 66 104 0 168 118 101 189 0 91 105 199 154 25 156 0 |Truck Time: 7611.836157|7611.836157,0.000000,0.000000,0.000000
Truck 4: 0 195 159 170 55 76 0 97 71 112 70 72 145 158 0 86 4 126 117 0 |Truck Time: 7646.808815|7646.808815,0.000000,0.000000,0.000000
Truck 5: 0 106 153 81 5 186 149 163 21 0 157 11 44 148 77 0 20 138 1 64 161 167 0 |Truck Time: 7561.652473|7561.652473,0.000000,0.000000,0.000000
Drone Routes:
Drone 1: 0 74 10 183 0 109 194 0 165 50 0 177 67 162 0 155 139 95 164 0 190 188 0 96 147 6 0 180 0 30 3 0 16 0 196 38 0 |Drone Time: 7439.762362|7439.762362,0.000000,0.000000,0.000000
Drone 2: 0 87 0 15 61 2 0 89 31 0 45 0 169 8 0 151 135 0 41 0 129 62 0 29 14 0 184 0 100 128 0 46 0 182 0 |Drone Time: 7565.782043|7565.782043,0.000000,0.000000,0.000000
Drone 3: 0 22 27 36 0 26 191 0 125 130 0 69 134 0 60 0 174 172 0 35 56 0 82 0 92 0 176 0 73 0 200 0 |Drone Time: 7572.667275|7572.667275,0.000000,0.000000,0.000000
Drone 4: 0 152 119 0 85 116 0 75 0 113 0 9 0 136 0 150 173 0 88 141 0 40 166 0 59 0 51 93 0 43 122 0 140 0 114 0 |Drone Time: 7630.598698|7630.598698,0.000000,0.000000,0.000000
Drone 5: 0 181 121 32 7 0 192 80 0 175 0 12 187 0 123 65 197 103 0 107 144 98 0 83 47 0 102 133 0 34 146 0 160 0 68 0 115 0 |Drone Time: 7642.574974|7642.574974,0.000000,0.000000,0.000000
Total validation: Makespan=7648.672346, Deadline violation=0.000000, Energy violation=0.000000, Capacity violation=0.000000
