Instance: 200.20.2
Customer group: 200
Repetition: 2
Experiment strategy: cyclic
Gamma set: 
Gamma1: 
Gamma2: 
Gamma3: 
Gamma4: 
Experiment seed: 43
Solver exit code: 0
Neighborhood selection: cyclic
Random seed: 43
Simulated annealing: disabled
Diversification: disabled
Initial solution cost: 19081.935398
Improved solution cost: 15954.123038
Worst solution cost: 15954.123038
Mean solution cost: 15954.123038
Mean elapsed time: 806.473376 seconds
Final solution feasibility: FEASIBLE
Solution Details:
Truck Routes:
Truck 1: 0 31 164 0 26 0 167 34 0 187 0 |Truck Time: 15118.610628|15118.610628,0.000000,0.000000,0.000000
Truck 2: 0 114 48 10 52 0 49 2 0 113 121 0 71 180 104 149 22 0 |Truck Time: 15931.997545|15931.997545,0.000000,0.000000,0.000000
Truck 3: 0 15 25 75 146 0 178 78 126 76 0 148 5 100 83 117 157 0 74 79 145 0 1 0 |Truck Time: 15950.406605|15950.406605,0.000000,0.000000,0.000000
Truck 4: 0 132 0 51 39 165 153 72 0 159 27 59 0 191 125 0 122 156 21 102 115 4 0 |Truck Time: 15954.123038|15954.123038,0.000000,0.000000,0.000000
Truck 5: 0 81 80 0 151 35 179 137 0 11 147 0 192 120 50 141 0 8 68 144 84 135 194 0 |Truck Time: 15764.273222|15764.273222,0.000000,0.000000,0.000000
Drone Routes:
Drone 1: 0 62 193 0 13 47 142 190 177 0 168 86 0 33 143 69 0 175 127 166 0 41 38 0 17 0 101 158 0 160 0 97 0 130 9 0 182 0 196 0 6 0 |Drone Time: 15882.352040|15882.352040,0.000000,0.000000,0.000000
Drone 2: 0 170 155 0 44 150 36 0 189 95 0 163 138 0 176 197 0 154 188 87 0 96 108 0 161 199 18 0 54 0 119 0 174 128 0 112 0 185 0 |Drone Time: 15739.080455|15739.080455,0.000000,0.000000,0.000000
Drone 3: 0 3 0 73 136 0 67 134 53 46 37 0 140 169 109 61 0 55 195 0 200 7 0 98 0 70 0 131 58 0 162 173 105 0 40 93 0 30 28 0 77 0 |Drone Time: 15792.067871|15792.067871,0.000000,0.000000,0.000000
Drone 4: 0 45 85 56 0 43 88 0 82 65 0 64 24 0 172 63 0 16 66 42 0 111 123 0 32 89 0 20 0 183 0 124 12 0 184 181 0 |Drone Time: 15670.718925|15670.718925,0.000000,0.000000,0.000000
Drone 5: 0 94 129 186 19 92 0 116 14 0 198 118 0 90 23 0 103 0 29 106 0 91 133 0 139 152 0 110 60 0 171 0 57 0 99 0 107 0 |Drone Time: 15915.596311|15915.596311,0.000000,0.000000,0.000000
Total validation: Makespan=15954.123038, Deadline violation=0.000000, Energy violation=0.000000, Capacity violation=0.000000
