Instance: 200.10.1
Customer group: 200
Repetition: 4
Experiment strategy: adaptive
Gamma set: g4
Gamma1: 0.5
Gamma2: 0.3
Gamma3: 0.1
Gamma4: 0.6
Experiment seed: 45
Solver exit code: 0
Neighborhood selection: adaptive
Adaptive parameters: 0.500000 0.300000 0.100000 0.600000
Random seed: 45
Simulated annealing: disabled
Diversification: disabled
Initial solution cost: 10796.437825
Improved solution cost: 7347.593069
Worst solution cost: 7347.593069
Mean solution cost: 7347.593069
Mean elapsed time: 1698.875070 seconds
Final solution feasibility: FEASIBLE
Solution Details:
Truck Routes:
Truck 1: 0 58 24 196 148 0 27 91 107 17 76 104 28 0 49 52 198 59 54 0 |Truck Time: 7347.593069|7347.593069,0.000000,0.000000,0.000000
Truck 2: 0 122 168 33 134 0 175 117 130 0 157 2 181 13 137 22 69 0 |Truck Time: 7298.772083|7298.772083,0.000000,0.000000,0.000000
Truck 3: 0 151 14 146 163 108 68 0 105 50 85 197 0 135 67 82 88 187 199 0 |Truck Time: 7346.586959|7346.586959,0.000000,0.000000,0.000000
Truck 4: 0 161 31 94 25 155 169 129 0 3 32 119 166 147 80 0 154 120 125 115 65 101 10 0 |Truck Time: 7346.109360|7346.109360,0.000000,0.000000,0.000000
Truck 5: 0 15 144 132 100 75 140 18 0 171 51 9 30 73 152 86 0 156 159 12 92 133 97 79 0 |Truck Time: 7289.901228|7289.901228,0.000000,0.000000,0.000000
Drone Routes:
Drone 1: 0 99 7 0 136 20 83 0 184 109 0 138 93 121 0 70 106 0 56 0 200 0 126 183 0 23 0 124 90 0 47 118 21 11 0 19 8 0 |Drone Time: 7339.733015|7339.733015,0.000000,0.000000,0.000000
Drone 2: 0 182 170 71 0 188 0 60 0 160 0 194 0 123 0 142 0 6 0 35 66 48 55 4 0 45 42 0 41 0 57 0 |Drone Time: 7344.165486|7344.165486,0.000000,0.000000,0.000000
Drone 3: 0 143 0 192 141 0 61 149 0 98 40 112 153 0 102 127 0 185 5 0 29 191 0 53 178 84 0 78 0 150 0 62 64 0 89 195 0 |Drone Time: 7342.547426|7342.547426,0.000000,0.000000,0.000000
Drone 4: 0 16 179 44 63 165 0 164 116 0 172 174 145 0 72 95 0 113 0 1 46 0 111 77 139 0 87 0 128 26 0 37 0 131 0 |Drone Time: 7289.552444|7289.552444,0.000000,0.000000,0.000000
Drone 5: 0 74 96 0 190 0 114 177 0 176 158 0 189 34 0 36 43 103 0 39 0 38 167 110 0 162 186 0 180 193 0 173 81 0 |Drone Time: 7340.638711|7340.638711,0.000000,0.000000,0.000000
Total validation: Makespan=7347.593069, Deadline violation=0.000000, Energy violation=0.000000, Capacity violation=0.000000
