Instance: 200.30.3
Customer group: 200
Repetition: 4
Experiment strategy: adaptive
Gamma set: g3
Gamma1: 0.3
Gamma2: 0.2
Gamma3: 0.1
Gamma4: 0.6
Experiment seed: 45
Solver exit code: 0
Neighborhood selection: adaptive
Adaptive parameters: 0.300000 0.200000 0.100000 0.600000
Random seed: 45
Simulated annealing: disabled
Diversification: disabled
Initial solution cost: 30346.175888
Improved solution cost: 26178.575188
Worst solution cost: 26178.575188
Mean solution cost: 26178.575188
Mean elapsed time: 1173.049369 seconds
Final solution feasibility: FEASIBLE
Solution Details:
Truck Routes:
Truck 1: 0 164 0 148 0 9 161 96 0 36 39 0 197 0 |Truck Time: 24561.902289|24561.902289,0.000000,0.000000,0.000000
Truck 2: 0 90 0 11 144 0 17 0 30 119 111 64 116 0 123 7 0 125 88 172 0 |Truck Time: 26178.575188|26178.575188,0.000000,0.000000,0.000000
Truck 3: 0 173 0 104 68 0 112 117 35 198 0 81 86 158 0 149 24 0 28 0 |Truck Time: 26152.524209|26152.524209,0.000000,0.000000,0.000000
Truck 4: 0 72 194 0 181 0 3 41 0 187 0 69 92 0 169 126 38 0 |Truck Time: 26162.124244|26162.124244,0.000000,0.000000,0.000000
Truck 5: 0 60 83 130 170 0 6 191 133 0 186 145 152 0 101 121 0 59 163 78 174 0 20 0 |Truck Time: 25678.191042|25678.191042,0.000000,0.000000,0.000000
Drone Routes:
Drone 1: 0 42 0 137 0 118 32 0 33 142 0 95 0 52 40 79 66 199 0 114 188 0 93 180 0 134 0 82 155 0 58 0 44 0 177 0 94 159 0 143 0 84 0 |Drone Time: 26002.490777|26002.490777,0.000000,0.000000,0.000000
Drone 2: 0 171 0 192 154 57 113 5 0 156 53 150 0 43 37 0 74 151 135 193 0 196 136 0 14 165 0 162 0 45 0 12 2 0 49 157 0 153 21 0 115 0 160 0 98 200 0 |Drone Time: 26117.088832|26117.088832,0.000000,0.000000,0.000000
Drone 3: 0 19 107 55 147 0 195 168 99 0 87 0 4 127 0 34 18 140 23 0 10 48 0 27 85 0 109 31 0 13 141 0 71 50 0 185 131 0 61 0 89 0 97 0 65 1 0 |Drone Time: 26120.513189|26120.513189,0.000000,0.000000,0.000000
Drone 4: 0 70 0 106 0 47 0 8 102 0 189 105 0 56 0 103 184 0 75 0 166 100 0 175 0 132 120 63 0 108 91 0 179 0 73 0 76 0 182 0 |Drone Time: 26174.502502|26174.502502,0.000000,0.000000,0.000000
Drone 5: 0 176 0 80 54 0 110 0 129 0 183 26 51 190 0 124 139 0 77 0 29 0 25 0 178 62 0 16 15 0 138 167 46 0 122 0 146 0 22 67 0 128 0 |Drone Time: 26157.043418|26157.043418,0.000000,0.000000,0.000000
Total validation: Makespan=26178.575188, Deadline violation=0.000000, Energy violation=0.000000, Capacity violation=0.000000
