Instance: 200.30.3
Customer group: 200
Repetition: 5
Experiment strategy: cyclic
Gamma set: 
Gamma1: 
Gamma2: 
Gamma3: 
Gamma4: 
Experiment seed: 46
Solver exit code: 0
Neighborhood selection: cyclic
Random seed: 46
Simulated annealing: disabled
Diversification: disabled
Initial solution cost: 32741.789056
Improved solution cost: 22216.669411
Worst solution cost: 22216.669411
Mean solution cost: 22216.669411
Mean elapsed time: 1233.203992 seconds
Final solution feasibility: FEASIBLE
Solution Details:
Truck Routes:
Truck 1: 0 117 0 45 56 123 0 24 166 149 0 44 2 148 0 |Truck Time: 21934.163930|21934.163930,0.000000,0.000000,0.000000
Truck 2: 0 182 186 191 0 140 161 103 0 128 13 154 90 162 0 59 160 78 96 0 181 0 |Truck Time: 22206.070249|22206.070249,0.000000,0.000000,0.000000
Truck 3: 0 47 180 68 104 41 0 12 145 0 133 71 0 121 18 197 64 114 124 28 116 200 0 4 35 17 65 198 0 |Truck Time: 22200.357865|22200.357865,0.000000,0.000000,0.000000
Truck 4: 0 82 0 55 0 172 57 0 39 95 87 3 122 0 86 9 10 0 |Truck Time: 22216.669411|22216.669411,0.000000,0.000000,0.000000
Truck 5: 0 83 60 102 199 0 130 0 152 16 196 72 0 138 115 49 22 27 0 163 84 11 171 143 0 |Truck Time: 22002.061485|22002.061485,0.000000,0.000000,0.000000
Drone Routes:
Drone 1: 0 58 0 29 0 61 0 195 0 158 0 97 0 109 142 0 7 0 85 0 170 0 136 175 19 0 126 0 94 0 8 0 107 131 0 |Drone Time: 22167.577660|22167.577660,0.000000,0.000000,0.000000
Drone 2: 0 150 155 0 30 0 151 135 0 106 0 42 0 99 20 0 75 168 0 80 127 0 40 137 0 179 165 0 1 0 62 111 34 0 144 0 |Drone Time: 22181.261851|22181.261851,0.000000,0.000000,0.000000
Drone 3: 0 43 37 0 77 0 156 100 53 185 0 129 74 0 76 51 0 173 0 159 169 36 0 112 0 46 174 176 0 33 81 23 0 92 69 0 183 54 0 |Drone Time: 22153.031227|22153.031227,0.000000,0.000000,0.000000
Drone 4: 0 21 15 0 164 0 105 0 70 0 38 125 0 134 0 193 48 31 0 189 120 63 26 0 108 192 93 0 14 147 0 177 66 0 110 0 89 132 50 0 |Drone Time: 22213.600432|22213.600432,0.000000,0.000000,0.000000
Drone 5: 0 194 0 187 153 0 25 79 0 178 52 0 88 32 0 113 190 91 141 0 73 0 5 118 0 67 157 188 0 184 119 0 146 0 6 139 0 98 167 0 101 0 |Drone Time: 22037.011791|22037.011791,0.000000,0.000000,0.000000
Total validation: Makespan=22216.669411, Deadline violation=0.000000, Energy violation=0.000000, Capacity violation=0.000000
