Instance: 200.30.3
Customer group: 200
Repetition: 5
Experiment strategy: adaptive
Gamma set: g3
Gamma1: 0.3
Gamma2: 0.2
Gamma3: 0.1
Gamma4: 0.6
Experiment seed: 46
Solver exit code: 0
Neighborhood selection: adaptive
Adaptive parameters: 0.300000 0.200000 0.100000 0.600000
Random seed: 46
Simulated annealing: disabled
Diversification: disabled
Initial solution cost: 32741.789056
Improved solution cost: 22029.143631
Worst solution cost: 22029.143631
Mean solution cost: 22029.143631
Mean elapsed time: 1310.886927 seconds
Final solution feasibility: FEASIBLE
Solution Details:
Truck Routes:
Truck 1: 0 3 0 148 2 0 102 133 0 96 11 143 0 45 115 181 0 |Truck Time: 22027.432355|22027.432355,0.000000,0.000000,0.000000
Truck 2: 0 191 186 145 187 6 0 86 9 103 0 90 13 162 49 0 147 0 128 108 7 0 |Truck Time: 21827.435938|21827.435938,0.000000,0.000000,0.000000
Truck 3: 0 178 124 0 12 10 173 0 71 83 0 125 32 118 39 104 0 89 38 172 0 |Truck Time: 21911.389031|21911.389031,0.000000,0.000000,0.000000
Truck 4: 0 98 160 78 0 55 65 198 0 1 175 82 130 0 161 101 121 64 0 112 117 0 |Truck Time: 22018.470261|22018.470261,0.000000,0.000000,0.000000
Truck 5: 0 36 95 87 68 41 0 149 196 0 163 59 20 195 164 167 0 131 179 17 0 |Truck Time: 22029.143631|22029.143631,0.000000,0.000000,0.000000
Drone Routes:
Drone 1: 0 135 109 79 0 158 0 70 0 77 0 24 0 80 127 0 0 197 18 0 193 140 28 0 23 25 0 69 100 0 52 0 114 34 0 182 66 0 |Drone Time: 21952.942279|21952.942279,0.000000,0.000000,0.000000
Drone 2: 0 60 0 61 0 177 0 137 0 126 0 116 0 26 63 0 14 0 176 0 22 67 0 43 37 0 188 157 174 0 151 81 48 0 194 199 0 185 150 0 |Drone Time: 21978.659696|21978.659696,0.000000,0.000000,0.000000
Drone 3: 0 92 54 5 0 57 190 120 183 0 107 156 19 0 144 0 132 29 0 56 0 165 105 0 152 16 0 47 0 93 180 0 73 189 0 76 113 0 106 168 0 |Drone Time: 21997.335973|21997.335973,0.000000,0.000000,0.000000
Drone 4: 0 72 0 154 94 0 122 0 192 50 88 51 0 35 155 53 0 44 0 134 0 111 119 0 58 153 0 99 75 0 21 15 139 0 4 0 74 129 0 |Drone Time: 21968.501380|21968.501380,0.000000,0.000000,0.000000
Drone 5: 0 97 46 0 30 0 8 31 0 159 141 169 91 0 136 166 0 123 138 0 85 62 200 0 184 110 0 84 27 0 171 0 146 0 40 42 0 33 142 0 170 0 |Drone Time: 21970.365938|21970.365938,0.000000,0.000000,0.000000
Total validation: Makespan=22029.143631, Deadline violation=0.000000, Energy violation=0.000000, Capacity violation=0.000000
