Instance: 200.10.1
Customer group: 200
Repetition: 5
Experiment strategy: random
Gamma set: 
Gamma1: 
Gamma2: 
Gamma3: 
Gamma4: 
Experiment seed: 46
Solver exit code: 0
Neighborhood selection: random
Random seed: 46
Simulated annealing: disabled
Diversification: disabled
Initial solution cost: 10311.854697
Improved solution cost: 6357.881412
Worst solution cost: 6357.881412
Mean solution cost: 6357.881412
Mean elapsed time: 2041.511747 seconds
Final solution feasibility: FEASIBLE
Solution Details:
Truck Routes:
Truck 1: 0 58 39 41 2 157 181 127 196 166 0 53 135 158 82 164 128 43 188 113 114 0 |Truck Time: 6316.438810|6316.438810,0.000000,0.000000,0.000000
Truck 2: 0 132 75 100 0 15 131 68 42 155 153 0 195 150 70 142 108 109 19 120 173 161 0 |Truck Time: 6336.394127|6336.394127,0.000000,0.000000,0.000000
Truck 3: 0 118 95 91 107 17 23 134 104 6 0 122 78 73 152 190 183 0 14 3 0 |Truck Time: 6357.881412|6357.881412,0.000000,0.000000,0.000000
Truck 4: 0 185 198 101 7 10 115 125 163 16 177 0 124 147 34 22 137 13 102 69 24 0 |Truck Time: 6323.354163|6323.354163,0.000000,0.000000,0.000000
Truck 5: 0 180 51 171 29 62 174 140 149 98 45 94 31 169 8 0 123 159 156 92 192 12 133 27 72 38 0 |Truck Time: 6321.407188|6321.407188,0.000000,0.000000,0.000000
Drone Routes:
Drone 1: 0 47 79 71 0 199 187 0 182 93 170 189 0 88 96 0 148 5 0 162 87 54 0 64 84 30 0 193 167 0 143 0 |Drone Time: 6336.060837|6336.060837,0.000000,0.000000,0.000000
Drone 2: 0 129 0 48 55 186 112 0 121 90 0 154 146 0 40 103 61 0 197 141 0 26 36 67 0 130 0 105 0 175 0 178 0 |Drone Time: 6330.369630|6330.369630,0.000000,0.000000,0.000000
Drone 3: 0 172 9 0 81 117 0 44 151 0 80 165 63 138 0 18 35 0 52 0 200 191 0 25 184 0 57 0 56 21 0 126 11 0 |Drone Time: 6269.876748|6269.876748,0.000000,0.000000,0.000000
Drone 4: 0 66 106 65 0 194 83 0 33 77 0 37 0 89 0 99 49 0 4 0 176 0 136 20 0 60 0 110 76 0 |Drone Time: 6335.967508|6335.967508,0.000000,0.000000,0.000000
Drone 5: 0 59 0 1 74 179 0 145 0 46 116 0 32 119 0 139 111 0 86 144 0 160 28 0 97 168 0 85 50 0 |Drone Time: 6348.430121|6348.430121,0.000000,0.000000,0.000000
Total validation: Makespan=6357.881412, Deadline violation=0.000000, Energy violation=0.000000, Capacity violation=0.000000
