Instance: 200.30.4
Customer group: 200
Repetition: 4
Experiment strategy: random
Gamma set: 
Gamma1: 
Gamma2: 
Gamma3: 
Gamma4: 
Experiment seed: 45
Solver exit code: 0
Neighborhood selection: random
Random seed: 45
Simulated annealing: disabled
Diversification: disabled
Initial solution cost: 31633.718371
Improved solution cost: 25605.065017
Worst solution cost: 25605.065017
Mean solution cost: 25605.065017
Mean elapsed time: 1480.272785 seconds
Final solution feasibility: FEASIBLE
Solution Details:
Truck Routes:
Truck 1: 0 5 0 145 0 73 195 0 125 83 0 72 179 109 0 51 176 85 0 |Truck Time: 25507.091301|25507.091301,0.000000,0.000000,0.000000
Truck 2: 0 190 0 184 80 0 31 143 157 137 0 8 191 29 19 0 133 32 0 110 26 0 |Truck Time: 25556.025714|25556.025714,0.000000,0.000000,0.000000
Truck 3: 0 40 194 0 23 61 0 158 12 119 0 135 123 122 0 200 175 124 151 0 48 43 57 198 0 |Truck Time: 25588.472677|25588.472677,0.000000,0.000000,0.000000
Truck 4: 0 71 186 0 177 0 60 0 47 49 134 0 39 54 100 197 0 140 167 94 168 0 |Truck Time: 25605.065017|25605.065017,0.000000,0.000000,0.000000
Truck 5: 0 155 89 0 4 0 173 149 0 126 117 28 0 9 2 181 0 62 102 199 0 |Truck Time: 25563.083898|25563.083898,0.000000,0.000000,0.000000
Drone Routes:
Drone 1: 0 193 0 37 0 152 42 0 129 148 141 0 3 0 15 0 25 0 180 0 66 75 0 6 0 22 0 106 0 63 0 56 0 163 188 90 0 53 0 |Drone Time: 25423.142994|25423.142994,0.000000,0.000000,0.000000
Drone 2: 0 118 103 0 27 187 189 34 0 160 146 0 114 178 0 38 93 0 171 82 0 128 0 182 165 35 0 30 0 11 52 0 16 0 58 183 0 96 0 50 0 77 0 |Drone Time: 24966.010458|24966.010458,0.000000,0.000000,0.000000
Drone 3: 0 69 0 76 0 86 105 0 162 0 99 0 127 0 59 0 74 0 153 0 138 0 67 24 0 98 0 65 0 104 91 0 17 120 0 87 1 0 |Drone Time: 25569.586928|25569.586928,0.000000,0.000000,0.000000
Drone 4: 0 170 142 0 78 115 0 95 112 0 156 70 0 44 107 46 132 113 81 0 166 97 0 130 14 0 147 0 18 154 0 92 10 0 79 0 196 0 116 0 159 172 0 84 0 |Drone Time: 25019.393174|25019.393174,0.000000,0.000000,0.000000
Drone 5: 0 144 0 150 139 121 0 36 164 0 41 111 0 13 108 0 131 169 0 101 33 0 7 0 174 0 64 45 192 0 21 0 20 55 0 161 0 136 0 68 0 88 185 0 |Drone Time: 24982.983505|24982.983505,0.000000,0.000000,0.000000
Total validation: Makespan=25605.065017, Deadline violation=0.000000, Energy violation=0.000000, Capacity violation=0.000000
