Instance: 200.10.1
Customer group: 200
Repetition: 4
Experiment strategy: adaptive
Gamma set: g1
Gamma1: 0.3
Gamma2: 0.2
Gamma3: 0.1
Gamma4: 0.3
Experiment seed: 45
Solver exit code: 0
Neighborhood selection: adaptive
Adaptive parameters: 0.300000 0.200000 0.100000 0.300000
Random seed: 45
Simulated annealing: disabled
Diversification: disabled
Initial solution cost: 10796.437825
Improved solution cost: 7107.384347
Worst solution cost: 7107.384347
Mean solution cost: 7107.384347
Mean elapsed time: 1736.209581 seconds
Final solution feasibility: FEASIBLE
Solution Details:
Truck Routes:
Truck 1: 0 24 196 148 58 0 27 91 107 76 28 0 49 52 198 115 59 120 0 |Truck Time: 7105.553350|7105.553350,0.000000,0.000000,0.000000
Truck 2: 0 171 122 168 33 134 0 89 117 130 81 0 83 181 2 157 13 137 22 69 90 0 |Truck Time: 7101.631878|7101.631878,0.000000,0.000000,0.000000
Truck 3: 0 119 32 151 166 147 124 0 183 29 50 126 197 0 172 1 88 82 187 67 135 199 0 |Truck Time: 7092.255319|7092.255319,0.000000,0.000000,0.000000
Truck 4: 0 161 31 94 25 155 169 129 0 3 14 146 163 108 68 0 177 125 65 101 10 0 |Truck Time: 7107.384347|7107.384347,0.000000,0.000000,0.000000
Truck 5: 0 15 144 132 100 75 140 18 0 86 190 152 73 30 9 51 0 97 92 133 192 12 159 156 79 0 |Truck Time: 7097.610198|7097.610198,0.000000,0.000000,0.000000
Drone Routes:
Drone 1: 0 188 0 104 0 184 42 0 170 138 93 71 0 70 106 0 72 95 0 123 0 200 0 74 96 0 80 0 47 118 21 11 0 56 8 0 |Drone Time: 7101.491068|7101.491068,0.000000,0.000000,0.000000
Drone 2: 0 164 116 0 182 34 0 60 0 160 0 194 0 174 46 0 142 0 6 0 35 48 55 4 66 0 45 153 0 41 0 136 20 0 |Drone Time: 7084.448590|7084.448590,0.000000,0.000000,0.000000
Drone 3: 0 38 143 0 191 17 141 0 61 149 0 112 109 114 0 102 127 0 185 5 0 105 0 178 85 84 0 57 0 150 0 62 64 0 |Drone Time: 7074.026681|7074.026681,0.000000,0.000000,0.000000
Drone 4: 0 154 179 44 63 165 0 99 7 0 145 0 19 0 113 0 53 167 0 139 111 77 0 87 0 128 26 0 37 0 131 0 |Drone Time: 7064.675593|7064.675593,0.000000,0.000000,0.000000
Drone 5: 0 189 121 0 175 0 40 98 16 0 176 158 0 78 0 36 43 103 0 39 0 23 110 0 162 186 54 0 180 193 0 173 195 0 |Drone Time: 7101.477515|7101.477515,0.000000,0.000000,0.000000
Total validation: Makespan=7107.384347, Deadline violation=0.000000, Energy violation=0.000000, Capacity violation=0.000000
