Instance: 200.10.3
Customer group: 200
Repetition: 3
Experiment strategy: cyclic
Gamma set: 
Gamma1: 
Gamma2: 
Gamma3: 
Gamma4: 
Experiment seed: 44
Solver exit code: 0
Neighborhood selection: cyclic
Random seed: 44
Simulated annealing: disabled
Diversification: disabled
Initial solution cost: 8616.581505
Improved solution cost: 7715.309610
Worst solution cost: 7715.309610
Mean solution cost: 7715.309610
Mean elapsed time: 1163.015251 seconds
Final solution feasibility: FEASIBLE
Solution Details:
Truck Routes:
Truck 1: 0 39 141 165 55 22 53 23 30 176 11 2 0 41 0 1 21 0 |Truck Time: 7599.471206|7599.471206,0.000000,0.000000,0.000000
Truck 2: 0 128 153 191 197 119 0 172 173 24 0 112 68 130 29 198 95 0 |Truck Time: 7663.879622|7663.879622,0.000000,0.000000,0.000000
Truck 3: 0 70 161 122 182 0 137 87 147 32 136 0 92 166 157 71 88 0 |Truck Time: 7715.309610|7715.309610,0.000000,0.000000,0.000000
Truck 4: 0 93 106 167 180 154 8 144 162 0 5 3 18 59 100 42 0 132 14 184 140 103 84 97 0 |Truck Time: 7498.252133|7498.252133,0.000000,0.000000,0.000000
Truck 5: 0 27 79 26 86 108 102 67 127 123 149 0 17 160 190 69 155 61 0 25 200 50 66 10 168 54 0 |Truck Time: 7681.111100|7681.111100,0.000000,0.000000,0.000000
Drone Routes:
Drone 1: 0 109 64 48 105 185 28 0 51 114 33 0 36 145 0 134 156 0 52 101 0 181 0 129 0 40 0 6 0 15 0 |Drone Time: 7705.031887|7705.031887,0.000000,0.000000,0.000000
Drone 2: 0 121 152 75 125 159 56 0 194 113 186 115 0 192 164 179 77 0 80 169 0 111 0 58 118 0 196 73 139 0 62 85 0 188 0 110 99 0 |Drone Time: 7665.345319|7665.345319,0.000000,0.000000,0.000000
Drone 3: 0 199 13 37 0 35 116 195 0 120 0 78 45 170 171 0 65 31 0 91 189 0 143 0 193 107 0 7 0 34 0 |Drone Time: 7708.965427|7708.965427,0.000000,0.000000,0.000000
Drone 4: 0 178 83 117 81 0 133 60 0 151 20 9 19 0 46 43 0 82 0 76 4 98 0 124 0 49 44 0 63 38 0 175 0 |Drone Time: 7671.767344|7671.767344,0.000000,0.000000,0.000000
Drone 5: 0 47 177 174 0 90 72 0 126 146 0 57 94 12 148 0 142 104 0 96 187 131 0 74 0 16 163 0 89 0 183 158 135 0 138 150 0 |Drone Time: 7714.756963|7714.756963,0.000000,0.000000,0.000000
Total validation: Makespan=7715.309610, Deadline violation=0.000000, Energy violation=0.000000, Capacity violation=0.000000
