Instance: 200.10.3
Customer group: 200
Repetition: 2
Experiment strategy: adaptive
Gamma set: g2
Gamma1: 0.5
Gamma2: 0.3
Gamma3: 0.1
Gamma4: 0.3
Experiment seed: 43
Solver exit code: 0
Neighborhood selection: adaptive
Adaptive parameters: 0.500000 0.300000 0.100000 0.300000
Random seed: 43
Simulated annealing: disabled
Diversification: disabled
Initial solution cost: 9163.523239
Improved solution cost: 7393.625989
Worst solution cost: 7393.625989
Mean solution cost: 7393.625989
Mean elapsed time: 1147.665804 seconds
Final solution feasibility: FEASIBLE
Solution Details:
Truck Routes:
Truck 1: 0 90 129 189 91 86 26 0 143 50 168 10 181 54 0 137 102 0 |Truck Time: 6948.986746|6948.986746,0.000000,0.000000,0.000000
Truck 2: 0 119 3 49 134 36 47 0 63 191 95 197 38 0 92 72 166 157 88 0 |Truck Time: 7393.625989|7393.625989,0.000000,0.000000,0.000000
Truck 3: 0 158 40 70 21 161 122 14 1 0 23 172 0 185 200 66 25 138 150 149 0 |Truck Time: 7287.809740|7287.809740,0.000000,0.000000,0.000000
Truck 4: 0 110 67 55 19 0 160 190 18 155 100 42 59 5 0 141 180 75 144 162 125 46 16 0 |Truck Time: 7311.995902|7311.995902,0.000000,0.000000,0.000000
Truck 5: 0 183 52 41 27 0 108 127 87 175 136 106 39 0 198 68 130 29 146 0 |Truck Time: 7387.878591|7387.878591,0.000000,0.000000,0.000000
Drone Routes:
Drone 1: 0 169 81 15 159 83 0 77 74 174 0 80 118 0 132 120 0 82 0 7 179 0 58 107 0 64 34 0 20 165 0 99 0 |Drone Time: 7361.197143|7361.197143,0.000000,0.000000,0.000000
Drone 2: 0 192 164 147 0 35 109 116 12 0 44 167 0 173 24 9 0 97 117 0 6 142 0 76 4 98 0 51 105 0 89 0 104 148 0 123 0 |Drone Time: 7375.642573|7375.642573,0.000000,0.000000,0.000000
Drone 3: 0 153 0 11 78 69 53 115 0 186 30 194 113 0 133 121 0 17 196 0 96 163 0 131 37 124 0 71 0 184 0 111 0 |Drone Time: 7262.545199|7262.545199,0.000000,0.000000,0.000000
Drone 4: 0 22 94 0 45 112 73 0 171 170 0 62 195 101 0 85 114 0 156 139 0 140 0 84 0 33 182 0 32 60 0 79 57 152 187 0 |Drone Time: 7391.129778|7391.129778,0.000000,0.000000,0.000000
Drone 5: 0 126 28 48 0 193 31 0 13 199 0 93 151 135 178 0 154 56 0 65 145 61 0 8 43 0 103 0 177 128 0 188 0 176 2 0 |Drone Time: 7364.039132|7364.039132,0.000000,0.000000,0.000000
Total validation: Makespan=7393.625989, Deadline violation=0.000000, Energy violation=0.000000, Capacity violation=0.000000
