Instance: 200.30.2
Customer group: 200
Repetition: 5
Experiment strategy: adaptive
Gamma set: g4
Gamma1: 0.5
Gamma2: 0.3
Gamma3: 0.1
Gamma4: 0.6
Experiment seed: 46
Solver exit code: 0
Neighborhood selection: adaptive
Adaptive parameters: 0.500000 0.300000 0.100000 0.600000
Random seed: 46
Simulated annealing: disabled
Diversification: disabled
Initial solution cost: 31760.066328
Improved solution cost: 19261.256229
Worst solution cost: 19261.256229
Mean solution cost: 19261.256229
Mean elapsed time: 1782.055708 seconds
Final solution feasibility: FEASIBLE
Solution Details:
Truck Routes:
Truck 1: 0 96 150 51 61 47 0 159 8 125 0 31 197 196 0 17 149 132 186 0 |Truck Time: 19261.256229|19261.256229,0.000000,0.000000,0.000000
Truck 2: 0 18 43 32 162 54 169 0 142 178 177 0 63 12 119 175 0 82 21 45 129 172 0 75 171 0 |Truck Time: 19256.372127|19256.372127,0.000000,0.000000,0.000000
Truck 3: 0 153 0 184 7 0 74 16 120 130 122 108 146 0 87 126 141 0 33 183 0 |Truck Time: 19078.053862|19078.053862,0.000000,0.000000,0.000000
Truck 4: 0 127 0 69 191 77 67 135 0 104 100 160 6 193 80 0 10 56 0 |Truck Time: 19250.715561|19250.715561,0.000000,0.000000,0.000000
Truck 5: 0 19 90 101 0 133 20 85 76 0 185 44 103 0 46 86 174 49 68 198 0 161 0 |Truck Time: 19124.914687|19124.914687,0.000000,0.000000,0.000000
Drone Routes:
Drone 1: 0 99 64 107 0 106 154 36 0 156 24 0 25 58 0 30 194 0 188 152 70 155 0 26 0 79 89 0 52 41 14 0 147 140 179 0 139 60 0 |Drone Time: 19258.602787|19258.602787,0.000000,0.000000,0.000000
Drone 2: 0 195 109 105 0 144 22 0 181 118 0 15 134 0 81 42 200 0 5 0 62 166 0 37 168 173 0 78 91 0 97 128 59 0 40 182 65 0 |Drone Time: 19246.480980|19246.480980,0.000000,0.000000,0.000000
Drone 3: 0 55 131 0 110 94 0 50 0 93 95 0 102 0 23 0 158 34 9 0 13 0 164 53 0 84 92 0 111 0 48 0 11 0 |Drone Time: 19258.262441|19258.262441,0.000000,0.000000,0.000000
Drone 4: 0 124 0 39 0 123 199 121 0 3 176 0 38 0 157 71 0 113 0 165 190 0 2 35 0 112 115 83 148 0 137 28 0 4 1 0 |Drone Time: 19254.619456|19254.619456,0.000000,0.000000,0.000000
Drone 5: 0 192 66 143 0 72 138 0 57 29 0 116 88 145 0 73 151 0 27 0 136 0 180 189 0 187 163 0 167 117 0 98 0 170 114 0 |Drone Time: 19260.134857|19260.134857,0.000000,0.000000,0.000000
Total validation: Makespan=19261.256229, Deadline violation=0.000000, Energy violation=0.000000, Capacity violation=0.000000
