Instance: 200.10.1
Customer group: 200
Repetition: 3
Experiment strategy: adaptive
Gamma set: g4
Gamma1: 0.5
Gamma2: 0.3
Gamma3: 0.1
Gamma4: 0.6
Experiment seed: 44
Solver exit code: 0
Neighborhood selection: adaptive
Adaptive parameters: 0.500000 0.300000 0.100000 0.600000
Random seed: 44
Simulated annealing: disabled
Diversification: disabled
Initial solution cost: 10145.921841
Improved solution cost: 6566.973646
Worst solution cost: 6566.973646
Mean solution cost: 6566.973646
Mean elapsed time: 2329.454471 seconds
Final solution feasibility: FEASIBLE
Solution Details:
Truck Routes:
Truck 1: 0 177 16 163 198 65 101 106 66 99 7 10 0 105 53 190 139 73 30 122 111 33 110 134 0 |Truck Time: 6387.434250|6387.434250,0.000000,0.000000,0.000000
Truck 2: 0 24 157 2 181 127 165 63 13 102 69 0 150 142 87 112 125 52 143 60 146 173 0 |Truck Time: 6559.460139|6559.460139,0.000000,0.000000,0.000000
Truck 3: 0 72 6 79 159 123 121 117 147 34 80 83 0 3 14 151 166 194 0 178 145 62 86 0 |Truck Time: 6542.570546|6542.570546,0.000000,0.000000,0.000000
Truck 4: 0 18 135 158 88 82 100 75 149 94 155 169 153 0 130 175 81 0 120 19 131 0 |Truck Time: 6559.323493|6559.323493,0.000000,0.000000,0.000000
Truck 5: 0 97 133 92 136 0 58 44 39 41 196 148 0 118 21 76 17 107 104 28 0 |Truck Time: 6566.973646|6566.973646,0.000000,0.000000,0.000000
Drone Routes:
Drone 1: 0 85 152 183 35 0 42 43 116 0 56 0 47 197 84 0 38 132 0 27 0 61 26 187 0 31 98 0 48 45 0 103 40 0 |Drone Time: 6558.961436|6558.961436,0.000000,0.000000,0.000000
Drone 2: 0 9 0 186 54 0 189 138 137 0 171 0 144 114 0 156 141 0 167 0 37 0 124 90 0 50 0 89 0 172 174 200 0 |Drone Time: 6558.389511|6558.389511,0.000000,0.000000,0.000000
Drone 3: 0 129 0 29 0 70 109 0 179 49 0 78 0 67 0 185 0 5 32 119 0 20 12 0 25 184 0 51 64 0 57 55 0 |Drone Time: 6549.824741|6549.824741,0.000000,0.000000,0.000000
Drone 4: 0 140 0 193 91 0 77 23 192 0 168 0 36 74 0 113 1 0 115 0 4 0 180 0 95 160 0 68 8 0 161 0 |Drone Time: 6565.487186|6565.487186,0.000000,0.000000,0.000000
Drone 5: 0 162 108 0 164 128 0 182 93 71 0 199 46 0 96 188 0 176 191 0 22 170 0 11 126 0 154 0 15 0 59 195 0 |Drone Time: 6535.048228|6535.048228,0.000000,0.000000,0.000000
Total validation: Makespan=6566.973646, Deadline violation=0.000000, Energy violation=0.000000, Capacity violation=0.000000
