Instance: 200.30.3
Customer group: 200
Repetition: 1
Experiment strategy: adaptive
Gamma set: g3
Gamma1: 0.3
Gamma2: 0.2
Gamma3: 0.1
Gamma4: 0.6
Experiment seed: 42
Solver exit code: 0
Neighborhood selection: adaptive
Adaptive parameters: 0.300000 0.200000 0.100000 0.600000
Random seed: 42
Simulated annealing: disabled
Diversification: disabled
Initial solution cost: 32022.352228
Improved solution cost: 27686.053347
Worst solution cost: 27686.053347
Mean solution cost: 27686.053347
Mean elapsed time: 1032.103300 seconds
Final solution feasibility: FEASIBLE
Solution Details:
Truck Routes:
Truck 1: 0 116 0 173 0 89 0 78 160 0 58 0 37 82 0 |Truck Time: 27268.624136|27268.624136,0.000000,0.000000,0.000000
Truck 2: 0 83 130 0 9 140 0 174 144 0 123 0 175 179 131 170 0 93 0 86 81 158 0 |Truck Time: 27686.053347|27686.053347,0.000000,0.000000,0.000000
Truck 3: 0 92 41 0 17 35 0 112 117 0 14 0 125 87 0 96 0 |Truck Time: 27617.117121|27617.117121,0.000000,0.000000,0.000000
Truck 4: 0 133 153 145 0 143 0 8 10 0 149 24 166 0 69 47 71 0 118 39 36 0 |Truck Time: 27568.628280|27568.628280,0.000000,0.000000,0.000000
Truck 5: 0 194 0 6 191 0 72 60 0 64 121 110 101 0 59 163 0 56 45 0 |Truck Time: 27648.036630|27648.036630,0.000000,0.000000,0.000000
Drone Routes:
Drone 1: 0 168 138 120 122 0 114 136 0 129 0 126 0 137 0 4 155 0 97 99 0 12 2 0 187 139 21 0 195 0 42 0 85 0 73 0 172 0 103 66 0 |Drone Time: 27567.181593|27567.181593,0.000000,0.000000,0.000000
Drone 2: 0 31 156 0 152 199 102 46 200 27 0 94 141 169 0 183 32 0 142 109 0 75 0 88 0 134 0 18 193 0 119 0 196 15 0 181 159 0 146 0 164 0 65 1 0 |Drone Time: 27684.560557|27684.560557,0.000000,0.000000,0.000000
Drone 3: 0 23 79 197 33 0 52 154 113 0 26 29 192 0 76 5 0 90 0 150 147 55 0 70 0 95 127 0 30 0 98 157 0 61 0 44 0 80 0 148 0 128 0 162 0 |Drone Time: 27411.963524|27411.963524,0.000000,0.000000,0.000000
Drone 4: 0 3 100 0 105 53 0 13 54 0 161 151 0 106 0 77 19 0 20 0 68 132 0 63 0 7 50 57 0 104 51 0 11 0 176 167 0 84 0 186 16 0 |Drone Time: 27581.706253|27581.706253,0.000000,0.000000,0.000000
Drone 5: 0 43 135 0 48 74 124 0 49 190 0 28 184 34 0 180 38 91 0 182 165 0 185 107 0 25 40 111 0 178 62 0 108 188 0 171 0 115 0 177 0 198 189 0 22 67 0 |Drone Time: 27554.913798|27554.913798,0.000000,0.000000,0.000000
Total validation: Makespan=27686.053347, Deadline violation=0.000000, Energy violation=0.000000, Capacity violation=0.000000
