Instance: 200.10.3
Customer group: 200
Repetition: 4
Experiment strategy: adaptive
Gamma set: g1
Gamma1: 0.3
Gamma2: 0.2
Gamma3: 0.1
Gamma4: 0.3
Experiment seed: 45
Solver exit code: 0
Neighborhood selection: adaptive
Adaptive parameters: 0.300000 0.200000 0.100000 0.300000
Random seed: 45
Simulated annealing: disabled
Diversification: disabled
Initial solution cost: 10033.142674
Improved solution cost: 6435.321684
Worst solution cost: 6435.321684
Mean solution cost: 6435.321684
Mean elapsed time: 1791.724119 seconds
Final solution feasibility: FEASIBLE
Solution Details:
Truck Routes:
Truck 1: 0 155 42 31 188 139 95 197 38 63 0 182 14 1 133 13 100 65 190 0 |Truck Time: 6398.008080|6398.008080,0.000000,0.000000,0.000000
Truck 2: 0 8 85 56 154 0 123 7 25 0 112 130 29 68 196 0 |Truck Time: 6435.321684|6435.321684,0.000000,0.000000,0.000000
Truck 3: 0 104 15 40 21 161 117 122 84 97 0 181 54 168 74 34 185 91 99 126 67 108 0 |Truck Time: 6428.661587|6428.661587,0.000000,0.000000,0.000000
Truck 4: 0 11 23 2 0 141 165 24 9 88 71 92 101 62 180 0 164 35 109 153 128 150 149 0 |Truck Time: 6378.180611|6378.180611,0.000000,0.000000,0.000000
Truck 5: 0 136 175 87 189 106 39 93 0 27 110 127 102 86 137 0 158 162 144 41 52 16 96 76 0 |Truck Time: 6183.653368|6183.653368,0.000000,0.000000,0.000000
Drone Routes:
Drone 1: 0 116 191 177 0 49 47 0 166 72 0 113 159 163 70 0 167 43 187 0 55 147 105 0 69 30 0 160 148 0 172 0 18 12 0 5 3 0 |Drone Time: 6374.820729|6374.820729,0.000000,0.000000,0.000000
Drone 2: 0 79 0 138 200 28 60 0 152 20 44 0 131 75 151 0 78 170 45 0 103 98 0 46 0 118 120 81 0 59 0 36 0 |Drone Time: 6338.398443|6338.398443,0.000000,0.000000,0.000000
Drone 3: 0 111 171 0 194 6 0 66 48 174 0 140 132 0 129 0 50 192 0 176 80 0 90 0 32 19 0 |Drone Time: 6415.855771|6415.855771,0.000000,0.000000,0.000000
Drone 4: 0 124 37 125 0 183 33 178 135 0 58 0 53 115 198 0 107 169 17 0 121 0 4 199 0 179 143 0 89 0 193 142 0 |Drone Time: 6414.797326|6414.797326,0.000000,0.000000,0.000000
Drone 5: 0 77 51 10 64 26 0 82 83 0 173 114 195 0 22 0 134 119 61 0 157 0 184 0 73 146 145 156 0 94 57 186 0 |Drone Time: 6367.862454|6367.862454,0.000000,0.000000,0.000000
Total validation: Makespan=6435.321684, Deadline violation=0.000000, Energy violation=0.000000, Capacity violation=0.000000
