Instance: 200.10.2
Customer group: 200
Repetition: 3
Experiment strategy: random
Gamma set: 
Gamma1: 
Gamma2: 
Gamma3: 
Gamma4: 
Experiment seed: 44
Solver exit code: 0
Neighborhood selection: random
Random seed: 44
Simulated annealing: disabled
Diversification: disabled
Initial solution cost: 9865.494048
Improved solution cost: 7397.831201
Worst solution cost: 7397.831201
Mean solution cost: 7397.831201
Mean elapsed time: 1799.669478 seconds
Final solution feasibility: FEASIBLE
Solution Details:
Truck Routes:
Truck 1: 0 183 160 33 0 114 119 153 65 3 0 63 47 156 195 176 182 137 135 0 |Truck Time: 7387.375066|7387.375066,0.000000,0.000000,0.000000
Truck 2: 0 91 58 188 98 198 164 90 128 0 149 95 111 66 78 94 0 61 143 192 52 70 0 |Truck Time: 7383.129355|7383.129355,0.000000,0.000000,0.000000
Truck 3: 0 38 133 36 130 4 49 172 80 20 25 148 0 34 110 17 112 123 150 200 189 0 159 199 136 43 187 0 |Truck Time: 7329.252325|7329.252325,0.000000,0.000000,0.000000
Truck 4: 0 100 163 22 57 2 75 173 48 180 138 0 81 185 31 0 141 117 46 45 59 0 |Truck Time: 7397.831201|7397.831201,0.000000,0.000000,0.000000
Truck 5: 0 19 120 158 179 0 169 168 152 0 14 53 162 161 155 88 8 0 |Truck Time: 7379.927605|7379.927605,0.000000,0.000000,0.000000
Drone Routes:
Drone 1: 0 56 77 0 140 11 0 177 146 7 0 21 171 0 68 194 62 0 175 167 0 145 41 0 122 178 0 93 0 165 74 0 30 0 99 6 0 |Drone Time: 7366.449829|7366.449829,0.000000,0.000000,0.000000
Drone 2: 0 109 0 16 27 0 9 105 186 0 12 104 73 0 96 0 157 0 64 0 87 0 154 170 0 103 0 92 29 0 106 116 0 190 0 |Drone Time: 7390.455042|7390.455042,0.000000,0.000000,0.000000
Drone 3: 0 147 0 32 0 85 24 101 35 0 125 89 0 28 5 37 0 126 108 0 71 26 0 193 76 0 51 0 131 0 50 0 144 0 |Drone Time: 7391.962296|7391.962296,0.000000,0.000000,0.000000
Drone 4: 0 107 118 84 0 69 86 124 97 121 0 129 0 113 196 0 54 82 1 0 166 0 44 191 0 60 0 79 13 174 0 115 0 197 134 0 |Drone Time: 7360.259616|7360.259616,0.000000,0.000000,0.000000
Drone 5: 0 40 67 0 55 39 0 132 18 72 0 142 127 0 23 15 0 181 0 184 102 0 151 42 0 10 0 83 0 139 0 |Drone Time: 7382.613084|7382.613084,0.000000,0.000000,0.000000
Total validation: Makespan=7397.831201, Deadline violation=0.000000, Energy violation=0.000000, Capacity violation=0.000000
