Instance: 200.10.3
Customer group: 200
Repetition: 3
Experiment strategy: random
Gamma set: 
Gamma1: 
Gamma2: 
Gamma3: 
Gamma4: 
Experiment seed: 44
Solver exit code: 0
Neighborhood selection: random
Random seed: 44
Simulated annealing: disabled
Diversification: disabled
Initial solution cost: 8616.581505
Improved solution cost: 7382.614659
Worst solution cost: 7382.614659
Mean solution cost: 7382.614659
Mean elapsed time: 1726.911514 seconds
Final solution feasibility: FEASIBLE
Solution Details:
Truck Routes:
Truck 1: 0 141 165 173 24 71 157 166 0 41 0 1 14 103 122 118 199 182 172 0 |Truck Time: 7321.360077|7321.360077,0.000000,0.000000,0.000000
Truck 2: 0 11 95 197 38 191 35 0 93 137 26 86 102 108 138 150 123 149 0 112 68 130 29 36 119 0 |Truck Time: 7364.684770|7364.684770,0.000000,0.000000,0.000000
Truck 3: 0 169 124 21 0 136 87 91 185 0 92 88 154 8 75 144 162 0 |Truck Time: 7350.673220|7350.673220,0.000000,0.000000,0.000000
Truck 4: 0 39 106 55 167 180 0 42 100 59 18 47 3 5 2 0 58 184 140 84 0 |Truck Time: 7319.337520|7319.337520,0.000000,0.000000,0.000000
Truck 5: 0 79 22 53 23 0 96 160 176 190 69 111 30 0 25 50 66 200 10 168 48 181 0 |Truck Time: 7382.614659|7382.614659,0.000000,0.000000,0.000000
Drone Routes:
Drone 1: 0 60 7 146 0 20 9 43 0 198 145 0 134 44 0 52 101 0 64 28 54 0 129 0 135 40 0 76 4 0 15 0 |Drone Time: 7380.826603|7380.826603,0.000000,0.000000,0.000000
Drone 2: 0 195 72 114 0 186 115 194 178 0 192 164 179 51 0 117 0 104 13 0 70 142 0 196 45 139 0 62 85 0 188 0 110 99 0 27 0 |Drone Time: 7382.497298|7382.497298,0.000000,0.000000,0.000000
Drone 3: 0 61 155 78 177 109 0 128 152 187 0 80 83 0 170 171 116 0 65 31 0 105 189 0 90 0 193 107 0 77 32 147 0 34 0 |Drone Time: 7379.303194|7379.303194,0.000000,0.000000,0.000000
Drone 4: 0 120 0 133 174 0 151 125 159 113 33 0 46 19 0 82 132 81 0 6 98 0 97 0 49 156 0 153 0 175 0 |Drone Time: 7382.112409|7382.112409,0.000000,0.000000,0.000000
Drone 5: 0 63 73 0 143 0 126 37 0 57 94 12 148 0 161 0 17 121 0 131 56 74 0 16 163 0 89 0 183 158 0 67 127 0 |Drone Time: 7281.743475|7281.743475,0.000000,0.000000,0.000000
Total validation: Makespan=7382.614659, Deadline violation=0.000000, Energy violation=0.000000, Capacity violation=0.000000
