Instance: 200.30.4
Customer group: 200
Repetition: 3
Experiment strategy: adaptive
Gamma set: g1
Gamma1: 0.3
Gamma2: 0.2
Gamma3: 0.1
Gamma4: 0.3
Experiment seed: 44
Solver exit code: 0
Neighborhood selection: adaptive
Adaptive parameters: 0.300000 0.200000 0.100000 0.300000
Random seed: 44
Simulated annealing: disabled
Diversification: disabled
Initial solution cost: 31683.195528
Improved solution cost: 21385.509450
Worst solution cost: 21385.509450
Mean solution cost: 21385.509450
Mean elapsed time: 1393.637022 seconds
Final solution feasibility: FEASIBLE
Solution Details:
Truck Routes:
Truck 1: 0 33 177 80 0 43 37 0 136 174 164 0 133 180 8 0 |Truck Time: 20312.975261|20312.975261,0.000000,0.000000,0.000000
Truck 2: 0 97 68 1 0 141 2 23 0 54 39 13 14 22 194 0 34 56 134 0 |Truck Time: 21118.567795|21118.567795,0.000000,0.000000,0.000000
Truck 3: 0 149 104 114 151 0 132 49 166 0 82 66 117 12 84 31 25 0 32 176 85 0 |Truck Time: 21349.750742|21349.750742,0.000000,0.000000,0.000000
Truck 4: 0 124 175 125 4 0 83 157 0 135 123 122 0 145 98 48 0 195 40 0 |Truck Time: 21257.977211|21257.977211,0.000000,0.000000,0.000000
Truck 5: 0 60 77 61 0 163 154 170 119 155 89 0 9 59 181 0 11 140 190 0 |Truck Time: 21385.509450|21385.509450,0.000000,0.000000,0.000000
Drone Routes:
Drone 1: 0 173 0 111 167 0 29 0 115 78 91 0 24 30 0 112 79 0 171 0 185 71 0 20 143 0 178 21 0 191 44 0 5 53 0 182 193 165 0 62 109 0 |Drone Time: 21378.425165|21378.425165,0.000000,0.000000,0.000000
Drone 2: 0 113 105 188 90 0 160 0 26 0 150 183 142 55 0 158 18 88 0 70 147 189 0 93 108 0 107 92 0 50 0 28 120 86 0 45 52 0 186 76 0 73 0 41 64 0 |Drone Time: 21365.927035|21365.927035,0.000000,0.000000,0.000000
Drone 3: 0 152 148 129 0 187 15 0 139 6 0 75 127 0 65 0 172 128 0 118 110 0 96 0 38 116 0 100 168 192 0 131 0 184 36 0 196 67 0 |Drone Time: 21287.735284|21287.735284,0.000000,0.000000,0.000000
Drone 4: 0 162 0 0 144 0 126 46 0 197 0 95 156 0 3 0 69 0 35 0 87 0 102 0 99 42 0 81 7 0 103 130 169 0 161 0 19 146 0 |Drone Time: 21379.750994|21379.750994,0.000000,0.000000,0.000000
Drone 5: 0 16 0 179 0 153 0 94 0 17 0 10 57 138 0 200 106 0 63 0 58 121 0 199 198 0 47 0 137 0 101 159 0 72 74 0 51 27 0 |Drone Time: 21314.529842|21314.529842,0.000000,0.000000,0.000000
Total validation: Makespan=21385.509450, Deadline violation=0.000000, Energy violation=0.000000, Capacity violation=0.000000
