Instance: 200.20.1
Customer group: 200
Repetition: 5
Experiment strategy: cyclic
Gamma set: 
Gamma1: 
Gamma2: 
Gamma3: 
Gamma4: 
Experiment seed: 46
Solver exit code: 0
Neighborhood selection: cyclic
Random seed: 46
Simulated annealing: disabled
Diversification: disabled
Initial solution cost: 19368.725998
Improved solution cost: 14071.940418
Worst solution cost: 14071.940418
Mean solution cost: 14071.940418
Mean elapsed time: 1319.962627 seconds
Final solution feasibility: FEASIBLE
Solution Details:
Truck Routes:
Truck 1: 0 46 0 6 0 87 41 26 0 13 58 197 147 145 51 0 |Truck Time: 14042.479252|14042.479252,0.000000,0.000000,0.000000
Truck 2: 0 133 142 76 24 0 19 100 107 102 0 94 141 194 88 128 95 66 0 |Truck Time: 14071.940418|14071.940418,0.000000,0.000000,0.000000
Truck 3: 0 79 81 169 7 9 138 0 123 3 125 31 49 174 193 0 45 122 118 48 0 124 63 156 180 0 185 35 152 0 |Truck Time: 13772.288037|13772.288037,0.000000,0.000000,0.000000
Truck 4: 0 72 17 69 29 0 161 42 0 188 89 167 83 11 0 1 148 143 168 5 67 0 |Truck Time: 14017.307280|14017.307280,0.000000,0.000000,0.000000
Truck 5: 0 39 32 0 154 22 0 2 200 53 115 0 40 184 134 0 132 0 |Truck Time: 14015.551528|14015.551528,0.000000,0.000000,0.000000
Drone Routes:
Drone 1: 0 158 0 106 43 52 0 55 182 0 34 50 0 126 160 0 199 192 177 0 65 8 0 18 0 56 4 0 176 0 165 30 0 97 0 |Drone Time: 13924.800602|13924.800602,0.000000,0.000000,0.000000
Drone 2: 0 70 105 0 104 54 0 136 33 0 62 120 96 38 0 14 114 0 151 44 191 0 181 71 0 47 117 0 173 187 0 92 0 163 0 183 149 0 |Drone Time: 13917.150447|13917.150447,0.000000,0.000000,0.000000
Drone 3: 0 78 101 0 103 74 0 73 12 129 0 84 16 0 146 0 98 0 116 0 68 139 0 93 0 144 23 27 0 82 64 0 179 25 0 60 0 85 0 |Drone Time: 14002.624051|14002.624051,0.000000,0.000000,0.000000
Drone 4: 0 127 0 170 0 131 91 0 186 0 99 195 10 0 36 0 119 86 171 0 159 196 0 162 28 0 130 155 59 190 0 166 111 198 0 21 112 0 20 137 0 |Drone Time: 13982.694324|13982.694324,0.000000,0.000000,0.000000
Drone 5: 0 57 0 164 150 90 0 140 172 75 0 113 15 153 108 0 37 178 0 157 189 0 175 135 0 109 80 0 121 0 61 77 0 110 0 |Drone Time: 14014.076491|14014.076491,0.000000,0.000000,0.000000
Total validation: Makespan=14071.940418, Deadline violation=0.000000, Energy violation=0.000000, Capacity violation=0.000000
