Instance: 200.30.1
Customer group: 200
Repetition: 5
Experiment strategy: adaptive
Gamma set: g3
Gamma1: 0.3
Gamma2: 0.2
Gamma3: 0.1
Gamma4: 0.6
Experiment seed: 46
Solver exit code: 0
Neighborhood selection: adaptive
Adaptive parameters: 0.300000 0.200000 0.100000 0.600000
Random seed: 46
Simulated annealing: disabled
Diversification: disabled
Initial solution cost: 32461.185854
Improved solution cost: 26017.370984
Worst solution cost: 26017.370984
Mean solution cost: 26017.370984
Mean elapsed time: 888.840807 seconds
Final solution feasibility: FEASIBLE
Solution Details:
Truck Routes:
Truck 1: 0 172 0 51 143 0 38 0 83 0 24 166 0 |Truck Time: 25130.542787|25130.542787,0.000000,0.000000,0.000000
Truck 2: 0 147 165 0 194 154 46 0 175 183 0 59 92 15 0 32 54 0 158 0 |Truck Time: 25815.850588|25815.850588,0.000000,0.000000,0.000000
Truck 3: 0 150 0 97 0 157 198 0 21 31 67 0 161 88 120 0 116 17 55 0 |Truck Time: 25922.599574|25922.599574,0.000000,0.000000,0.000000
Truck 4: 0 173 77 0 129 106 0 62 99 137 0 36 43 58 0 4 0 42 152 197 0 |Truck Time: 25723.021121|25723.021121,0.000000,0.000000,0.000000
Truck 5: 0 115 9 47 0 11 0 119 128 28 0 52 0 90 0 6 141 191 0 |Truck Time: 26017.370984|26017.370984,0.000000,0.000000,0.000000
Drone Routes:
Drone 1: 0 26 39 0 44 22 169 0 164 82 146 68 0 180 179 89 0 74 126 0 130 0 1 121 131 0 127 45 0 80 162 0 27 139 0 37 0 200 56 0 186 0 72 0 136 190 196 0 132 0 |Drone Time: 25984.230563|25984.230563,0.000000,0.000000,0.000000
Drone 2: 0 109 60 63 0 188 108 0 29 34 155 0 19 49 0 144 193 0 10 0 153 145 0 33 41 0 184 0 3 0 8 0 177 0 185 0 84 0 113 69 0 |Drone Time: 25732.711352|25732.711352,0.000000,0.000000,0.000000
Drone 3: 0 134 0 16 0 195 160 0 142 138 110 0 53 0 156 70 0 171 66 0 14 182 0 95 117 0 20 0 187 0 135 0 12 0 61 0 118 114 107 0 112 85 0 |Drone Time: 25856.204076|25856.204076,0.000000,0.000000,0.000000
Drone 4: 0 125 0 48 140 0 111 71 0 65 105 0 167 40 0 30 50 163 13 0 170 100 2 0 96 0 76 73 0 18 0 86 178 0 168 0 159 174 0 78 75 0 |Drone Time: 25827.036686|25827.036686,0.000000,0.000000,0.000000
Drone 5: 0 98 192 0 87 93 101 0 64 148 0 103 81 133 0 25 5 0 35 104 57 0 123 91 0 79 0 7 149 0 176 0 124 189 0 102 199 0 94 0 151 23 0 181 122 0 |Drone Time: 25597.406525|25597.406525,0.000000,0.000000,0.000000
Total validation: Makespan=26017.370984, Deadline violation=0.000000, Energy violation=0.000000, Capacity violation=0.000000
