Instance: 200.10.1
Customer group: 200
Repetition: 3
Experiment strategy: random
Gamma set: 
Gamma1: 
Gamma2: 
Gamma3: 
Gamma4: 
Experiment seed: 44
Solver exit code: 0
Neighborhood selection: random
Random seed: 44
Simulated annealing: disabled
Diversification: disabled
Initial solution cost: 10145.921841
Improved solution cost: 7229.222950
Worst solution cost: 7229.222950
Mean solution cost: 7229.222950
Mean elapsed time: 1720.758485 seconds
Final solution feasibility: FEASIBLE
Solution Details:
Truck Routes:
Truck 1: 0 199 158 135 0 7 10 112 59 115 125 0 122 111 9 168 33 134 0 |Truck Time: 7229.222950|7229.222950,0.000000,0.000000,0.000000
Truck 2: 0 131 169 129 0 148 24 102 13 137 22 69 0 185 198 65 52 143 60 179 14 0 |Truck Time: 7201.670919|7201.670919,0.000000,0.000000,0.000000
Truck 3: 0 83 124 147 2 181 196 166 58 119 32 3 0 105 51 0 194 151 44 39 41 173 15 0 |Truck Time: 7151.265419|7151.265419,0.000000,0.000000,0.000000
Truck 4: 0 100 74 164 116 188 128 0 80 182 34 90 0 132 149 98 45 94 0 |Truck Time: 7217.767763|7217.767763,0.000000,0.000000,0.000000
Truck 5: 0 97 12 133 92 156 123 121 81 0 171 193 28 76 17 107 104 6 72 0 154 163 120 16 177 0 |Truck Time: 7220.143130|7220.143130,0.000000,0.000000,0.000000
Drone Routes:
Drone 1: 0 42 109 0 172 84 167 77 118 0 71 138 0 37 0 130 170 0 50 139 183 0 101 66 99 0 190 187 0 18 0 86 0 197 0 180 0 56 0 |Drone Time: 7216.427016|7216.427016,0.000000,0.000000,0.000000
Drone 2: 0 153 155 0 144 0 5 146 0 175 127 0 70 106 0 75 61 0 68 54 0 189 0 35 31 46 174 0 53 23 0 108 162 48 40 0 89 0 |Drone Time: 7202.068079|7202.068079,0.000000,0.000000,0.000000
Drone 3: 0 62 0 43 26 67 0 8 186 0 200 0 21 176 85 0 145 114 0 88 0 95 160 0 117 63 0 64 91 0 57 0 |Drone Time: 7183.102212|7183.102212,0.000000,0.000000,0.000000
Drone 4: 0 150 0 4 0 159 192 0 11 73 0 19 55 0 49 0 78 110 0 161 47 0 29 191 0 30 0 140 0 126 141 0 |Drone Time: 7121.531554|7121.531554,0.000000,0.000000,0.000000
Drone 5: 0 103 0 113 36 0 152 0 82 96 0 157 165 93 0 142 0 195 87 0 136 20 0 178 1 0 79 27 0 25 184 38 0 |Drone Time: 7202.761856|7202.761856,0.000000,0.000000,0.000000
Total validation: Makespan=7229.222950, Deadline violation=0.000000, Energy violation=0.000000, Capacity violation=0.000000
