Instance: 200.30.4
Customer group: 200
Repetition: 2
Experiment strategy: cyclic
Gamma set: 
Gamma1: 
Gamma2: 
Gamma3: 
Gamma4: 
Experiment seed: 43
Solver exit code: 0
Neighborhood selection: cyclic
Random seed: 43
Simulated annealing: disabled
Diversification: disabled
Initial solution cost: 33373.618535
Improved solution cost: 26138.274063
Worst solution cost: 26138.274063
Mean solution cost: 26138.274063
Mean elapsed time: 955.387333 seconds
Final solution feasibility: FEASIBLE
Solution Details:
Truck Routes:
Truck 1: 0 57 122 0 176 51 136 0 145 37 0 133 0 |Truck Time: 24803.837758|24803.837758,0.000000,0.000000,0.000000
Truck 2: 0 143 38 125 0 61 89 0 96 16 0 28 0 60 12 84 25 0 32 180 191 0 |Truck Time: 26138.274063|26138.274063,0.000000,0.000000,0.000000
Truck 3: 0 193 26 0 135 0 197 104 149 0 142 196 22 0 72 102 131 0 |Truck Time: 24578.717990|24578.717990,0.000000,0.000000,0.000000
Truck 4: 0 177 0 163 83 0 39 151 0 134 0 9 66 181 0 140 167 94 137 0 |Truck Time: 26075.258043|26075.258043,0.000000,0.000000,0.000000
Truck 5: 0 50 87 73 0 48 98 101 0 54 157 0 19 0 198 0 14 168 194 0 |Truck Time: 26015.539149|26015.539149,0.000000,0.000000,0.000000
Drone Routes:
Drone 1: 0 99 0 106 186 0 162 0 170 90 111 0 40 0 138 172 0 128 0 174 0 6 139 91 0 43 0 3 0 47 0 117 0 119 0 55 52 173 0 5 185 64 0 31 0 |Drone Time: 25995.766606|25995.766606,0.000000,0.000000,0.000000
Drone 2: 0 27 85 189 0 1 10 159 0 62 150 0 144 0 41 108 0 15 0 88 132 0 35 0 110 69 0 78 0 76 0 105 0 56 0 184 199 0 124 0 107 70 0 |Drone Time: 25938.220419|25938.220419,0.000000,0.000000,0.000000
Drone 3: 0 46 146 112 0 171 0 183 93 0 13 30 0 103 42 169 0 63 0 82 59 0 29 0 95 160 0 175 67 0 79 0 34 2 129 0 68 97 0 17 120 0 80 0 53 0 4 0 |Drone Time: 26032.160658|26032.160658,0.000000,0.000000,0.000000
Drone 4: 0 152 0 127 0 86 71 0 141 0 113 81 36 121 0 114 178 0 166 165 0 147 0 179 0 11 0 8 187 0 65 0 116 0 190 200 0 18 158 0 155 0 192 195 0 |Drone Time: 26116.134740|26116.134740,0.000000,0.000000,0.000000
Drone 5: 0 49 0 154 115 100 0 156 0 118 58 0 126 75 148 0 123 130 0 74 109 33 0 7 0 23 44 0 21 0 92 164 0 188 153 182 0 45 0 20 24 0 161 0 77 0 |Drone Time: 26029.988388|26029.988388,0.000000,0.000000,0.000000
Total validation: Makespan=26138.274063, Deadline violation=0.000000, Energy violation=0.000000, Capacity violation=0.000000
