Instance: 200.30.3
Customer group: 200
Repetition: 2
Experiment strategy: adaptive
Gamma set: g3
Gamma1: 0.3
Gamma2: 0.2
Gamma3: 0.1
Gamma4: 0.6
Experiment seed: 43
Solver exit code: 0
Neighborhood selection: adaptive
Adaptive parameters: 0.300000 0.200000 0.100000 0.600000
Random seed: 43
Simulated annealing: disabled
Diversification: disabled
Initial solution cost: 31531.732818
Improved solution cost: 21883.169922
Worst solution cost: 21883.169922
Mean solution cost: 21883.169922
Mean elapsed time: 1565.625705 seconds
Final solution feasibility: FEASIBLE
Solution Details:
Truck Routes:
Truck 1: 0 9 10 0 12 44 2 148 0 163 59 20 98 22 27 0 47 0 130 170 0 |Truck Time: 21830.062571|21830.062571,0.000000,0.000000,0.000000
Truck 2: 0 60 6 182 0 131 179 198 0 186 191 0 13 45 56 115 181 0 90 0 |Truck Time: 21883.169922|21883.169922,0.000000,0.000000,0.000000
Truck 3: 0 162 144 0 89 39 83 0 175 166 24 194 0 30 121 18 197 64 0 |Truck Time: 21709.760138|21709.760138,0.000000,0.000000,0.000000
Truck 4: 0 96 0 35 117 112 0 108 7 93 0 149 58 196 16 145 199 0 153 1 133 0 |Truck Time: 21814.094443|21814.094443,0.000000,0.000000,0.000000
Truck 5: 0 172 41 0 101 110 161 124 28 0 3 69 87 68 104 0 32 118 95 36 0 |Truck Time: 21396.888685|21396.888685,0.000000,0.000000,0.000000
Drone Routes:
Drone 1: 0 177 0 134 0 77 0 0 155 73 0 114 0 29 0 146 0 137 23 0 147 82 0 11 0 103 0 183 127 0 84 34 0 135 109 48 0 |Drone Time: 21656.263203|21656.263203,0.000000,0.000000,0.000000
Drone 2: 0 81 0 158 0 37 43 0 168 106 0 80 0 141 190 91 0 40 25 0 52 143 0 72 0 55 4 0 65 17 0 8 66 0 71 0 31 86 0 |Drone Time: 21856.461749|21856.461749,0.000000,0.000000,0.000000
Drone 3: 0 169 125 0 97 0 156 15 21 0 26 70 0 53 107 100 0 88 0 85 67 0 185 150 0 142 193 0 164 0 188 78 0 94 0 176 0 |Drone Time: 21799.801734|21799.801734,0.000000,0.000000,0.000000
Drone 4: 0 50 159 123 0 192 61 0 113 5 120 54 0 126 57 0 102 187 136 0 38 51 180 0 99 75 46 0 184 42 0 111 119 0 167 195 138 0 140 173 0 160 0 116 200 0 |Drone Time: 21881.891479|21881.891479,0.000000,0.000000,0.000000
Drone 5: 0 49 0 152 139 0 19 105 0 178 0 165 14 0 79 74 129 0 122 92 0 151 33 62 0 76 132 0 174 157 154 0 171 0 128 0 189 63 0 |Drone Time: 21747.195302|21747.195302,0.000000,0.000000,0.000000
Total validation: Makespan=21883.169922, Deadline violation=0.000000, Energy violation=0.000000, Capacity violation=0.000000
