Instance: 200.10.3
Customer group: 200
Repetition: 5
Experiment strategy: adaptive
Gamma set: g4
Gamma1: 0.5
Gamma2: 0.3
Gamma3: 0.1
Gamma4: 0.6
Experiment seed: 46
Solver exit code: 0
Neighborhood selection: adaptive
Adaptive parameters: 0.500000 0.300000 0.100000 0.600000
Random seed: 46
Simulated annealing: disabled
Diversification: disabled
Initial solution cost: 9432.239049
Improved solution cost: 6083.106682
Worst solution cost: 6083.106682
Mean solution cost: 6083.106682
Mean elapsed time: 1619.221205 seconds
Final solution feasibility: FEASIBLE
Solution Details:
Truck Routes:
Truck 1: 0 93 20 165 173 24 88 157 166 131 0 104 98 15 21 124 40 6 0 |Truck Time: 6035.332026|6035.332026,0.000000,0.000000,0.000000
Truck 2: 0 63 191 197 38 0 144 162 125 46 16 0 160 132 184 84 103 122 182 0 |Truck Time: 6052.389073|6052.389073,0.000000,0.000000,0.000000
Truck 3: 0 14 82 80 140 1 133 13 69 148 2 0 112 130 29 68 170 0 |Truck Time: 6083.106682|6083.106682,0.000000,0.000000,0.000000
Truck 4: 0 19 175 87 34 91 110 127 0 136 181 54 168 10 50 66 200 7 25 143 179 123 0 |Truck Time: 5903.054444|5903.054444,0.000000,0.000000,0.000000
Truck 5: 0 23 3 18 155 100 42 59 190 65 5 22 0 141 71 92 85 154 158 183 76 0 |Truck Time: 5901.738738|5901.738738,0.000000,0.000000,0.000000
Drone Routes:
Drone 1: 0 8 0 169 83 117 159 135 0 193 0 95 139 0 161 0 73 31 171 45 0 97 111 0 11 186 0 27 149 0 96 194 0 |Drone Time: 6048.583668|6048.583668,0.000000,0.000000,0.000000
Drone 2: 0 86 0 151 0 188 0 51 90 0 52 101 0 119 61 94 115 0 43 114 37 56 0 55 9 72 0 105 147 32 0 176 17 0 |Drone Time: 5968.097359|5968.097359,0.000000,0.000000,0.000000
Drone 3: 0 106 0 44 145 146 78 0 178 33 142 0 180 187 0 163 113 70 0 67 102 0 36 12 0 128 116 0 134 156 0 164 192 0 |Drone Time: 6050.960895|6050.960895,0.000000,0.000000,0.000000
Drone 4: 0 118 120 81 0 41 0 152 189 48 74 0 99 174 0 53 196 198 0 77 28 126 0 4 199 107 0 167 39 0 30 0 137 26 0 |Drone Time: 6080.064565|6080.064565,0.000000,0.000000,0.000000
Drone 5: 0 89 0 108 0 60 129 0 75 195 62 0 121 185 64 0 57 153 109 0 35 177 0 150 138 0 79 0 49 47 0 172 0 58 0 |Drone Time: 6071.900597|6071.900597,0.000000,0.000000,0.000000
Total validation: Makespan=6083.106682, Deadline violation=0.000000, Energy violation=0.000000, Capacity violation=0.000000
