Instance: 200.10.4
Customer group: 200
Repetition: 3
Experiment strategy: cyclic
Gamma set: 
Gamma1: 
Gamma2: 
Gamma3: 
Gamma4: 
Experiment seed: 44
Solver exit code: 0
Neighborhood selection: cyclic
Random seed: 44
Simulated annealing: disabled
Diversification: disabled
Initial solution cost: 10480.571429
Improved solution cost: 7846.512743
Worst solution cost: 7846.512743
Mean solution cost: 7846.512743
Mean elapsed time: 1671.036393 seconds
Final solution feasibility: FEASIBLE
Solution Details:
Truck Routes:
Truck 1: 0 30 71 68 0 169 85 178 138 101 0 196 24 104 42 0 61 94 33 0 |Truck Time: 7803.220593|7803.220593,0.000000,0.000000,0.000000
Truck 2: 0 188 16 81 0 187 45 25 156 105 158 0 198 170 165 76 55 113 124 195 0 |Truck Time: 7846.512743|7846.512743,0.000000,0.000000,0.000000
Truck 3: 0 162 117 47 180 134 79 46 0 26 177 176 84 157 0 23 130 175 49 0 |Truck Time: 7828.312820|7828.312820,0.000000,0.000000,0.000000
Truck 4: 0 129 62 120 36 131 0 143 17 200 65 9 111 78 0 18 19 171 27 137 58 39 127 0 |Truck Time: 7846.209451|7846.209451,0.000000,0.000000,0.000000
Truck 5: 0 48 52 99 115 0 108 119 14 82 56 34 77 142 0 106 193 60 144 80 0 |Truck Time: 7518.013837|7518.013837,0.000000,0.000000,0.000000
Drone Routes:
Drone 1: 0 74 0 174 3 0 146 191 150 0 100 13 0 114 121 0 31 197 0 151 0 184 22 0 97 66 98 0 145 103 0 181 5 0 73 0 |Drone Time: 7757.328304|7757.328304,0.000000,0.000000,0.000000
Drone 2: 0 70 161 0 189 38 0 128 139 0 155 12 154 0 57 116 0 186 164 0 149 51 0 91 95 15 89 0 163 109 0 118 7 0 185 0 69 35 0 |Drone Time: 7812.448159|7812.448159,0.000000,0.000000,0.000000
Drone 3: 0 152 50 29 192 123 0 194 0 63 0 28 83 0 1 0 136 0 54 0 110 122 0 41 0 199 0 102 0 160 0 |Drone Time: 7825.384159|7825.384159,0.000000,0.000000,0.000000
Drone 4: 0 87 0 4 88 2 0 172 10 190 0 182 107 0 8 0 153 0 167 0 20 125 0 40 166 0 92 0 44 112 0 90 0 75 93 183 0 |Drone Time: 7797.619938|7797.619938,0.000000,0.000000,0.000000
Drone 5: 0 37 173 11 0 72 0 133 67 132 159 53 0 59 179 0 141 126 0 140 147 0 148 0 168 32 0 86 6 0 64 0 135 21 0 96 0 43 0 |Drone Time: 7833.095546|7833.095546,0.000000,0.000000,0.000000
Total validation: Makespan=7846.512743, Deadline violation=0.000000, Energy violation=0.000000, Capacity violation=0.000000
