Instance: 200.10.2
Customer group: 200
Repetition: 4
Experiment strategy: adaptive
Gamma set: g1
Gamma1: 0.3
Gamma2: 0.2
Gamma3: 0.1
Gamma4: 0.3
Experiment seed: 45
Solver exit code: 0
Neighborhood selection: adaptive
Adaptive parameters: 0.300000 0.200000 0.100000 0.300000
Random seed: 45
Simulated annealing: disabled
Diversification: disabled
Initial solution cost: 10569.697666
Improved solution cost: 7068.144363
Worst solution cost: 7068.144363
Mean solution cost: 7068.144363
Mean elapsed time: 1884.193875 seconds
Final solution feasibility: FEASIBLE
Solution Details:
Truck Routes:
Truck 1: 0 34 110 21 195 135 166 180 187 0 189 89 17 82 112 12 123 200 0 |Truck Time: 6944.944609|6944.944609,0.000000,0.000000,0.000000
Truck 2: 0 84 129 113 85 115 26 56 158 120 27 19 199 136 0 133 36 130 4 49 9 38 175 99 0 |Truck Time: 7024.794072|7024.794072,0.000000,0.000000,0.000000
Truck 3: 0 114 60 181 109 174 154 0 122 64 182 96 173 100 93 3 0 147 87 140 124 61 0 |Truck Time: 6930.912995|6930.912995,0.000000,0.000000,0.000000
Truck 4: 0 134 45 103 141 20 0 91 188 58 125 98 0 53 51 155 161 107 184 88 8 0 |Truck Time: 7068.144363|7068.144363,0.000000,0.000000,0.000000
Truck 5: 0 76 102 183 160 33 0 25 148 169 86 69 23 79 0 159 74 138 32 144 40 31 190 0 |Truck Time: 7014.482666|7014.482666,0.000000,0.000000,0.000000
Drone Routes:
Drone 1: 0 191 11 0 146 63 0 152 105 0 128 145 0 28 186 46 0 42 119 0 118 108 6 170 0 101 83 13 0 193 126 0 132 68 0 151 0 |Drone Time: 7047.588625|7047.588625,0.000000,0.000000,0.000000
Drone 2: 0 18 104 54 0 16 75 0 111 171 0 196 55 0 156 163 0 73 1 90 0 150 0 50 59 0 94 0 179 35 0 192 0 65 0 |Drone Time: 7059.889868|7059.889868,0.000000,0.000000,0.000000
Drone 3: 0 66 0 57 0 153 178 165 0 14 0 2 0 70 52 0 137 0 194 198 0 157 0 80 97 0 131 0 121 197 142 127 92 0 |Drone Time: 7060.850429|7060.850429,0.000000,0.000000,0.000000
Drone 4: 0 168 37 0 5 117 0 24 106 0 7 0 47 0 48 22 0 177 149 0 41 0 139 0 44 62 0 164 0 |Drone Time: 6964.392825|6964.392825,0.000000,0.000000,0.000000
Drone 5: 0 29 116 0 143 0 167 77 15 0 72 81 0 176 71 0 95 67 0 39 172 0 30 0 10 0 162 0 78 43 0 185 0 |Drone Time: 7054.812321|7054.812321,0.000000,0.000000,0.000000
Total validation: Makespan=7068.144363, Deadline violation=0.000000, Energy violation=0.000000, Capacity violation=0.000000
