Instance: 200.10.1
Customer group: 200
Repetition: 1
Experiment strategy: cyclic
Gamma set: 
Gamma1: 
Gamma2: 
Gamma3: 
Gamma4: 
Experiment seed: 42
Solver exit code: 0
Neighborhood selection: cyclic
Random seed: 42
Simulated annealing: disabled
Diversification: disabled
Initial solution cost: 10181.571477
Improved solution cost: 7256.646152
Worst solution cost: 7256.646152
Mean solution cost: 7256.646152
Mean elapsed time: 1508.535900 seconds
Final solution feasibility: FEASIBLE
Solution Details:
Truck Routes:
Truck 1: 0 200 88 82 187 46 140 0 49 52 146 0 134 33 122 50 0 |Truck Time: 7256.646152|7256.646152,0.000000,0.000000,0.000000
Truck 2: 0 173 0 151 166 41 39 2 157 181 196 148 24 0 195 56 171 51 21 11 72 6 0 35 155 129 153 0 |Truck Time: 7205.989980|7205.989980,0.000000,0.000000,0.000000
Truck 3: 0 126 197 111 78 30 73 167 0 125 101 7 10 0 120 59 115 143 60 15 0 |Truck Time: 7255.785706|7255.785706,0.000000,0.000000,0.000000
Truck 4: 0 42 68 16 177 127 63 69 102 22 137 90 0 161 38 178 86 0 130 117 182 124 0 |Truck Time: 7235.076442|7235.076442,0.000000,0.000000,0.000000
Truck 5: 0 100 75 135 199 145 62 18 0 180 105 136 20 47 0 79 159 12 27 107 17 76 104 28 0 |Truck Time: 7240.571517|7240.571517,0.000000,0.000000,0.000000
Drone Routes:
Drone 1: 0 43 113 0 121 71 0 132 0 98 103 0 84 176 154 0 92 0 123 0 133 0 57 0 85 77 141 192 0 179 185 0 |Drone Time: 7255.315742|7255.315742,0.000000,0.000000,0.000000
Drone 2: 0 139 191 0 58 44 0 61 149 0 45 40 0 175 138 0 163 112 0 118 168 193 0 144 31 0 190 183 0 150 0 169 174 64 0 8 131 0 |Drone Time: 7238.014957|7238.014957,0.000000,0.000000,0.000000
Drone 3: 0 110 23 0 87 0 158 67 0 95 160 97 0 198 65 0 116 26 172 0 25 152 0 108 0 9 0 94 0 54 0 |Drone Time: 7234.098187|7234.098187,0.000000,0.000000,0.000000
Drone 4: 0 194 165 93 170 0 114 128 1 0 70 106 0 147 0 36 164 0 3 0 142 55 0 34 189 0 14 83 0 156 80 0 53 29 0 |Drone Time: 7222.629036|7222.629036,0.000000,0.000000,0.000000
Drone 5: 0 96 74 0 162 186 99 0 188 0 19 66 0 13 0 91 0 4 48 0 109 184 0 37 0 81 89 0 5 32 119 0 |Drone Time: 7253.885787|7253.885787,0.000000,0.000000,0.000000
Total validation: Makespan=7256.646152, Deadline violation=0.000000, Energy violation=0.000000, Capacity violation=0.000000
