Instance: 200.30.4
Customer group: 200
Repetition: 2
Experiment strategy: adaptive
Gamma set: g1
Gamma1: 0.3
Gamma2: 0.2
Gamma3: 0.1
Gamma4: 0.3
Experiment seed: 43
Solver exit code: 0
Neighborhood selection: adaptive
Adaptive parameters: 0.300000 0.200000 0.100000 0.300000
Random seed: 43
Simulated annealing: disabled
Diversification: disabled
Initial solution cost: 33373.618535
Improved solution cost: 23563.418474
Worst solution cost: 23563.418474
Mean solution cost: 23563.418474
Mean elapsed time: 1103.584832 seconds
Final solution feasibility: FEASIBLE
Solution Details:
Truck Routes:
Truck 1: 0 39 14 0 48 0 123 122 43 0 32 176 85 0 |Truck Time: 23563.418474|23563.418474,0.000000,0.000000,0.000000
Truck 2: 0 4 137 0 80 101 0 135 0 84 69 28 0 152 2 3 0 195 0 |Truck Time: 23527.060326|23527.060326,0.000000,0.000000,0.000000
Truck 3: 0 72 173 0 145 74 109 0 124 194 0 73 198 159 184 0 51 136 0 |Truck Time: 23357.223445|23357.223445,0.000000,0.000000,0.000000
Truck 4: 0 197 102 131 177 0 46 0 119 154 163 170 185 0 9 66 117 12 31 25 0 181 126 77 61 0 |Truck Time: 23556.922104|23556.922104,0.000000,0.000000,0.000000
Truck 5: 0 157 0 87 0 8 49 156 0 19 29 134 0 54 52 11 196 168 0 113 191 166 0 |Truck Time: 23432.669102|23432.669102,0.000000,0.000000,0.000000
Drone Routes:
Drone 1: 0 133 0 167 0 38 90 30 0 55 183 13 0 193 129 88 0 16 0 17 188 0 22 0 132 34 112 146 0 18 71 0 106 200 0 37 0 89 0 125 143 0 104 0 62 0 |Drone Time: 23462.465608|23462.465608,0.000000,0.000000,0.000000
Drone 2: 0 140 115 0 81 162 0 144 0 94 0 20 24 0 59 148 0 103 130 57 0 50 64 0 92 164 0 76 0 47 0 56 0 26 5 0 68 0 151 0 |Drone Time: 22917.270982|22917.270982,0.000000,0.000000,0.000000
Drone 3: 0 95 160 165 0 127 0 82 141 0 99 0 15 0 21 178 0 180 0 110 58 0 155 0 79 187 0 33 150 199 0 27 70 107 0 118 169 0 192 40 0 |Drone Time: 23547.179048|23547.179048,0.000000,0.000000,0.000000
Drone 4: 0 174 0 120 86 0 75 105 0 44 36 172 97 1 0 147 0 53 182 0 41 108 0 179 0 98 42 0 96 189 0 65 0 116 0 190 186 0 171 0 175 67 0 |Drone Time: 23535.101261|23535.101261,0.000000,0.000000,0.000000
Drone 5: 0 138 0 35 0 83 111 0 63 0 93 0 121 149 0 7 0 139 6 0 114 0 142 78 0 153 0 100 91 45 0 158 60 0 161 0 23 0 128 10 0 |Drone Time: 23551.725473|23551.725473,0.000000,0.000000,0.000000
Total validation: Makespan=23563.418474, Deadline violation=0.000000, Energy violation=0.000000, Capacity violation=0.000000
