Instance: 200.30.2
Customer group: 200
Repetition: 5
Experiment strategy: random
Gamma set: 
Gamma1: 
Gamma2: 
Gamma3: 
Gamma4: 
Experiment seed: 46
Solver exit code: 0
Neighborhood selection: random
Random seed: 46
Simulated annealing: disabled
Diversification: disabled
Initial solution cost: 31760.066328
Improved solution cost: 21379.897902
Worst solution cost: 21379.897902
Mean solution cost: 21379.897902
Mean elapsed time: 1357.412211 seconds
Final solution feasibility: FEASIBLE
Solution Details:
Truck Routes:
Truck 1: 0 150 51 148 0 20 140 195 0 193 160 100 6 80 0 199 0 |Truck Time: 21184.711138|21184.711138,0.000000,0.000000,0.000000
Truck 2: 0 171 75 0 196 0 23 0 101 182 125 134 0 82 153 137 0 45 21 28 0 |Truck Time: 20950.522774|20950.522774,0.000000,0.000000,0.000000
Truck 3: 0 184 18 169 19 0 74 16 130 146 0 8 63 24 12 0 62 5 0 |Truck Time: 21379.897902|21379.897902,0.000000,0.000000,0.000000
Truck 4: 0 56 10 0 187 7 0 69 191 77 68 0 96 126 190 0 103 44 48 161 0 |Truck Time: 20505.445380|20505.445380,0.000000,0.000000,0.000000
Truck 5: 0 162 172 33 0 89 198 0 46 49 174 183 0 107 122 78 108 0 104 176 149 113 0 |Truck Time: 21340.583599|21340.583599,0.000000,0.000000,0.000000
Drone Routes:
Drone 1: 0 119 0 11 0 200 0 180 0 50 0 194 159 0 95 0 26 0 30 65 0 129 40 0 147 111 179 0 177 0 164 94 0 73 13 0 |Drone Time: 21375.917830|21375.917830,0.000000,0.000000,0.000000
Drone 2: 0 9 36 39 0 124 0 115 152 0 166 143 66 0 42 22 0 84 139 41 52 0 47 0 27 70 0 156 175 0 163 0 142 0 61 132 0 197 60 0 |Drone Time: 21328.459621|21328.459621,0.000000,0.000000,0.000000
Drone 3: 0 86 0 29 157 0 121 93 72 0 35 151 0 114 170 0 189 79 0 123 71 0 87 31 0 59 181 118 0 32 0 38 0 98 0 133 0 15 34 0 |Drone Time: 21335.914941|21335.914941,0.000000,0.000000,0.000000
Drone 4: 0 109 192 0 14 0 88 145 0 141 25 0 165 110 0 131 138 0 83 17 127 0 64 99 105 0 102 0 135 158 0 54 43 155 76 178 0 97 128 0 |Drone Time: 21330.792519|21330.792519,0.000000,0.000000,0.000000
Drone 5: 0 81 106 4 116 67 0 90 0 37 168 173 0 112 186 0 167 53 0 2 120 0 58 0 1 144 154 0 91 57 55 0 3 188 117 0 185 0 136 0 92 85 0 |Drone Time: 21353.099484|21353.099484,0.000000,0.000000,0.000000
Total validation: Makespan=21379.897902, Deadline violation=0.000000, Energy violation=0.000000, Capacity violation=0.000000
