Instance: 200.10.2
Customer group: 200
Repetition: 5
Experiment strategy: random
Gamma set: 
Gamma1: 
Gamma2: 
Gamma3: 
Gamma4: 
Experiment seed: 46
Solver exit code: 0
Neighborhood selection: random
Random seed: 46
Simulated annealing: disabled
Diversification: disabled
Initial solution cost: 10958.821141
Improved solution cost: 7885.523194
Worst solution cost: 7885.523194
Mean solution cost: 7885.523194
Mean elapsed time: 2004.271283 seconds
Final solution feasibility: FEASIBLE
Solution Details:
Truck Routes:
Truck 1: 0 98 58 188 198 164 90 128 151 41 0 99 109 181 27 120 114 0 70 50 141 134 80 0 |Truck Time: 7745.647123|7745.647123,0.000000,0.000000,0.000000
Truck 2: 0 14 74 158 56 135 64 122 173 166 93 100 3 0 119 15 163 57 2 195 0 35 43 0 |Truck Time: 7791.372066|7791.372066,0.000000,0.000000,0.000000
Truck 3: 0 162 83 10 51 183 8 0 40 111 185 94 0 33 155 161 55 129 113 0 |Truck Time: 7885.523194|7885.523194,0.000000,0.000000,0.000000
Truck 4: 0 86 25 103 20 0 47 63 144 16 32 0 17 112 123 104 12 189 0 |Truck Time: 7823.490799|7823.490799,0.000000,0.000000,0.000000
Truck 5: 0 76 9 160 36 38 0 169 117 152 0 175 136 0 199 190 31 0 |Truck Time: 7733.354760|7733.354760,0.000000,0.000000,0.000000
Drone Routes:
Drone 1: 0 49 197 142 0 59 124 11 46 0 170 42 165 153 0 177 21 0 88 118 0 156 22 0 53 29 0 139 52 0 157 23 0 154 138 0 13 126 0 179 178 0 |Drone Time: 7877.193021|7877.193021,0.000000,0.000000,0.000000
Drone 2: 0 37 168 0 115 167 0 148 0 200 89 0 97 121 4 0 1 91 0 68 132 0 182 0 147 105 28 0 60 0 81 67 0 61 186 0 192 0 |Drone Time: 7828.419414|7828.419414,0.000000,0.000000,0.000000
Drone 3: 0 65 18 0 44 191 0 48 71 146 0 180 77 0 130 127 0 110 82 0 150 73 0 66 0 45 0 137 0 34 0 30 0 |Drone Time: 7853.937833|7853.937833,0.000000,0.000000,0.000000
Drone 4: 0 69 194 62 0 6 196 107 101 116 0 95 72 0 84 108 0 54 143 0 78 145 0 75 0 149 0 87 0 159 106 0 172 0 174 0 187 171 0 |Drone Time: 7858.620127|7858.620127,0.000000,0.000000,0.000000
Drone 5: 0 102 193 0 19 0 125 5 0 184 92 24 0 7 0 176 0 133 39 0 96 0 79 85 0 140 0 26 0 131 0 |Drone Time: 7745.254009|7745.254009,0.000000,0.000000,0.000000
Total validation: Makespan=7885.523194, Deadline violation=0.000000, Energy violation=0.000000, Capacity violation=0.000000
