INSTANCE_FILE: big_instance/200.10.4.txt
INSTANCE_BASE: 200.10.4
SOLVER: heavy
TRAFFIC: heavy
SIGMA: 0.6,0.4,0.5,0.6,0.4,0.5,0.6,0.4,0.5,0.6,0.4,0.5
RUN: 3
---SOLVER OUTPUT---
Initial solution cost: 11313.625343
Improved solution cost: 5522.680079
Worst solution cost: 5522.680079
Mean solution cost: 5522.680079
Mean elapsed time: 1588.276061 seconds
Final solution feasibility: FEASIBLE
Solution Details:
Truck Routes:
Truck 1: 0 57 198 185 119 195 136 41 59 176 177 26 35 0 187 199 105 0 |Truck Time: 5522.680079|5522.680079,0.000000,0.000000,0.000000
Truck 2: 0 73 111 193 80 61 33 66 94 9 65 86 140 115 0 5 153 16 188 160 128 182 0 |Truck Time: 5489.231723|5489.231723,0.000000,0.000000,0.000000
Truck 3: 0 169 7 85 125 64 90 93 1 30 68 34 97 183 20 51 10 172 77 0 96 200 17 143 162 52 48 69 99 142 0 |Truck Time: 5442.172263|5442.172263,0.000000,0.000000,0.000000
Truck 4: 0 47 180 134 14 124 113 55 170 82 110 108 79 0 158 114 40 116 145 101 189 0 |Truck Time: 5515.722414|5515.722414,0.000000,0.000000,0.000000
Truck 5: 0 118 138 167 174 130 194 8 175 63 49 54 72 70 37 112 102 23 0 75 186 196 0 |Truck Time: 5501.369705|5501.369705,0.000000,0.000000,0.000000
Truck 6: 0 45 154 156 25 127 39 58 137 151 171 131 36 120 0 104 181 78 42 106 24 0 |Truck Time: 5505.589631|5505.589631,0.000000,0.000000,0.000000
Drone Routes:
Drone 1: 0 165 0 139 109 129 0 122 56 53 0 148 0 28 0 168 32 0 190 84 0 157 11 0 81 197 0 |Drone Time: 5384.919606|5384.919606,0.000000,0.000000,0.000000
Drone 2: 0 152 50 132 0 184 38 0 46 0 146 191 71 0 166 121 22 27 0 2 192 88 141 0 62 19 155 0 43 0 |Drone Time: 5484.875576|5484.875576,0.000000,0.000000,0.000000
Drone 3: 0 29 179 76 159 0 89 107 31 103 0 91 95 92 135 0 173 150 44 0 18 149 0 144 98 0 126 117 0 |Drone Time: 5487.963744|5487.963744,0.000000,0.000000,0.000000
Drone 4: 0 15 164 0 83 147 4 6 0 163 0 13 0 123 60 0 133 87 67 3 0 178 161 0 74 21 0 12 100 0 |Drone Time: 5514.801243|5514.801243,0.000000,0.000000,0.000000
Total validation: Makespan=5522.680079, Deadline violation=0.000000, Energy violation=0.000000, Capacity violation=0.000000
