INSTANCE_FILE: big_instance/200.10.2.txt
INSTANCE_BASE: 200.10.2
SOLVER: heavy
TRAFFIC: heavy
SIGMA: 0.6,0.4,0.5,0.6,0.4,0.5,0.6,0.4,0.5,0.6,0.4,0.5
RUN: 2
---SOLVER OUTPUT---
Initial solution cost: 10951.554196
Improved solution cost: 5706.120150
Worst solution cost: 5706.120150
Mean solution cost: 5706.120150
Mean elapsed time: 1577.448266 seconds
Final solution feasibility: FEASIBLE
Solution Details:
Truck Routes:
Truck 1: 0 129 113 84 55 10 162 51 88 160 33 9 172 49 4 0 106 19 99 0 |Truck Time: 5701.351367|5701.351367,0.000000,0.000000,0.000000
Truck 2: 0 91 12 104 123 82 112 17 18 34 66 78 94 0 154 114 119 60 135 153 74 179 0 |Truck Time: 5645.263413|5645.263413,0.000000,0.000000,0.000000
Truck 3: 0 65 3 166 75 57 2 7 195 47 63 156 21 16 146 40 0 133 36 38 76 175 0 |Truck Time: 5624.449145|5624.449145,0.000000,0.000000,0.000000
Truck 4: 0 181 120 26 56 158 137 64 182 176 96 173 100 93 0 48 144 32 180 138 0 |Truck Time: 5655.775530|5655.775530,0.000000,0.000000,0.000000
Truck 5: 0 131 85 115 30 109 174 0 50 87 140 5 117 46 45 103 141 20 61 79 0 |Truck Time: 5706.120150|5706.120150,0.000000,0.000000,0.000000
Truck 6: 0 157 192 70 150 200 125 98 58 188 198 164 90 1 145 128 151 41 0 136 43 31 81 185 190 187 0 |Truck Time: 5555.990104|5555.990104,0.000000,0.000000,0.000000
Drone Routes:
Drone 1: 0 171 95 177 0 92 118 24 77 0 127 183 13 0 170 142 197 102 0 193 130 0 80 0 83 0 69 8 0 |Drone Time: 5705.308913|5705.308913,0.000000,0.000000,0.000000
Drone 2: 0 159 42 122 178 0 71 22 15 0 121 39 105 152 0 72 110 73 0 169 0 111 0 149 0 148 25 0 |Drone Time: 5564.008267|5564.008267,0.000000,0.000000,0.000000
Drone 3: 0 107 155 184 0 27 163 165 35 0 67 89 189 0 23 59 134 0 52 139 0 44 86 0 132 68 0 124 147 0 14 0 |Drone Time: 5686.902204|5686.902204,0.000000,0.000000,0.000000
Drone 4: 0 191 11 37 0 54 62 194 0 161 108 101 0 143 0 199 29 0 116 196 167 6 0 97 28 186 168 0 126 53 0 |Drone Time: 5641.317377|5641.317377,0.000000,0.000000,0.000000
Total validation: Makespan=5706.120150, Deadline violation=0.000000, Energy violation=0.000000, Capacity violation=0.000000
