INSTANCE_FILE: big_instance/200.30.4.txt
INSTANCE_BASE: 200.30.4
SOLVER: light
TRAFFIC: light
SIGMA: 0.9,0.7,0.8,0.9,0.7,0.8,0.9,0.7,0.8,0.9,0.7,0.8
RUN: 2
---SOLVER OUTPUT---
Initial solution cost: 28823.147714
Improved solution cost: 13410.629762
Worst solution cost: 13410.629762
Mean solution cost: 13410.629762
Mean elapsed time: 1647.626650 seconds
Final solution feasibility: FEASIBLE
Solution Details:
Truck Routes:
Truck 1: 0 74 99 145 98 177 0 46 8 47 49 134 156 0 110 6 72 179 118 33 0 |Truck Time: 13410.629762|13410.629762,0.000000,0.000000,0.000000
Truck 2: 0 174 162 16 0 50 195 199 80 61 0 149 100 54 196 11 13 45 14 22 0 |Truck Time: 13395.654759|13395.654759,0.000000,0.000000,0.000000
Truck 3: 0 89 192 200 4 190 124 194 151 137 26 0 114 175 67 168 41 161 24 20 125 143 157 0 127 141 152 105 9 66 126 0 |Truck Time: 13258.379825|13258.379825,0.000000,0.000000,0.000000
Truck 4: 0 86 28 163 69 154 170 71 155 0 43 138 122 123 135 68 97 159 10 184 87 0 173 150 62 102 0 |Truck Time: 13389.595720|13389.595720,0.000000,0.000000,0.000000
Truck 5: 0 77 60 117 17 18 119 84 31 25 185 0 197 40 121 104 64 0 191 29 19 112 79 56 165 171 53 23 166 0 |Truck Time: 13372.273526|13372.273526,0.000000,0.000000,0.000000
Truck 6: 0 96 85 176 147 136 107 0 131 37 198 73 101 0 83 94 140 167 30 106 116 0 |Truck Time: 13363.560599|13363.560599,0.000000,0.000000,0.000000
Drone Routes:
Drone 1: 0 58 183 142 0 132 7 0 180 0 76 0 153 0 12 120 0 158 193 5 0 160 95 0 |Drone Time: 13397.978484|13397.978484,0.000000,0.000000,0.000000
Drone 2: 0 133 34 146 0 187 32 27 0 65 0 128 0 59 82 0 81 113 15 44 0 21 178 0 |Drone Time: 13388.657521|13388.657521,0.000000,0.000000,0.000000
Drone 3: 0 108 115 111 0 52 78 55 91 0 181 35 0 38 186 90 188 88 0 39 0 70 36 0 63 182 0 172 92 1 0 |Drone Time: 13393.733781|13393.733781,0.000000,0.000000,0.000000
Drone 4: 0 144 0 48 103 57 0 139 169 130 42 109 0 129 148 75 2 0 164 51 189 0 93 0 3 0 |Drone Time: 13410.620297|13410.620297,0.000000,0.000000,0.000000
Total validation: Makespan=13410.629762, Deadline violation=0.000000, Energy violation=0.000000, Capacity violation=0.000000
