INSTANCE_FILE: big_instance/200.20.3.txt
INSTANCE_BASE: 200.20.3
SOLVER: light
TRAFFIC: light
SIGMA: 0.9,0.7,0.8,0.9,0.7,0.8,0.9,0.7,0.8,0.9,0.7,0.8
RUN: 1
---SOLVER OUTPUT---
Initial solution cost: 17069.250257
Improved solution cost: 7768.682997
Worst solution cost: 7768.682997
Mean solution cost: 7768.682997
Mean elapsed time: 1722.232771 seconds
Final solution feasibility: FEASIBLE
Solution Details:
Truck Routes:
Truck 1: 0 111 43 11 129 155 42 183 115 28 71 0 55 53 6 45 132 5 16 109 25 0 |Truck Time: 7736.774338|7736.774338,0.000000,0.000000,0.000000
Truck 2: 0 64 73 172 119 46 154 168 93 141 126 198 130 94 0 4 145 127 146 77 103 106 14 0 |Truck Time: 7724.148622|7724.148622,0.000000,0.000000,0.000000
Truck 3: 0 62 149 36 33 0 199 1 123 166 29 81 2 80 79 188 54 0 51 180 100 30 92 144 0 |Truck Time: 7764.126039|7764.126039,0.000000,0.000000,0.000000
Truck 4: 0 68 117 78 159 19 63 147 179 189 34 15 90 153 120 0 8 196 167 186 157 13 97 152 95 57 140 0 |Truck Time: 7686.999563|7686.999563,0.000000,0.000000,0.000000
Truck 5: 0 181 178 40 195 200 59 177 0 128 160 113 60 101 158 135 121 76 105 0 |Truck Time: 7707.815316|7707.815316,0.000000,0.000000,0.000000
Truck 6: 0 83 38 192 91 27 88 138 50 125 86 137 44 169 0 104 10 165 69 66 72 20 24 116 17 99 32 197 0 |Truck Time: 7727.104027|7727.104027,0.000000,0.000000,0.000000
Drone Routes:
Drone 1: 0 133 171 3 0 21 12 0 85 148 0 173 108 0 31 0 175 162 0 190 0 |Drone Time: 7768.682997|7768.682997,0.000000,0.000000,0.000000
Drone 2: 0 164 139 102 122 23 0 131 193 118 0 151 161 65 0 82 184 0 182 191 0 52 22 0 |Drone Time: 7768.030512|7768.030512,0.000000,0.000000,0.000000
Drone 3: 0 47 163 74 75 9 114 0 110 142 185 39 0 84 70 89 0 48 18 0 150 0 124 26 0 |Drone Time: 7730.657848|7730.657848,0.000000,0.000000,0.000000
Drone 4: 0 194 58 156 67 61 0 37 170 96 35 7 41 0 49 98 134 174 143 0 136 56 187 107 0 176 112 0 87 0 |Drone Time: 7756.490570|7756.490570,0.000000,0.000000,0.000000
Total validation: Makespan=7768.682997, Deadline violation=0.000000, Energy violation=0.000000, Capacity violation=0.000000
