INSTANCE_FILE: big_instance/200.10.4.txt
INSTANCE_BASE: 200.10.4
SOLVER: heavy
TRAFFIC: heavy
SIGMA: 0.6,0.4,0.5,0.6,0.4,0.5,0.6,0.4,0.5,0.6,0.4,0.5
RUN: 4
---SOLVER OUTPUT---
Initial solution cost: 11313.625343
Improved solution cost: 5357.746109
Worst solution cost: 5357.746109
Mean solution cost: 5357.746109
Mean elapsed time: 1601.223950 seconds
Final solution feasibility: FEASIBLE
Solution Details:
Truck Routes:
Truck 1: 0 148 26 176 41 136 59 133 0 196 81 73 153 16 188 160 128 186 75 0 |Truck Time: 5357.746109|5357.746109,0.000000,0.000000,0.000000
Truck 2: 0 43 149 62 151 171 19 131 36 18 120 163 0 79 198 82 53 57 28 84 13 157 0 |Truck Time: 5308.175057|5308.175057,0.000000,0.000000,0.000000
Truck 3: 0 158 40 114 166 184 168 121 0 86 9 94 80 193 111 78 181 182 0 |Truck Time: 5327.948563|5327.948563,0.000000,0.000000,0.000000
Truck 4: 0 99 117 47 180 14 179 124 113 55 170 195 185 110 108 48 69 0 140 200 17 143 96 0 |Truck Time: 5346.842700|5346.842700,0.000000,0.000000,0.000000
Truck 5: 0 118 138 64 167 174 130 194 8 175 63 49 72 70 37 90 1 30 97 23 0 106 42 104 115 46 142 0 |Truck Time: 5284.796815|5284.796815,0.000000,0.000000,0.000000
Truck 6: 0 74 100 187 45 154 156 25 58 137 39 127 199 105 0 189 101 21 145 38 20 51 10 172 0 |Truck Time: 5345.076043|5345.076043,0.000000,0.000000,0.000000
Drone Routes:
Drone 1: 0 60 0 103 31 107 89 0 85 125 32 109 0 116 169 0 35 0 152 76 0 98 144 0 162 52 0 |Drone Time: 5342.095369|5342.095369,0.000000,0.000000,0.000000
Drone 2: 0 33 66 0 67 177 11 0 139 22 12 0 71 191 146 0 4 2 192 88 0 135 91 95 92 0 7 112 0 |Drone Time: 5327.677325|5327.677325,0.000000,0.000000,0.000000
Drone 3: 0 3 161 178 0 159 50 165 0 122 119 132 0 123 141 0 6 65 147 126 0 77 0 183 190 0 24 0 197 61 5 0 |Drone Time: 5354.401905|5354.401905,0.000000,0.000000,0.000000
Drone 4: 0 129 27 155 34 0 173 150 44 0 68 0 102 0 56 87 0 29 134 83 0 93 54 0 164 15 0 |Drone Time: 5356.009817|5356.009817,0.000000,0.000000,0.000000
Total validation: Makespan=5357.746109, Deadline violation=0.000000, Energy violation=0.000000, Capacity violation=0.000000
