INSTANCE_FILE: big_instance/200.30.4.txt
INSTANCE_BASE: 200.30.4
SOLVER: light
TRAFFIC: light
SIGMA: 0.9,0.7,0.8,0.9,0.7,0.8,0.9,0.7,0.8,0.9,0.7,0.8
RUN: 4
---SOLVER OUTPUT---
Initial solution cost: 28823.147714
Improved solution cost: 13447.173995
Worst solution cost: 13447.173995
Mean solution cost: 13447.173995
Mean elapsed time: 1635.499930 seconds
Final solution feasibility: FEASIBLE
Solution Details:
Truck Routes:
Truck 1: 0 155 119 18 88 84 185 0 83 38 41 168 54 39 104 0 170 188 154 163 69 76 143 0 |Truck Time: 13388.873254|13388.873254,0.000000,0.000000,0.000000
Truck 2: 0 43 138 122 123 135 68 0 195 194 124 190 4 125 157 89 26 0 96 191 29 19 49 47 8 156 0 |Truck Time: 13390.206173|13390.206173,0.000000,0.000000,0.000000
Truck 3: 0 179 74 145 98 102 62 131 177 0 137 50 107 46 61 166 0 77 181 9 117 153 12 60 0 |Truck Time: 13444.177909|13444.177909,0.000000,0.000000,0.000000
Truck 4: 0 118 72 6 139 173 150 33 40 197 0 71 28 86 17 31 25 3 0 175 67 161 196 11 13 45 14 22 114 151 0 |Truck Time: 13352.997043|13352.997043,0.000000,0.000000,0.000000
Truck 5: 0 147 174 136 164 36 0 85 176 27 189 16 0 95 56 79 112 34 134 0 |Truck Time: 13431.562829|13431.562829,0.000000,0.000000,0.000000
Truck 6: 0 184 37 198 73 101 80 0 152 141 127 35 171 53 23 0 20 30 167 140 94 111 116 24 200 0 |Truck Time: 13390.528155|13390.528155,0.000000,0.000000,0.000000
Drone Routes:
Drone 1: 0 142 78 55 0 63 165 182 0 44 187 133 0 90 93 0 162 81 0 199 65 0 87 0 180 0 |Drone Time: 13429.323048|13429.323048,0.000000,0.000000,0.000000
Drone 2: 0 110 178 58 0 99 0 66 75 0 57 128 0 105 148 0 132 15 113 0 126 160 0 |Drone Time: 13439.118550|13439.118550,0.000000,0.000000,0.000000
Drone 3: 0 109 42 48 0 82 2 120 0 97 159 10 0 21 121 0 70 51 32 0 144 0 5 59 129 0 |Drone Time: 13444.084580|13444.084580,0.000000,0.000000,0.000000
Drone 4: 0 103 130 169 0 64 52 108 115 192 0 100 91 183 149 0 146 7 0 1 92 172 0 158 193 0 186 106 0 |Drone Time: 13447.173995|13447.173995,0.000000,0.000000,0.000000
Total validation: Makespan=13447.173995, Deadline violation=0.000000, Energy violation=0.000000, Capacity violation=0.000000
