INSTANCE_FILE: big_instance/200.30.3.txt
INSTANCE_BASE: 200.30.3
SOLVER: heavy
TRAFFIC: heavy
SIGMA: 0.6,0.4,0.5,0.6,0.4,0.5,0.6,0.4,0.5,0.6,0.4,0.5
RUN: 5
---SOLVER OUTPUT---
Initial solution cost: 40288.816094
Improved solution cost: 24401.277651
Worst solution cost: 24401.277651
Mean solution cost: 24401.277651
Mean elapsed time: 1745.967175 seconds
Final solution feasibility: FEASIBLE
Solution Details:
Truck Routes:
Truck 1: 0 3 80 0 86 109 158 0 139 153 0 172 89 76 38 0 |Truck Time: 24281.215727|24281.215727,0.000000,0.000000,0.000000
Truck 2: 0 101 161 116 200 0 170 130 198 55 147 0 187 10 173 0 103 102 0 142 193 9 8 0 |Truck Time: 24039.259973|24039.259973,0.000000,0.000000,0.000000
Truck 3: 0 182 191 0 42 140 178 28 0 84 96 34 114 124 0 71 83 0 45 134 188 90 181 0 |Truck Time: 24339.213155|24339.213155,0.000000,0.000000,0.000000
Truck 4: 0 199 152 145 186 0 22 67 49 167 162 0 78 171 143 144 176 46 0 117 73 112 4 0 104 41 47 0 |Truck Time: 24359.448764|24359.448764,0.000000,0.000000,0.000000
Truck 5: 0 72 194 196 6 0 61 128 94 192 93 0 52 0 123 108 7 0 24 175 1 82 0 |Truck Time: 23635.488721|23635.488721,0.000000,0.000000,0.000000
Truck 6: 0 60 133 0 95 39 36 0 185 131 179 65 17 0 68 0 62 30 0 |Truck Time: 24401.277651|24401.277651,0.000000,0.000000,0.000000
Drone Routes:
Drone 1: 0 132 190 169 91 57 0 184 197 18 0 129 0 164 0 106 0 69 0 146 0 88 0 122 92 0 77 0 44 0 75 0 85 174 0 154 13 0 |Drone Time: 24361.846294|24361.846294,0.000000,0.000000,0.000000
Drone 2: 0 156 100 107 0 33 151 135 40 0 32 5 120 54 0 11 0 64 0 110 0 148 0 163 0 97 0 121 0 149 0 119 0 16 2 0 113 118 0 98 0 |Drone Time: 24311.614645|24311.614645,0.000000,0.000000,0.000000
Drone 3: 0 183 127 189 0 155 150 53 0 66 31 12 0 14 0 157 168 195 0 59 27 0 43 37 0 29 0 48 74 81 111 0 115 0 58 0 70 0 87 51 0 |Drone Time: 24384.002909|24384.002909,0.000000,0.000000,0.000000
Drone 4: 0 35 0 177 0 126 0 50 159 141 0 26 63 0 25 23 0 21 15 0 79 137 0 160 0 165 136 166 0 99 20 0 138 56 0 105 19 0 125 180 0 |Drone Time: 24394.822607|24394.822607,0.000000,0.000000,0.000000
Total validation: Makespan=24401.277651, Deadline violation=0.000000, Energy violation=0.000000, Capacity violation=0.000000
