INSTANCE_FILE: big_instance/200.20.2.txt
INSTANCE_BASE: 200.20.2
SOLVER: light
TRAFFIC: light
SIGMA: 0.9,0.7,0.8,0.9,0.7,0.8,0.9,0.7,0.8,0.9,0.7,0.8
RUN: 4
---SOLVER OUTPUT---
Initial solution cost: 17425.702742
Improved solution cost: 7914.752485
Worst solution cost: 7914.752485
Mean solution cost: 7914.752485
Mean elapsed time: 1730.931402 seconds
Final solution feasibility: FEASIBLE
Solution Details:
Truck Routes:
Truck 1: 0 53 74 132 200 113 145 79 98 7 130 110 0 91 101 41 172 149 52 36 80 81 0 |Truck Time: 7888.845535|7888.845535,0.000000,0.000000,0.000000
Truck 2: 0 31 62 114 174 96 128 162 160 119 140 64 0 77 180 187 104 10 48 107 2 0 |Truck Time: 7909.396696|7909.396696,0.000000,0.000000,0.000000
Truck 3: 0 148 175 83 171 6 8 43 87 25 179 137 0 54 122 57 18 199 93 13 117 35 15 76 153 0 |Truck Time: 7873.918925|7873.918925,0.000000,0.000000,0.000000
Truck 4: 0 1 82 28 191 139 159 0 56 85 136 198 102 73 21 118 166 127 16 39 161 66 185 0 |Truck Time: 7841.374371|7841.374371,0.000000,0.000000,0.000000
Truck 5: 0 164 194 58 84 144 68 38 29 112 131 0 89 34 189 120 50 44 12 40 192 142 0 |Truck Time: 7870.483352|7870.483352,0.000000,0.000000,0.000000
Truck 6: 0 99 183 17 176 197 70 24 143 121 182 125 147 0 59 27 126 123 168 97 178 111 78 45 165 184 0 |Truck Time: 7914.752485|7914.752485,0.000000,0.000000,0.000000
Drone Routes:
Drone 1: 0 134 3 157 0 190 90 9 0 4 115 0 169 71 0 20 37 0 94 30 60 0 151 0 |Drone Time: 7889.660802|7889.660802,0.000000,0.000000,0.000000
Drone 2: 0 158 133 135 26 0 141 14 23 0 116 129 155 0 196 100 86 150 0 156 88 188 0 32 0 |Drone Time: 7867.825864|7867.825864,0.000000,0.000000,0.000000
Drone 3: 0 105 181 0 170 69 152 19 0 186 138 92 0 106 173 103 108 0 49 195 75 0 124 163 177 0 |Drone Time: 7904.783225|7904.783225,0.000000,0.000000,0.000000
Drone 4: 0 95 65 167 0 61 11 33 109 46 193 0 55 22 51 0 146 0 63 154 5 47 0 67 42 0 72 0 |Drone Time: 7870.556279|7870.556279,0.000000,0.000000,0.000000
Total validation: Makespan=7914.752485, Deadline violation=0.000000, Energy violation=0.000000, Capacity violation=0.000000
