INSTANCE_FILE: big_instance/200.30.3.txt
INSTANCE_BASE: 200.30.3
SOLVER: light
TRAFFIC: light
SIGMA: 0.9,0.7,0.8,0.9,0.7,0.8,0.9,0.7,0.8,0.9,0.7,0.8
RUN: 3
---SOLVER OUTPUT---
Initial solution cost: 29620.988305
Improved solution cost: 14056.082012
Worst solution cost: 14056.082012
Mean solution cost: 14056.082012
Mean elapsed time: 1848.477404 seconds
Final solution feasibility: FEASIBLE
Solution Details:
Truck Routes:
Truck 1: 0 78 85 163 160 0 134 45 13 154 181 0 158 109 86 137 33 142 193 9 110 28 0 |Truck Time: 14042.411357|14042.411357,0.000000,0.000000,0.000000
Truck 2: 0 22 20 75 157 97 0 176 171 84 96 11 143 52 0 136 37 43 175 149 72 153 0 |Truck Time: 14051.481304|14051.481304,0.000000,0.000000,0.000000
Truck 3: 0 101 140 42 62 30 64 114 200 116 0 126 190 172 0 3 127 69 92 63 87 68 180 41 0 |Truck Time: 14019.164796|14019.164796,0.000000,0.000000,0.000000
Truck 4: 0 123 108 128 61 141 159 94 0 125 32 118 183 95 104 0 83 4 112 73 117 35 65 198 0 |Truck Time: 14026.590148|14026.590148,0.000000,0.000000,0.000000
Truck 5: 0 131 107 179 14 82 130 170 0 24 166 58 15 139 194 16 145 6 0 34 161 8 10 173 182 186 0 |Truck Time: 14030.799623|14030.799623,0.000000,0.000000,0.000000
Truck 6: 0 178 197 18 121 184 124 0 36 39 51 113 89 76 38 7 0 90 162 167 49 164 67 98 174 144 0 191 102 199 60 0 |Truck Time: 14055.136995|14055.136995,0.000000,0.000000,0.000000
Drone Routes:
Drone 1: 0 177 0 185 53 100 156 0 17 165 1 0 146 0 103 0 44 0 150 155 189 0 21 196 0 115 0 |Drone Time: 14051.832721|14051.832721,0.000000,0.000000,0.000000
Drone 2: 0 46 59 27 0 133 0 187 152 66 0 25 23 0 77 0 168 56 0 19 105 0 91 26 70 0 |Drone Time: 14056.082012|14056.082012,0.000000,0.000000,0.000000
Drone 3: 0 192 50 57 132 5 120 54 0 88 169 0 106 0 40 74 81 79 0 93 147 122 0 47 0 29 0 |Drone Time: 14045.766478|14045.766478,0.000000,0.000000,0.000000
Drone 4: 0 71 0 135 151 48 31 0 138 188 99 195 0 148 0 111 129 0 119 0 80 55 0 12 2 0 |Drone Time: 14040.120816|14040.120816,0.000000,0.000000,0.000000
Total validation: Makespan=14056.082012, Deadline violation=0.000000, Energy violation=0.000000, Capacity violation=0.000000
