INSTANCE_FILE: big_instance/200.10.1.txt
INSTANCE_BASE: 200.10.1
SOLVER: light
TRAFFIC: light
SIGMA: 0.9,0.7,0.8,0.9,0.7,0.8,0.9,0.7,0.8,0.9,0.7,0.8
RUN: 2
---SOLVER OUTPUT---
Initial solution cost: 7550.198650
Improved solution cost: 4071.827934
Worst solution cost: 4071.827934
Mean solution cost: 4071.827934
Mean elapsed time: 1868.589951 seconds
Final solution feasibility: FEASIBLE
Solution Details:
Truck Routes:
Truck 1: 0 75 135 158 88 82 74 164 116 26 188 128 113 103 114 100 199 140 145 62 86 0 56 171 51 0 |Truck Time: 4064.633601|4064.633601,0.000000,0.000000,0.000000
Truck 2: 0 126 197 168 33 110 134 17 107 91 76 104 28 160 0 194 41 39 14 161 0 |Truck Time: 4069.831666|4069.831666,0.000000,0.000000,0.000000
Truck 3: 0 147 80 151 3 58 166 196 127 181 2 157 63 13 137 22 102 69 24 90 124 89 0 |Truck Time: 3772.960267|3772.960267,0.000000,0.000000,0.000000
Truck 4: 0 57 4 70 142 186 99 66 106 49 52 115 125 59 10 7 109 108 150 68 154 0 105 0 |Truck Time: 4070.697544|4070.697544,0.000000,0.000000,0.000000
Truck 5: 0 29 167 139 9 111 122 78 30 73 152 176 190 53 178 0 18 144 94 149 98 45 37 184 25 155 169 129 0 |Truck Time: 4071.827934|4071.827934,0.000000,0.000000,0.000000
Truck 6: 0 130 175 117 121 123 92 12 192 133 27 72 0 173 146 60 143 163 120 19 16 177 131 15 0 |Truck Time: 4063.016206|4063.016206,0.000000,0.000000,0.000000
Drone Routes:
Drone 1: 0 148 44 0 141 23 193 0 132 0 21 118 180 0 189 34 83 0 185 165 0 |Drone Time: 4046.967200|4046.967200,0.000000,0.000000,0.000000
Drone 2: 0 1 67 61 40 55 48 153 0 38 35 8 162 87 112 0 136 20 79 0 32 119 0 174 200 0 |Drone Time: 4055.467777|4055.467777,0.000000,0.000000,0.000000
Drone 3: 0 71 93 138 170 0 46 191 77 95 0 84 85 50 64 183 0 159 81 0 101 65 0 |Drone Time: 4049.352617|4049.352617,0.000000,0.000000,0.000000
Drone 4: 0 172 96 187 36 43 0 54 198 179 5 0 47 182 195 0 11 6 0 31 42 0 156 97 0 |Drone Time: 4017.008746|4017.008746,0.000000,0.000000,0.000000
Total validation: Makespan=4071.827934, Deadline violation=0.000000, Energy violation=0.000000, Capacity violation=0.000000
