INSTANCE_FILE: big_instance/200.30.2.txt
INSTANCE_BASE: 200.30.2
SOLVER: heavy
TRAFFIC: heavy
SIGMA: 0.6,0.4,0.5,0.6,0.4,0.5,0.6,0.4,0.5,0.6,0.4,0.5
RUN: 3
---SOLVER OUTPUT---
Initial solution cost: 37146.593154
Improved solution cost: 22708.607207
Worst solution cost: 22708.607207
Mean solution cost: 22708.607207
Mean elapsed time: 1187.914100 seconds
Final solution feasibility: FEASIBLE
Solution Details:
Truck Routes:
Truck 1: 0 4 11 34 65 0 160 193 80 51 0 48 0 180 131 77 0 |Truck Time: 22521.305267|22521.305267,0.000000,0.000000,0.000000
Truck 2: 0 76 197 18 0 174 49 46 55 0 153 90 39 136 0 181 116 189 68 10 56 0 47 61 0 |Truck Time: 22688.344414|22688.344414,0.000000,0.000000,0.000000
Truck 3: 0 183 198 33 0 101 28 137 172 7 0 23 20 133 0 147 140 146 0 86 102 0 |Truck Time: 22707.641817|22707.641817,0.000000,0.000000,0.000000
Truck 4: 0 75 67 135 89 171 0 126 114 190 96 0 151 35 91 74 5 73 0 167 27 188 132 186 142 0 |Truck Time: 22533.528625|22533.528625,0.000000,0.000000,0.000000
Truck 5: 0 31 150 196 0 158 0 69 0 103 92 161 0 21 9 45 182 0 |Truck Time: 22644.796069|22644.796069,0.000000,0.000000,0.000000
Truck 6: 0 19 155 43 113 32 162 184 177 0 112 169 54 40 0 87 60 139 14 41 52 178 0 148 0 63 129 82 125 134 0 |Truck Time: 22695.640995|22695.640995,0.000000,0.000000,0.000000
Drone Routes:
Drone 1: 0 36 42 22 81 0 3 17 83 0 185 0 154 144 106 0 118 128 0 124 0 62 0 200 0 16 0 38 127 0 156 175 0 111 97 0 |Drone Time: 22708.607207|22708.607207,0.000000,0.000000,0.000000
Drone 2: 0 143 66 0 44 0 15 1 194 0 164 53 0 168 37 104 70 0 121 88 95 0 192 109 0 100 117 0 6 0 26 0 25 141 0 115 152 0 |Drone Time: 22705.149471|22705.149471,0.000000,0.000000,0.000000
Drone 3: 0 159 0 145 0 58 0 8 0 108 130 120 0 12 0 107 195 98 0 157 71 0 163 0 24 0 119 0 2 78 0 94 170 0 |Drone Time: 22694.743843|22694.743843,0.000000,0.000000,0.000000
Drone 4: 0 123 199 0 72 138 0 84 99 105 0 59 93 191 0 122 13 0 176 0 149 0 173 0 110 165 0 85 64 166 179 0 30 79 187 0 50 0 57 29 0 |Drone Time: 22703.227505|22703.227505,0.000000,0.000000,0.000000
Total validation: Makespan=22708.607207, Deadline violation=0.000000, Energy violation=0.000000, Capacity violation=0.000000
