trucks_count 1
drones_count 1
customers 100
depot 0 0
Coordinate X Coordinate Y Dronable Demand
X Y Dronable Demand Drone_service Truck_service Lw
3617.047 -1454.741 1 1.89 60 60 3600
4686.975 -3822.606 1 0.51 60 60 3600
-3137.579 -2345.535 1 0.83 60 60 3600
-4477.993 -907.035 1 1.30 60 60 3600
-432.027 363.382 1 0.81 60 60 3600
4667.884 -1372.175 1 0.21 60 60 3600
-2826.909 -515.994 1 0.53 60 60 3600
-2942.470 445.814 1 0.85 60 60 3600
-710.972 824.325 1 0.51 60 60 3600
438.356 -2956.926 1 1.27 60 60 3600
515.572 2813.168 1 0.91 60 60 3600
-2708.254 -1903.271 1 0.82 60 60 3600
-4195.327 -3160.275 1 1.82 60 60 3600
-1603.479 2928.306 1 0.64 60 60 3600
-4161.603 -1941.109 1 1.85 60 60 3600
199.931 1317.417 1 1.04 60 60 3600
-423.661 1547.426 1 0.79 60 60 3600
-1420.696 -1711.801 1 0.37 60 60 3600
2156.194 1007.001 1 1.42 60 60 3600
2299.507 -2599.656 1 0.87 60 60 3600
-3173.152 -3898.738 1 1.84 60 60 3600
1322.227 -3908.145 1 1.14 60 60 3600
-2729.881 -4397.763 1 1.75 60 60 3600
-2842.733 4444.150 1 1.36 60 60 3600
157.820 -3374.599 1 0.25 60 60 3600
-3156.441 1763.698 1 0.55 60 60 3600
2114.655 1913.346 1 1.31 60 60 3600
1328.089 2924.710 1 0.44 60 60 3600
-2639.040 -2452.101 1 1.32 60 60 3600
-1156.425 -3010.360 1 1.71 60 60 3600
-4412.125 -4008.488 1 0.87 60 60 3600
-2895.335 -4994.283 1 0.87 60 60 3600
-2833.712 -1340.560 1 0.98 60 60 3600
-3401.683 2876.397 1 1.25 60 60 3600
-1879.442 4637.090 1 1.80 60 60 3600
-2286.817 1589.705 1 0.98 60 60 3600
523.720 1745.731 1 1.13 60 60 3600
1180.214 -190.580 1 0.59 60 60 3600
21.315 -2041.264 1 1.44 60 60 3600
-4144.305 4965.963 1 0.64 60 60 3600
1272.873 -2847.799 1 1.04 60 60 3600
-1075.967 2435.314 1 1.15 60 60 3600
-3403.762 -283.643 1 0.91 60 60 3600
1472.430 1500.928 1 1.03 60 60 3600
-2700.034 4942.441 1 1.75 60 60 3600
335.470 -1311.094 1 1.10 60 60 3600
1847.656 -837.321 1 1.53 60 60 3600
-2644.423 2978.022 1 1.66 60 60 3600
-4033.776 3647.934 1 1.45 60 60 3600
1592.380 -3438.474 1 0.91 60 60 3600
-956.858 359.831 1 1.03 60 60 3600
-3627.668 2059.965 1 1.99 60 60 3600
2472.677 -3087.104 1 1.98 60 60 3600
4702.263 -2011.797 1 0.37 60 60 3600
208.983 468.268 1 1.91 60 60 3600
1942.701 274.760 1 1.86 60 60 3600
-4261.548 3018.019 1 0.68 60 60 3600
-1718.779 -1048.345 1 1.24 60 60 3600
1974.367 3001.666 1 0.87 60 60 3600
-1484.267 289.510 1 1.66 60 60 3600
-3540.298 -2747.867 1 0.75 60 60 3600
-24.838 2395.094 1 0.26 60 60 3600
1398.269 2259.139 1 1.88 60 60 3600
3571.060 -3041.518 1 1.83 60 60 3600
-4697.576 1222.104 1 0.44 60 60 3600
-3120.992 -3347.326 1 1.57 60 60 3600
-1175.433 1511.392 1 1.23 60 60 3600
-4751.627 -4440.043 1 1.20 60 60 3600
2174.984 -3984.878 1 1.13 60 60 3600
-4680.532 -2726.193 1 1.44 60 60 3600
2872.217 -2562.375 1 1.16 60 60 3600
-4984.721 3470.546 1 1.06 60 60 3600
2981.161 -3647.177 1 1.69 60 60 3600
-663.769 -681.596 1 0.38 60 60 3600
-2833.452 3700.511 1 1.57 60 60 3600
-2157.410 2325.864 1 0.31 60 60 3600
-3554.910 -1027.495 1 0.75 60 60 3600
-1597.202 922.776 1 1.54 60 60 3600
1262.211 -1112.888 1 0.65 60 60 3600
-4884.921 291.903 1 0.24 60 60 3600
-4921.534 4416.031 1 0.27 60 60 3600
-1873.871 -269.539 1 1.28 60 60 3600
-4919.580 -1317.194 1 0.51 60 60 3600
2567.758 -1761.761 1 1.32 60 60 3600
-3953.681 -3712.266 1 1.80 60 60 3600
406.918 -4251.066 1 1.80 60 60 3600
-1314.131 -210.517 1 1.63 60 60 3600
1789.214 -4419.604 1 1.80 60 60 3600
-575.090 -1893.264 1 1.21 60 60 3600
2533.535 -4500.712 1 0.41 60 60 3600
-66.917 -376.952 1 1.51 60 60 3600
-4212.163 -2498.522 1 1.29 60 60 3600
-2415.996 471.373 1 1.48 60 60 3600
805.606 -901.169 1 1.42 60 60 3600
4138.252 -1482.192 1 1.41 60 60 3600
1266.440 469.214 1 1.99 60 60 3600
-3929.321 -4440.310 1 0.74 60 60 3600
-2109.341 2953.616 1 1.38 60 60 3600
3024.965 -4630.545 1 1.09 60 60 3600
-3571.673 4635.821 1 1.89 60 60 3600
