INSTANCE_FILE: big_instance/200.20.4.txt
INSTANCE_BASE: 200.20.4
SOLVER: heavy
TRAFFIC: heavy
SIGMA: 0.6,0.4,0.5,0.6,0.4,0.5,0.6,0.4,0.5,0.6,0.4,0.5
RUN: 2
---SOLVER OUTPUT---
Initial solution cost: 22039.200037
Improved solution cost: 12245.066490
Worst solution cost: 12245.066490
Mean solution cost: 12245.066490
Mean elapsed time: 1203.616557 seconds
Final solution feasibility: FEASIBLE
Solution Details:
Truck Routes:
Truck 1: 0 119 111 91 43 148 0 151 62 171 122 0 166 131 160 52 157 104 0 |Truck Time: 12226.215330|12226.215330,0.000000,0.000000,0.000000
Truck 2: 0 1 47 145 72 32 28 0 132 113 39 40 190 172 169 0 154 74 57 63 146 164 0 |Truck Time: 12235.252774|12235.252774,0.000000,0.000000,0.000000
Truck 3: 0 83 181 54 0 105 103 17 25 44 22 143 13 0 128 99 56 152 199 121 65 89 0 |Truck Time: 12157.975154|12157.975154,0.000000,0.000000,0.000000
Truck 4: 0 137 81 64 186 106 95 0 41 49 176 123 69 184 59 36 0 73 142 118 29 27 0 |Truck Time: 12244.592598|12244.592598,0.000000,0.000000,0.000000
Truck 5: 0 125 110 2 134 0 48 174 31 23 178 138 0 30 189 71 14 94 97 102 0 |Truck Time: 12229.416954|12229.416954,0.000000,0.000000,0.000000
Truck 6: 0 45 126 107 135 200 185 196 0 8 82 191 35 0 33 108 162 50 60 136 0 |Truck Time: 12160.226275|12160.226275,0.000000,0.000000,0.000000
Drone Routes:
Drone 1: 0 16 3 85 0 88 150 149 0 75 187 96 0 127 144 101 0 26 0 115 58 0 161 80 193 0 192 66 173 0 129 159 0 38 183 0 |Drone Time: 12239.015114|12239.015114,0.000000,0.000000,0.000000
Drone 2: 0 139 4 76 84 0 116 177 6 0 98 53 87 0 112 198 55 165 42 0 180 0 24 15 0 124 0 168 0 100 130 0 78 0 |Drone Time: 12243.662865|12243.662865,0.000000,0.000000,0.000000
Drone 3: 0 120 37 67 0 61 182 79 147 0 68 0 7 9 0 188 11 0 20 70 0 141 140 0 21 19 0 197 86 0 |Drone Time: 12245.066490|12245.066490,0.000000,0.000000,0.000000
Drone 4: 0 51 156 195 158 0 12 175 114 0 167 34 92 170 0 117 163 93 0 5 0 10 0 90 18 0 155 109 0 179 133 0 194 153 0 77 46 0 |Drone Time: 12244.279495|12244.279495,0.000000,0.000000,0.000000
Total validation: Makespan=12245.066490, Deadline violation=0.000000, Energy violation=0.000000, Capacity violation=0.000000
