INSTANCE_FILE: big_instance/200.20.1.txt
INSTANCE_BASE: 200.20.1
SOLVER: heavy
TRAFFIC: heavy
SIGMA: 0.6,0.4,0.5,0.6,0.4,0.5,0.6,0.4,0.5,0.6,0.4,0.5
RUN: 5
---SOLVER OUTPUT---
Initial solution cost: 23077.778929
Improved solution cost: 12593.887206
Worst solution cost: 12593.887206
Mean solution cost: 12593.887206
Mean elapsed time: 1357.747388 seconds
Final solution feasibility: FEASIBLE
Solution Details:
Truck Routes:
Truck 1: 0 142 87 41 54 35 0 94 141 186 86 15 97 132 0 193 0 |Truck Time: 12437.093693|12437.093693,0.000000,0.000000,0.000000
Truck 2: 0 137 69 80 179 23 0 10 12 66 45 154 48 152 0 17 98 30 34 83 167 181 89 29 20 188 185 0 |Truck Time: 12411.328095|12411.328095,0.000000,0.000000,0.000000
Truck 3: 0 102 5 192 107 100 0 115 53 92 123 0 78 162 182 158 101 36 110 60 187 0 |Truck Time: 12514.669367|12514.669367,0.000000,0.000000,0.000000
Truck 4: 0 19 130 46 85 155 190 146 0 67 145 33 3 2 178 0 49 31 124 180 156 63 170 174 129 0 |Truck Time: 12481.790945|12481.790945,0.000000,0.000000,0.000000
Truck 5: 0 135 61 108 64 73 0 99 159 176 121 81 65 0 166 26 111 76 24 28 163 118 0 |Truck Time: 12593.887206|12593.887206,0.000000,0.000000,0.000000
Truck 6: 0 56 47 59 42 51 144 0 157 147 13 37 200 0 95 106 169 7 9 79 0 |Truck Time: 12568.655814|12568.655814,0.000000,0.000000,0.000000
Drone Routes:
Drone 1: 0 39 153 77 0 72 0 127 0 168 0 116 0 148 177 1 0 88 0 126 160 0 172 199 0 195 128 0 21 165 0 |Drone Time: 12588.581375|12588.581375,0.000000,0.000000,0.000000
Drone 2: 0 105 58 75 189 136 0 183 0 40 0 6 0 11 0 104 0 103 74 0 44 151 0 194 171 0 38 96 0 |Drone Time: 12581.222269|12581.222269,0.000000,0.000000,0.000000
Drone 3: 0 109 140 50 0 134 184 68 191 0 57 112 0 198 149 55 62 0 117 125 70 0 150 90 164 0 139 0 161 0 138 84 196 22 0 122 173 0 |Drone Time: 12572.245213|12572.245213,0.000000,0.000000,0.000000
Drone 4: 0 93 0 25 71 27 0 8 52 16 43 0 32 82 113 0 143 197 0 4 175 0 91 131 119 0 18 0 14 114 0 133 120 0 |Drone Time: 12585.170948|12585.170948,0.000000,0.000000,0.000000
Total validation: Makespan=12593.887206, Deadline violation=0.000000, Energy violation=0.000000, Capacity violation=0.000000
