INSTANCE_FILE: big_instance/200.30.3.txt
INSTANCE_BASE: 200.30.3
SOLVER: light
TRAFFIC: light
SIGMA: 0.9,0.7,0.8,0.9,0.7,0.8,0.9,0.7,0.8,0.9,0.7,0.8
RUN: 2
---SOLVER OUTPUT---
Initial solution cost: 29620.988305
Improved solution cost: 14163.380830
Worst solution cost: 14163.380830
Mean solution cost: 14163.380830
Mean elapsed time: 1822.853285 seconds
Final solution feasibility: FEASIBLE
Solution Details:
Truck Routes:
Truck 1: 0 9 40 101 110 8 10 0 22 78 85 163 146 0 193 142 137 86 109 23 158 177 0 |Truck Time: 14113.680643|14113.680643,0.000000,0.000000,0.000000
Truck 2: 0 1 175 149 72 60 0 24 166 58 15 139 196 194 6 0 112 73 80 69 92 127 3 0 |Truck Time: 14163.380830|14163.380830,0.000000,0.000000,0.000000
Truck 3: 0 47 4 117 35 65 17 198 0 42 62 30 64 178 28 0 45 134 20 75 99 195 164 67 98 174 144 52 0 |Truck Time: 14028.431839|14028.431839,0.000000,0.000000,0.000000
Truck 4: 0 199 191 186 66 152 145 16 187 102 0 125 190 126 172 0 167 49 157 97 90 181 0 71 83 147 55 133 0 |Truck Time: 14143.004846|14143.004846,0.000000,0.000000,0.000000
Truck 5: 0 176 171 34 84 96 11 200 116 0 131 107 179 185 14 82 130 170 0 39 5 118 32 113 89 76 38 93 0 |Truck Time: 14127.430273|14127.430273,0.000000,0.000000,0.000000
Truck 6: 0 161 114 140 121 18 197 184 124 0 36 95 63 183 68 180 104 41 0 123 108 128 61 141 159 50 94 7 0 103 0 |Truck Time: 14135.614040|14135.614040,0.000000,0.000000,0.000000
Drone Routes:
Drone 1: 0 182 0 143 0 29 120 26 0 160 0 87 51 0 154 13 0 46 106 0 122 189 0 88 192 0 |Drone Time: 14059.874834|14059.874834,0.000000,0.000000,0.000000
Drone 2: 0 111 135 151 33 0 74 81 79 0 2 21 136 0 44 0 115 0 105 0 43 37 0 |Drone Time: 14160.391691|14160.391691,0.000000,0.000000,0.000000
Drone 3: 0 12 31 48 0 162 0 27 59 0 129 0 150 155 0 153 173 0 77 0 188 56 0 |Drone Time: 14114.986097|14114.986097,0.000000,0.000000,0.000000
Drone 4: 0 57 91 169 132 54 0 70 0 53 100 156 19 165 0 168 138 0 148 0 119 0 25 0 |Drone Time: 14129.260303|14129.260303,0.000000,0.000000,0.000000
Total validation: Makespan=14163.380830, Deadline violation=0.000000, Energy violation=0.000000, Capacity violation=0.000000
