INSTANCE_FILE: big_instance/200.10.3.txt
INSTANCE_BASE: 200.10.3
SOLVER: heavy
TRAFFIC: heavy
SIGMA: 0.6,0.4,0.5,0.6,0.4,0.5,0.6,0.4,0.5,0.6,0.4,0.5
RUN: 2
---SOLVER OUTPUT---
Initial solution cost: 10408.006638
Improved solution cost: 5289.770974
Worst solution cost: 5289.770974
Mean solution cost: 5289.770974
Mean elapsed time: 1373.771609 seconds
Final solution feasibility: FEASIBLE
Solution Details:
Truck Routes:
Truck 1: 0 133 1 80 82 120 161 21 124 40 15 104 4 0 131 162 144 0 |Truck Time: 5275.611419|5275.611419,0.000000,0.000000,0.000000
Truck 2: 0 94 49 134 156 198 95 197 38 191 63 22 0 199 103 84 184 14 58 160 0 |Truck Time: 5275.299226|5275.299226,0.000000,0.000000,0.000000
Truck 3: 0 39 106 93 152 79 27 0 154 62 101 24 88 71 9 157 166 72 114 92 56 85 8 180 75 172 0 |Truck Time: 5193.641229|5193.641229,0.000000,0.000000,0.000000
Truck 4: 0 55 136 87 90 181 54 168 10 74 34 126 67 0 35 164 150 138 123 149 192 0 |Truck Time: 5289.770974|5289.770974,0.000000,0.000000,0.000000
Truck 5: 0 23 5 190 69 100 42 73 31 112 68 170 45 188 36 47 3 0 158 16 193 96 76 0 |Truck Time: 5280.582804|5280.582804,0.000000,0.000000,0.000000
Truck 6: 0 30 65 59 155 18 2 186 0 26 102 99 91 185 66 50 200 7 25 143 179 110 127 108 137 0 |Truck Time: 5244.616485|5244.616485,0.000000,0.000000,0.000000
Drone Routes:
Drone 1: 0 145 130 61 0 142 33 118 107 0 12 119 115 57 0 175 147 0 177 128 0 187 52 0 13 97 0 167 20 0 |Drone Time: 5286.350957|5286.350957,0.000000,0.000000,0.000000
Drone 2: 0 77 105 189 28 51 0 116 44 174 48 60 19 0 113 70 0 64 89 0 129 0 86 0 165 183 0 |Drone Time: 5259.155604|5259.155604,0.000000,0.000000,0.000000
Drone 3: 0 53 139 146 196 11 0 135 163 159 117 83 132 0 140 0 43 173 151 0 125 46 0 41 0 171 29 0 |Drone Time: 5273.495910|5273.495910,0.000000,0.000000,0.000000
Drone 4: 0 176 122 169 0 141 195 37 0 153 109 0 78 111 148 0 81 182 194 0 98 6 178 0 17 0 32 121 0 |Drone Time: 5283.240426|5283.240426,0.000000,0.000000,0.000000
Total validation: Makespan=5289.770974, Deadline violation=0.000000, Energy violation=0.000000, Capacity violation=0.000000
