trucks_count 1
drones_count 1
customers 100
depot 0 0
Coordinate X Coordinate Y Dronable Demand
X Y Dronable Demand Drone_service Truck_service Lw
-3557.259 4850.368 1 1.63 60 60 3600
1115.593 -840.188 1 1.47 60 60 3600
345.104 762.787 1 1.49 60 60 3600
1591.487 -277.443 1 1.30 60 60 3600
1768.492 -1443.642 1 1.96 60 60 3600
-3233.169 3854.366 1 1.72 60 60 3600
2533.535 -4500.712 1 0.66 60 60 3600
4954.406 -3932.513 1 1.99 60 60 3600
-4472.765 264.040 1 1.00 60 60 3600
-4332.217 -1597.008 1 1.75 60 60 3600
-2105.676 -1181.350 1 0.69 60 60 3600
-4782.680 -3443.617 1 0.29 60 60 3600
1136.493 -4687.385 1 1.40 60 60 3600
-1563.998 -1520.230 1 1.50 60 60 3600
-4716.958 3258.336 1 0.25 60 60 3600
-4961.680 -2520.485 1 1.08 60 60 3600
389.241 146.887 1 0.79 60 60 3600
3164.443 -4034.192 1 1.66 60 60 3600
-240.400 -1804.520 1 1.19 60 60 3600
-4212.163 -2498.522 1 0.31 60 60 3600
761.375 1492.144 1 0.62 60 60 3600
-4634.223 4800.252 1 1.06 60 60 3600
2144.201 182.966 1 1.87 60 60 3600
625.784 -4210.301 1 0.50 60 60 3600
682.455 2599.556 1 0.90 60 60 3600
1272.873 -2847.799 1 1.45 60 60 3600
-2454.864 -227.738 1 1.64 60 60 3600
4643.899 -4458.923 1 0.45 60 60 3600
-3608.728 1439.529 1 1.16 60 60 3600
3891.066 -2261.321 1 0.58 60 60 3600
2203.833 -3756.382 1 1.23 60 60 3600
-1912.261 3331.752 1 0.68 60 60 3600
-3099.719 2195.731 1 0.97 60 60 3600
571.951 -3402.618 1 1.72 60 60 3600
1429.582 2746.075 1 1.73 60 60 3600
-1020.190 -102.314 1 0.60 60 60 3600
-4343.160 2560.427 1 0.74 60 60 3600
916.660 -2189.163 1 1.51 60 60 3600
-1527.354 4264.413 1 1.30 60 60 3600
-2942.470 445.814 1 1.75 60 60 3600
-3523.296 -3127.201 1 0.83 60 60 3600
-2139.441 360.521 1 0.24 60 60 3600
2755.540 -2013.411 1 1.84 60 60 3600
-3734.939 3239.290 1 1.04 60 60 3600
-2678.303 1035.710 1 0.94 60 60 3600
908.782 -23.077 1 0.93 60 60 3600
3129.441 767.574 1 1.07 60 60 3600
66.117 -4185.009 1 1.87 60 60 3600
-980.480 -2714.772 1 1.23 60 60 3600
4667.884 -1372.175 1 1.50 60 60 3600
2150.187 -1084.290 1 0.69 60 60 3600
-512.714 623.860 1 1.26 60 60 3600
-2921.893 3277.060 1 1.27 60 60 3600
-3183.513 -2011.141 1 0.52 60 60 3600
1202.828 1970.097 1 1.92 60 60 3600
642.859 -1664.178 1 1.07 60 60 3600
391.049 -4873.723 1 1.97 60 60 3600
-3953.681 -3712.266 1 0.60 60 60 3600
3090.968 -1603.553 1 1.09 60 60 3600
-4167.901 1932.092 1 1.61 60 60 3600
-2728.041 1595.204 1 0.22 60 60 3600
4138.252 -1482.192 1 0.32 60 60 3600
-2392.312 2457.912 1 1.07 60 60 3600
-235.411 -3561.116 1 1.44 60 60 3600
-4144.305 4965.963 1 1.75 60 60 3600
1472.430 1500.928 1 0.48 60 60 3600
-4252.954 -660.974 1 1.31 60 60 3600
-1547.682 2147.964 1 1.13 60 60 3600
1945.476 2791.416 1 0.96 60 60 3600
-1434.352 1339.202 1 1.40 60 60 3600
-168.764 -2413.963 1 1.78 60 60 3600
-2941.940 -3469.121 1 0.94 60 60 3600
-123.286 -4667.102 1 1.01 60 60 3600
1789.214 -4419.604 1 1.58 60 60 3600
-2820.618 -1098.038 1 1.99 60 60 3600
-2004.427 1624.660 1 1.79 60 60 3600
867.898 3233.568 1 1.68 60 60 3600
-1716.124 -479.277 1 1.48 60 60 3600
-4827.825 711.012 1 0.76 60 60 3600
-4596.956 1445.190 1 1.29 60 60 3600
-66.917 -376.952 1 0.77 60 60 3600
-3655.541 -137.736 1 1.32 60 60 3600
-1075.967 2435.314 1 1.13 60 60 3600
-632.903 1567.764 1 1.56 60 60 3600
174.293 2340.514 1 1.77 60 60 3600
-2895.335 -4994.283 1 0.79 60 60 3600
-4527.097 -2927.438 1 1.93 60 60 3600
2548.199 -2827.316 1 1.88 60 60 3600
-2729.881 -4397.763 1 0.76 60 60 3600
1096.741 924.446 1 0.27 60 60 3600
1826.793 -1949.191 1 1.10 60 60 3600
-639.398 -999.142 1 0.71 60 60 3600
-2638.209 3746.352 1 1.32 60 60 3600
1900.726 2182.362 1 1.28 60 60 3600
-3007.641 4850.491 1 0.28 60 60 3600
-4.640 -2898.244 1 0.31 60 60 3600
-1400.971 818.859 1 1.20 60 60 3600
-1552.722 4838.335 1 1.79 60 60 3600
-3929.321 -4440.310 1 0.49 60 60 3600
-2662.356 -2891.582 1 1.63 60 60 3600
