INSTANCE_FILE: big_instance/200.20.1.txt
INSTANCE_BASE: 200.20.1
SOLVER: heavy
TRAFFIC: heavy
SIGMA: 0.6,0.4,0.5,0.6,0.4,0.5,0.6,0.4,0.5,0.6,0.4,0.5
RUN: 2
---SOLVER OUTPUT---
Initial solution cost: 23077.778929
Improved solution cost: 12690.316043
Worst solution cost: 12690.316043
Mean solution cost: 12690.316043
Mean elapsed time: 1244.109291 seconds
Final solution feasibility: FEASIBLE
Solution Details:
Truck Routes:
Truck 1: 0 101 36 21 165 0 98 30 34 83 89 0 138 169 7 43 84 9 0 |Truck Time: 12666.004673|12666.004673,0.000000,0.000000,0.000000
Truck 2: 0 94 141 86 171 0 48 60 110 187 0 137 29 69 181 167 11 139 0 |Truck Time: 12689.280018|12689.280018,0.000000,0.000000,0.000000
Truck 3: 0 31 124 156 180 53 115 174 0 190 100 56 47 85 179 46 130 23 19 0 61 64 97 132 49 12 0 |Truck Time: 12686.921459|12686.921459,0.000000,0.000000,0.000000
Truck 4: 0 66 95 128 195 0 157 147 145 33 3 200 2 178 146 0 99 159 41 87 76 24 163 35 0 |Truck Time: 12690.316043|12690.316043,0.000000,0.000000,0.000000
Truck 5: 0 40 44 151 6 152 0 173 20 188 0 142 133 127 149 118 0 |Truck Time: 12623.997073|12623.997073,0.000000,0.000000,0.000000
Truck 6: 0 154 65 176 121 81 79 0 117 107 67 161 42 51 193 0 162 182 158 14 0 |Truck Time: 12689.596762|12689.596762,0.000000,0.000000,0.000000
Drone Routes:
Drone 1: 0 58 75 189 37 0 16 52 196 160 0 45 22 10 122 0 144 57 185 0 114 198 62 0 186 0 71 140 0 172 199 0 80 0 88 91 0 |Drone Time: 12566.490405|12566.490405,0.000000,0.000000,0.000000
Drone 2: 0 78 93 0 192 143 177 0 59 102 105 123 0 104 38 8 0 112 184 134 0 27 148 0 72 0 18 0 17 0 120 183 0 |Drone Time: 12661.684834|12661.684834,0.000000,0.000000,0.000000
Drone 3: 0 4 13 136 0 26 0 111 166 28 0 191 68 50 109 25 155 0 170 0 164 90 150 0 73 77 153 108 0 131 119 0 194 0 55 96 0 |Drone Time: 12643.069195|12643.069195,0.000000,0.000000,0.000000
Drone 4: 0 32 82 106 0 197 5 1 0 116 0 125 70 0 126 0 15 39 113 0 92 0 74 103 54 0 168 0 129 63 0 135 175 0 |Drone Time: 12683.021990|12683.021990,0.000000,0.000000,0.000000
Total validation: Makespan=12690.316043, Deadline violation=0.000000, Energy violation=0.000000, Capacity violation=0.000000
