INSTANCE_FILE: big_instance/200.10.4.txt
INSTANCE_BASE: 200.10.4
SOLVER: light
TRAFFIC: light
SIGMA: 0.9,0.7,0.8,0.9,0.7,0.8,0.9,0.7,0.8,0.9,0.7,0.8
RUN: 5
---SOLVER OUTPUT---
Initial solution cost: 7653.980454
Improved solution cost: 3835.980906
Worst solution cost: 3835.980906
Mean solution cost: 3835.980906
Mean elapsed time: 1843.529959 seconds
Final solution feasibility: FEASIBLE
Solution Details:
Truck Routes:
Truck 1: 0 153 73 81 111 193 94 61 80 60 33 66 141 9 65 86 17 96 0 142 69 48 52 162 99 115 0 |Truck Time: 3830.660672|3830.660672,0.000000,0.000000,0.000000
Truck 2: 0 143 117 47 180 14 179 124 113 55 119 185 159 56 82 198 110 108 79 0 51 20 145 101 189 158 0 |Truck Time: 3835.980906|3835.980906,0.000000,0.000000,0.000000
Truck 3: 0 21 114 85 64 167 174 130 194 8 175 63 49 178 54 72 70 37 112 146 71 102 68 30 34 77 0 |Truck Time: 3822.042933|3822.042933,0.000000,0.000000,0.000000
Truck 4: 0 100 27 137 39 127 25 156 154 199 22 12 105 45 139 92 95 188 16 160 128 186 182 196 0 |Truck Time: 3762.450427|3762.450427,0.000000,0.000000,0.000000
Truck 5: 0 28 57 195 170 76 50 165 152 136 41 59 176 26 173 148 84 13 157 0 23 97 10 172 190 0 |Truck Time: 3830.004146|3830.004146,0.000000,0.000000,0.000000
Truck 6: 0 118 169 138 1 32 168 121 166 184 19 171 131 36 120 62 129 163 135 43 0 104 140 42 0 |Truck Time: 3782.071032|3782.071032,0.000000,0.000000,0.000000
Drone Routes:
Drone 1: 0 133 177 67 150 0 3 93 7 38 0 106 0 46 0 4 192 88 0 116 40 0 200 0 75 74 0 |Drone Time: 3795.973335|3795.973335,0.000000,0.000000,0.000000
Drone 2: 0 109 155 151 0 11 44 191 161 125 0 58 0 134 0 187 91 0 |Drone Time: 3834.213306|3834.213306,0.000000,0.000000,0.000000
Drone 3: 0 123 147 126 83 0 6 5 181 0 24 0 53 132 29 122 0 103 31 89 107 0 78 0 |Drone Time: 3831.903860|3831.903860,0.000000,0.000000,0.000000
Drone 4: 0 164 15 197 0 2 144 98 0 149 18 0 87 0 183 35 0 90 0 |Drone Time: 3830.469202|3830.469202,0.000000,0.000000,0.000000
Total validation: Makespan=3835.980906, Deadline violation=0.000000, Energy violation=0.000000, Capacity violation=0.000000
