INSTANCE_FILE: big_instance/200.10.2.txt
INSTANCE_BASE: 200.10.2
SOLVER: light
TRAFFIC: light
SIGMA: 0.9,0.7,0.8,0.9,0.7,0.8,0.9,0.7,0.8,0.9,0.7,0.8
RUN: 3
---SOLVER OUTPUT---
Initial solution cost: 7914.494247
Improved solution cost: 4186.051053
Worst solution cost: 4186.051053
Mean solution cost: 4186.051053
Mean elapsed time: 1894.000260 seconds
Final solution feasibility: FEASIBLE
Solution Details:
Truck Routes:
Truck 1: 0 61 141 103 117 45 46 152 168 140 87 50 169 0 143 192 139 164 198 90 128 187 0 |Truck Time: 4131.281030|4131.281030,0.000000,0.000000,0.000000
Truck 2: 0 162 83 10 84 24 113 129 85 131 99 0 31 81 185 40 149 95 111 66 78 94 0 |Truck Time: 4186.051053|4186.051053,0.000000,0.000000,0.000000
Truck 3: 0 119 153 60 120 135 64 173 195 47 63 156 21 144 32 180 65 136 0 115 30 19 14 0 |Truck Time: 4126.395846|4126.395846,0.000000,0.000000,0.000000
Truck 4: 0 3 48 100 75 7 2 57 176 96 182 15 137 158 56 26 27 181 0 20 148 79 0 |Truck Time: 4172.296284|4172.296284,0.000000,0.000000,0.000000
Truck 5: 0 91 189 98 58 125 150 12 104 123 82 17 112 18 110 34 200 151 41 0 154 109 114 74 199 179 0 |Truck Time: 4170.674726|4170.674726,0.000000,0.000000,0.000000
Truck 6: 0 130 4 80 172 9 49 102 33 127 160 88 155 161 55 51 8 53 193 0 36 133 38 76 175 0 |Truck Time: 4181.467366|4181.467366,0.000000,0.000000,0.000000
Drone Routes:
Drone 1: 0 77 167 108 196 6 0 1 54 52 194 0 147 0 157 0 93 0 44 86 0 132 68 0 |Drone Time: 4170.458654|4170.458654,0.000000,0.000000,0.000000
Drone 2: 0 25 5 23 0 159 42 163 22 71 165 0 116 106 0 13 134 0 170 166 0 178 122 0 |Drone Time: 4183.365881|4183.365881,0.000000,0.000000,0.000000
Drone 3: 0 197 142 183 0 69 59 124 186 28 105 39 97 121 0 70 0 145 62 188 0 190 0 126 29 0 |Drone Time: 4175.687789|4175.687789,0.000000,0.000000,0.000000
Drone 4: 0 73 89 72 67 171 0 43 177 146 16 138 0 101 118 184 92 107 0 37 11 191 0 174 35 0 |Drone Time: 4176.044874|4176.044874,0.000000,0.000000,0.000000
Total validation: Makespan=4186.051053, Deadline violation=0.000000, Energy violation=0.000000, Capacity violation=0.000000
