INSTANCE_FILE: big_instance/200.40.3.txt
INSTANCE_BASE: 200.40.3
SOLVER: light
TRAFFIC: light
SIGMA: 0.9,0.7,0.8,0.9,0.7,0.8,0.9,0.7,0.8,0.9,0.7,0.8
RUN: 2
---SOLVER OUTPUT---
Initial solution cost: 42296.819653
Improved solution cost: 22292.384782
Worst solution cost: 22292.384782
Mean solution cost: 22292.384782
Mean elapsed time: 2562.632045 seconds
Final solution feasibility: FEASIBLE
Solution Details:
Truck Routes:
Truck 1: 0 78 112 135 0 145 154 18 0 11 97 0 129 55 153 0 |Truck Time: 22223.769538|22223.769538,0.000000,0.000000,0.000000
Truck 2: 0 152 86 191 0 166 109 2 44 0 77 102 187 149 0 121 65 178 185 0 198 71 194 63 31 0 |Truck Time: 22273.859603|22273.859603,0.000000,0.000000,0.000000
Truck 3: 0 29 45 113 104 132 0 197 6 91 169 7 70 0 120 94 20 59 180 24 0 92 159 150 127 3 189 0 167 46 133 0 |Truck Time: 22196.255475|22196.255475,0.000000,0.000000,0.000000
Truck 4: 0 140 181 52 53 161 0 193 13 138 34 184 196 26 0 115 182 158 42 57 0 5 21 0 |Truck Time: 22276.253292|22276.253292,0.000000,0.000000,0.000000
Truck 5: 0 89 82 126 125 87 80 175 0 162 186 39 72 105 151 83 0 62 114 14 177 171 88 23 128 0 183 33 41 40 106 0 |Truck Time: 22022.275470|22022.275470,0.000000,0.000000,0.000000
Truck 6: 0 144 0 188 1 56 98 37 61 75 0 96 170 190 148 0 25 22 32 10 93 142 66 0 48 4 124 64 0 |Truck Time: 22282.830885|22282.830885,0.000000,0.000000,0.000000
Drone Routes:
Drone 1: 0 172 95 179 103 0 84 0 108 0 30 147 0 141 38 0 195 0 116 130 0 165 0 8 119 101 0 146 0 |Drone Time: 22263.229998|22263.229998,0.000000,0.000000,0.000000
Drone 2: 0 134 199 131 0 51 0 74 0 156 28 0 200 69 16 0 168 99 0 54 0 27 35 0 50 73 60 0 17 0 |Drone Time: 22286.165492|22286.165492,0.000000,0.000000,0.000000
Drone 3: 0 58 0 122 0 155 0 163 0 139 81 0 118 49 0 137 110 192 0 143 107 0 12 0 164 67 0 |Drone Time: 22290.750544|22290.750544,0.000000,0.000000,0.000000
Drone 4: 0 160 15 100 174 0 136 36 76 0 19 176 68 90 0 9 0 47 79 0 111 0 117 157 0 43 123 0 173 85 0 |Drone Time: 22292.384782|22292.384782,0.000000,0.000000,0.000000
Total validation: Makespan=22292.384782, Deadline violation=0.000000, Energy violation=0.000000, Capacity violation=0.000000
