INSTANCE_FILE: big_instance/200.10.2.txt
INSTANCE_BASE: 200.10.2
SOLVER: light
TRAFFIC: light
SIGMA: 0.9,0.7,0.8,0.9,0.7,0.8,0.9,0.7,0.8,0.9,0.7,0.8
RUN: 1
---SOLVER OUTPUT---
Initial solution cost: 7914.494247
Improved solution cost: 4119.026971
Worst solution cost: 4119.026971
Mean solution cost: 4119.026971
Mean elapsed time: 1928.482907 seconds
Final solution feasibility: FEASIBLE
Solution Details:
Truck Routes:
Truck 1: 0 4 80 49 172 9 33 127 160 88 102 130 36 133 38 0 151 1 91 189 98 125 90 0 |Truck Time: 4079.817323|4079.817323,0.000000,0.000000,0.000000
Truck 2: 0 154 114 181 27 120 135 166 93 48 144 40 149 95 111 185 32 180 65 179 0 31 78 94 0 |Truck Time: 4119.026971|4119.026971,0.000000,0.000000,0.000000
Truck 3: 0 71 176 22 57 2 7 156 21 63 47 195 75 96 173 182 64 122 137 60 153 74 0 41 0 |Truck Time: 4082.292549|4082.292549,0.000000,0.000000,0.000000
Truck 4: 0 44 147 87 140 5 117 46 45 103 141 20 25 148 169 69 61 0 136 199 106 174 109 19 170 14 99 0 |Truck Time: 4072.612575|4072.612575,0.000000,0.000000,0.000000
Truck 5: 0 66 34 110 112 17 82 123 200 128 0 164 198 188 62 139 70 192 143 68 132 157 0 |Truck Time: 4087.605386|4087.605386,0.000000,0.000000,0.000000
Truck 6: 0 138 3 100 178 158 56 26 77 30 115 85 129 113 24 84 55 161 92 51 83 10 162 8 76 175 0 187 0 |Truck Time: 4114.029427|4114.029427,0.000000,0.000000,0.000000
Drone Routes:
Drone 1: 0 186 105 168 145 0 184 155 107 0 150 0 131 0 50 0 183 0 |Drone Time: 4109.559043|4109.559043,0.000000,0.000000,0.000000
Drone 2: 0 43 67 72 18 73 0 15 163 165 0 37 11 191 0 54 58 89 0 28 134 0 |Drone Time: 4043.934529|4043.934529,0.000000,0.000000,0.000000
Drone 3: 0 59 52 12 104 0 16 146 177 81 0 35 159 42 119 0 6 167 101 126 0 171 79 0 190 0 |Drone Time: 4111.314104|4111.314104,0.000000,0.000000,0.000000
Drone 4: 0 197 118 108 196 13 0 23 193 121 97 39 142 53 0 86 194 0 124 152 0 116 29 0 |Drone Time: 4104.110721|4104.110721,0.000000,0.000000,0.000000
Total validation: Makespan=4119.026971, Deadline violation=0.000000, Energy violation=0.000000, Capacity violation=0.000000
