INSTANCE_FILE: big_instance/200.20.4.txt
INSTANCE_BASE: 200.20.4
SOLVER: heavy
TRAFFIC: heavy
SIGMA: 0.6,0.4,0.5,0.6,0.4,0.5,0.6,0.4,0.5,0.6,0.4,0.5
RUN: 5
---SOLVER OUTPUT---
Initial solution cost: 22039.200037
Improved solution cost: 12310.339054
Worst solution cost: 12310.339054
Mean solution cost: 12310.339054
Mean elapsed time: 1124.609683 seconds
Final solution feasibility: FEASIBLE
Solution Details:
Truck Routes:
Truck 1: 0 162 108 50 0 43 119 111 91 138 193 0 146 63 57 0 |Truck Time: 12181.782866|12181.782866,0.000000,0.000000,0.000000
Truck 2: 0 148 26 97 0 107 126 122 118 185 0 128 16 62 151 2 125 110 0 |Truck Time: 12308.017417|12308.017417,0.000000,0.000000,0.000000
Truck 3: 0 181 10 100 183 160 0 172 25 44 22 143 0 137 189 64 71 77 186 14 94 0 |Truck Time: 12270.419281|12270.419281,0.000000,0.000000,0.000000
Truck 4: 0 89 41 49 72 28 191 0 39 40 17 103 105 194 9 153 104 0 27 45 142 196 73 29 0 |Truck Time: 12234.290828|12234.290828,0.000000,0.000000,0.000000
Truck 5: 0 74 56 99 192 0 174 31 23 178 0 166 131 83 54 38 157 0 |Truck Time: 12301.853287|12301.853287,0.000000,0.000000,0.000000
Truck 6: 0 59 132 113 69 123 145 93 47 1 8 169 36 35 0 159 140 88 81 0 5 102 95 30 0 |Truck Time: 12310.339054|12310.339054,0.000000,0.000000,0.000000
Drone Routes:
Drone 1: 0 52 7 0 48 147 109 0 66 152 117 163 0 61 155 182 68 0 76 4 37 0 11 188 0 130 79 0 177 165 0 32 82 0 |Drone Time: 12306.173042|12306.173042,0.000000,0.000000,0.000000
Drone 2: 0 106 0 176 84 67 144 0 184 0 115 58 0 190 0 135 46 150 0 124 0 200 170 0 86 187 0 180 0 21 19 0 |Drone Time: 12280.618532|12280.618532,0.000000,0.000000,0.000000
Drone 3: 0 164 0 12 175 114 0 60 33 92 0 112 87 55 198 80 0 141 168 129 0 65 0 75 179 13 0 158 195 156 51 0 34 136 0 127 18 0 167 171 0 |Drone Time: 12258.028688|12258.028688,0.000000,0.000000,0.000000
Drone 4: 0 3 85 154 173 0 120 90 101 96 0 199 121 0 161 98 0 24 15 149 0 42 78 0 20 70 0 6 53 116 0 134 0 133 197 139 0 |Drone Time: 12283.061148|12283.061148,0.000000,0.000000,0.000000
Total validation: Makespan=12310.339054, Deadline violation=0.000000, Energy violation=0.000000, Capacity violation=0.000000
