INSTANCE_FILE: big_instance/200.40.3.txt
INSTANCE_BASE: 200.40.3
SOLVER: light
TRAFFIC: light
SIGMA: 0.9,0.7,0.8,0.9,0.7,0.8,0.9,0.7,0.8,0.9,0.7,0.8
RUN: 4
---SOLVER OUTPUT---
Initial solution cost: 42296.819653
Improved solution cost: 22351.548097
Worst solution cost: 22351.548097
Mean solution cost: 22351.548097
Mean elapsed time: 2460.319524 seconds
Final solution feasibility: FEASIBLE
Solution Details:
Truck Routes:
Truck 1: 0 29 0 121 65 178 167 0 73 60 168 0 129 55 48 126 0 |Truck Time: 22351.548097|22351.548097,0.000000,0.000000,0.000000
Truck 2: 0 180 20 59 24 0 77 43 114 11 0 22 32 7 10 70 93 142 0 42 154 18 149 28 0 46 133 0 |Truck Time: 22330.952602|22330.952602,0.000000,0.000000,0.000000
Truck 3: 0 150 87 64 161 0 115 187 182 158 57 97 0 151 135 105 39 72 84 0 13 193 138 34 184 196 127 80 175 3 0 |Truck Time: 21096.923265|21096.923265,0.000000,0.000000,0.000000
Truck 4: 0 71 194 176 19 63 31 144 0 109 21 166 2 56 104 0 116 96 16 198 0 107 177 14 171 23 0 |Truck Time: 21495.695108|21495.695108,0.000000,0.000000,0.000000
Truck 5: 0 192 181 92 159 189 0 113 188 0 112 89 4 124 82 153 0 152 86 191 0 25 106 103 45 66 0 |Truck Time: 22302.248503|22302.248503,0.000000,0.000000,0.000000
Truck 6: 0 197 6 91 169 88 0 128 44 132 0 183 33 41 40 0 1 98 37 61 75 0 148 170 190 94 120 0 |Truck Time: 22185.516768|22185.516768,0.000000,0.000000,0.000000
Drone Routes:
Drone 1: 0 185 172 95 179 118 0 143 0 155 0 122 0 117 163 0 5 76 0 52 111 0 15 69 0 62 54 0 |Drone Time: 22269.531104|22269.531104,0.000000,0.000000,0.000000
Drone 2: 0 125 83 0 8 26 137 110 0 140 165 50 53 0 131 199 174 0 173 85 0 58 0 162 157 0 145 47 0 51 0 67 78 0 |Drone Time: 22342.036738|22342.036738,0.000000,0.000000,0.000000
Drone 3: 0 12 0 141 38 68 0 99 134 160 0 9 0 195 90 0 49 0 36 136 0 119 101 0 123 164 0 30 147 0 |Drone Time: 22350.953541|22350.953541,0.000000,0.000000,0.000000
Drone 4: 0 74 0 79 0 200 100 130 0 108 0 156 0 146 0 27 35 0 17 186 0 81 139 0 102 0 |Drone Time: 22350.899496|22350.899496,0.000000,0.000000,0.000000
Total validation: Makespan=22351.548097, Deadline violation=0.000000, Energy violation=0.000000, Capacity violation=0.000000
