INSTANCE_FILE: big_instance/200.30.4.txt
INSTANCE_BASE: 200.30.4
SOLVER: heavy
TRAFFIC: heavy
SIGMA: 0.6,0.4,0.5,0.6,0.4,0.5,0.6,0.4,0.5,0.6,0.4,0.5
RUN: 5
---SOLVER OUTPUT---
Initial solution cost: 40167.507379
Improved solution cost: 23751.436641
Worst solution cost: 23751.436641
Mean solution cost: 23751.436641
Mean elapsed time: 1307.373925 seconds
Final solution feasibility: FEASIBLE
Solution Details:
Truck Routes:
Truck 1: 0 22 13 0 3 0 170 163 154 0 77 0 140 196 54 0 |Truck Time: 23739.837667|23739.837667,0.000000,0.000000,0.000000
Truck 2: 0 60 171 23 0 190 175 67 41 168 161 0 119 28 86 17 18 185 0 48 145 98 198 0 |Truck Time: 23751.436641|23751.436641,0.000000,0.000000,0.000000
Truck 3: 0 123 97 10 184 0 29 19 146 156 0 195 194 114 124 151 192 26 0 43 138 122 37 159 0 |Truck Time: 23500.689925|23500.689925,0.000000,0.000000,0.000000
Truck 4: 0 157 143 125 4 89 0 101 73 87 0 174 136 36 44 107 0 118 102 131 177 199 197 0 64 149 104 0 |Truck Time: 23744.789669|23744.789669,0.000000,0.000000,0.000000
Truck 5: 0 40 173 150 0 35 182 53 61 0 96 8 0 179 6 139 0 |Truck Time: 23688.210968|23688.210968,0.000000,0.000000,0.000000
Truck 6: 0 62 109 0 137 50 80 0 191 47 132 46 0 56 95 166 0 71 155 84 31 25 0 |Truck Time: 23627.143606|23627.143606,0.000000,0.000000,0.000000
Drone Routes:
Drone 1: 0 49 0 12 0 65 0 11 0 169 74 0 24 186 38 0 180 0 94 0 76 0 1 92 172 0 100 39 0 144 0 16 0 21 183 0 5 79 112 0 |Drone Time: 23624.702721|23624.702721,0.000000,0.000000,0.000000
Drone 2: 0 126 165 160 0 162 0 68 0 69 83 0 135 0 134 0 32 51 70 0 75 59 0 34 63 0 142 78 0 66 0 45 0 27 85 0 57 128 0 |Drone Time: 23748.582325|23748.582325,0.000000,0.000000,0.000000
Drone 3: 0 42 130 103 0 20 14 0 120 9 0 115 108 52 55 91 0 117 0 193 0 116 0 153 0 99 0 90 93 0 121 72 33 0 7 81 0 187 147 0 |Drone Time: 23678.718810|23678.718810,0.000000,0.000000,0.000000
Drone 4: 0 127 0 111 30 188 88 0 110 178 58 0 167 0 176 0 158 129 2 0 141 82 0 113 15 189 0 200 106 0 152 181 0 148 105 0 133 164 0 |Drone Time: 23663.529689|23663.529689,0.000000,0.000000,0.000000
Total validation: Makespan=23751.436641, Deadline violation=0.000000, Energy violation=0.000000, Capacity violation=0.000000
