INSTANCE_FILE: big_instance/200.30.1.txt
INSTANCE_BASE: 200.30.1
SOLVER: heavy
TRAFFIC: heavy
SIGMA: 0.6,0.4,0.5,0.6,0.4,0.5,0.6,0.4,0.5,0.6,0.4,0.5
RUN: 1
---SOLVER OUTPUT---
Initial solution cost: 36633.914305
Improved solution cost: 22773.918953
Worst solution cost: 22773.918953
Mean solution cost: 22773.918953
Mean elapsed time: 1125.910538 seconds
Final solution feasibility: FEASIBLE
Solution Details:
Truck Routes:
Truck 1: 0 99 27 23 0 79 47 177 200 0 120 77 172 0 100 0 67 113 106 0 |Truck Time: 22630.620459|22630.620459,0.000000,0.000000,0.000000
Truck 2: 0 1 0 175 69 0 53 24 0 33 0 135 3 94 0 |Truck Time: 22773.918953|22773.918953,0.000000,0.000000,0.000000
Truck 3: 0 128 90 114 28 0 64 7 68 0 168 96 92 15 199 0 19 144 107 192 198 0 31 137 132 85 0 |Truck Time: 22606.916036|22606.916036,0.000000,0.000000,0.000000
Truck 4: 0 152 42 103 157 129 0 83 194 46 0 54 150 0 139 186 164 62 0 |Truck Time: 22541.171293|22541.171293,0.000000,0.000000,0.000000
Truck 5: 0 195 124 0 197 179 59 0 176 185 80 16 0 87 0 73 166 123 173 158 181 0 |Truck Time: 22643.070862|22643.070862,0.000000,0.000000,0.000000
Truck 6: 0 143 115 190 146 0 163 130 187 84 0 26 97 0 65 119 76 0 |Truck Time: 22326.560944|22326.560944,0.000000,0.000000,0.000000
Drone Routes:
Drone 1: 0 58 149 101 0 57 110 43 0 184 155 162 0 180 171 66 0 169 159 0 75 12 0 36 86 0 38 0 178 71 0 151 111 0 61 0 122 18 0 34 117 0 |Drone Time: 22730.712362|22730.712362,0.000000,0.000000,0.000000
Drone 2: 0 81 74 0 136 14 0 174 22 133 30 0 108 5 63 189 196 0 55 0 82 44 25 95 0 160 109 188 0 116 91 0 50 141 0 167 17 102 0 4 0 40 89 0 |Drone Time: 22689.205422|22689.205422,0.000000,0.000000,0.000000
Drone 3: 0 9 56 0 127 0 45 131 60 0 48 0 148 138 93 10 0 193 13 183 0 32 0 52 0 39 121 156 0 112 191 0 41 104 153 0 154 29 0 125 37 0 165 0 |Drone Time: 22756.818186|22756.818186,0.000000,0.000000,0.000000
Drone 4: 0 98 142 0 78 0 140 21 0 134 0 49 20 0 105 11 0 72 145 0 126 88 0 147 170 0 8 2 35 0 182 51 0 70 6 0 118 0 161 0 |Drone Time: 22742.553376|22742.553376,0.000000,0.000000,0.000000
Total validation: Makespan=22773.918953, Deadline violation=0.000000, Energy violation=0.000000, Capacity violation=0.000000
