INSTANCE_FILE: big_instance/200.40.4.txt
INSTANCE_BASE: 200.40.4
SOLVER: light
TRAFFIC: light
SIGMA: 0.9,0.7,0.8,0.9,0.7,0.8,0.9,0.7,0.8,0.9,0.7,0.8
RUN: 5
---SOLVER OUTPUT---
Initial solution cost: 41353.934297
Improved solution cost: 22514.769049
Worst solution cost: 22514.769049
Mean solution cost: 22514.769049
Mean elapsed time: 1804.258210 seconds
Final solution feasibility: FEASIBLE
Solution Details:
Truck Routes:
Truck 1: 0 116 137 45 178 0 18 149 80 0 155 95 0 100 11 15 31 0 |Truck Time: 22424.458800|22424.458800,0.000000,0.000000,0.000000
Truck 2: 0 41 88 182 75 63 0 143 161 0 93 90 73 83 198 98 129 0 87 37 40 110 0 69 27 153 0 |Truck Time: 22497.656493|22497.656493,0.000000,0.000000,0.000000
Truck 3: 0 10 74 185 102 62 196 84 0 140 147 148 132 146 123 0 120 118 163 193 43 49 97 0 14 160 5 22 0 |Truck Time: 22493.716393|22493.716393,0.000000,0.000000,0.000000
Truck 4: 0 4 23 81 0 26 2 0 159 151 32 107 105 0 3 128 29 0 85 152 78 109 0 |Truck Time: 22420.084244|22420.084244,0.000000,0.000000,0.000000
Truck 5: 0 187 21 180 104 173 8 6 114 0 36 47 64 42 56 0 50 142 65 0 166 199 136 168 0 |Truck Time: 22458.104373|22458.104373,0.000000,0.000000,0.000000
Truck 6: 0 55 92 19 156 191 0 194 171 131 70 54 0 138 119 61 0 20 0 68 141 135 145 181 0 |Truck Time: 22514.769049|22514.769049,0.000000,0.000000,0.000000
Drone Routes:
Drone 1: 0 167 184 106 0 16 179 117 200 0 60 66 170 0 67 0 96 0 79 122 0 33 190 0 30 1 0 101 86 0 |Drone Time: 22504.308365|22504.308365,0.000000,0.000000,0.000000
Drone 2: 0 154 52 157 175 39 111 0 139 0 186 0 197 57 76 17 0 195 189 0 150 0 46 51 44 0 7 34 0 48 188 0 165 0 125 99 0 72 0 |Drone Time: 22485.078060|22485.078060,0.000000,0.000000,0.000000
Drone 3: 0 124 127 58 172 0 103 9 0 38 0 169 133 177 0 183 115 0 24 0 12 126 0 176 59 0 112 121 0 113 71 0 |Drone Time: 22443.751889|22443.751889,0.000000,0.000000,0.000000
Drone 4: 0 134 0 89 94 28 108 0 35 0 144 53 0 130 82 13 0 91 192 0 77 0 162 164 158 25 0 174 0 |Drone Time: 22495.795140|22495.795140,0.000000,0.000000,0.000000
Total validation: Makespan=22514.769049, Deadline violation=0.000000, Energy violation=0.000000, Capacity violation=0.000000
