INSTANCE_FILE: big_instance/200.20.4.txt
INSTANCE_BASE: 200.20.4
SOLVER: heavy
TRAFFIC: heavy
SIGMA: 0.6,0.4,0.5,0.6,0.4,0.5,0.6,0.4,0.5,0.6,0.4,0.5
RUN: 1
---SOLVER OUTPUT---
Initial solution cost: 22039.200037
Improved solution cost: 12232.366276
Worst solution cost: 12232.366276
Mean solution cost: 12232.366276
Mean elapsed time: 1184.885409 seconds
Final solution feasibility: FEASIBLE
Solution Details:
Truck Routes:
Truck 1: 0 107 126 175 108 50 0 174 161 79 0 22 172 36 0 |Truck Time: 12197.865455|12197.865455,0.000000,0.000000,0.000000
Truck 2: 0 185 118 45 142 73 0 71 129 106 26 0 56 99 3 16 151 192 128 125 0 |Truck Time: 12164.991792|12164.991792,0.000000,0.000000,0.000000
Truck 3: 0 138 23 31 178 48 183 157 0 159 140 64 186 14 94 0 27 29 149 164 0 |Truck Time: 12217.933248|12217.933248,0.000000,0.000000,0.000000
Truck 4: 0 189 88 81 124 137 0 104 181 38 54 83 131 166 0 82 145 72 32 93 47 1 0 |Truck Time: 12232.366276|12232.366276,0.000000,0.000000,0.000000
Truck 5: 0 143 9 194 0 43 91 111 119 0 59 132 113 39 133 184 123 169 0 |Truck Time: 12223.330456|12223.330456,0.000000,0.000000,0.000000
Truck 6: 0 28 57 89 65 74 63 191 0 20 162 171 2 110 167 0 102 6 98 42 148 97 95 30 0 |Truck Time: 12216.496103|12216.496103,0.000000,0.000000,0.000000
Drone Routes:
Drone 1: 0 35 0 51 156 195 158 0 44 0 136 0 62 70 0 147 68 0 103 0 115 7 153 0 34 122 60 0 25 17 0 180 0 75 179 0 |Drone Time: 12222.435908|12222.435908,0.000000,0.000000,0.000000
Drone 2: 0 190 0 24 46 0 77 116 165 0 150 141 168 0 96 127 0 193 198 53 112 0 121 199 66 173 0 13 197 144 18 0 187 86 0 196 0 5 0 |Drone Time: 12206.797879|12206.797879,0.000000,0.000000,0.000000
Drone 3: 0 105 58 0 146 41 117 163 0 12 114 11 0 40 0 8 49 0 10 0 120 176 90 101 139 0 19 21 0 15 188 0 78 0 |Drone Time: 12226.973143|12226.973143,0.000000,0.000000,0.000000
Drone 4: 0 154 152 85 134 0 200 135 0 87 55 0 84 76 4 37 0 130 100 0 155 182 109 61 0 67 69 0 80 177 0 52 160 0 170 92 33 0 |Drone Time: 12203.597347|12203.597347,0.000000,0.000000,0.000000
Total validation: Makespan=12232.366276, Deadline violation=0.000000, Energy violation=0.000000, Capacity violation=0.000000
