INSTANCE_FILE: big_instance/200.10.1.txt
INSTANCE_BASE: 200.10.1
SOLVER: light
TRAFFIC: light
SIGMA: 0.9,0.7,0.8,0.9,0.7,0.8,0.9,0.7,0.8,0.9,0.7,0.8
RUN: 4
---SOLVER OUTPUT---
Initial solution cost: 7550.198650
Improved solution cost: 4043.586107
Worst solution cost: 4043.586107
Mean solution cost: 4043.586107
Mean elapsed time: 1902.761692 seconds
Final solution feasibility: FEASIBLE
Solution Details:
Truck Routes:
Truck 1: 0 88 96 82 74 36 164 116 26 188 43 128 113 187 158 135 199 100 75 46 140 62 0 161 169 129 0 |Truck Time: 4023.658643|4023.658643,0.000000,0.000000,0.000000
Truck 2: 0 51 95 160 28 104 76 107 17 134 110 33 168 122 73 152 139 167 29 105 0 130 175 182 124 80 83 89 0 |Truck Time: 4028.186240|4028.186240,0.000000,0.000000,0.000000
Truck 3: 0 121 123 159 79 156 97 92 12 192 133 27 6 72 56 0 3 14 146 163 59 19 131 0 |Truck Time: 4034.463298|4034.463298,0.000000,0.000000,0.000000
Truck 4: 0 173 60 143 49 52 115 101 7 10 125 120 0 132 149 98 45 37 94 155 0 |Truck Time: 4029.312504|4029.312504,0.000000,0.000000,0.000000
Truck 5: 0 42 57 150 4 70 142 186 87 108 68 0 171 126 197 85 9 111 78 30 191 176 190 86 0 |Truck Time: 4042.556742|4042.556742,0.000000,0.000000,0.000000
Truck 6: 0 151 58 166 196 41 2 127 181 157 63 13 137 22 69 34 147 189 117 0 15 154 16 177 0 |Truck Time: 4037.005090|4037.005090,0.000000,0.000000,0.000000
Drone Routes:
Drone 1: 0 112 99 66 106 0 183 178 21 118 0 24 0 18 0 193 91 0 31 144 0 8 184 25 0 |Drone Time: 4043.313591|4043.313591,0.000000,0.000000,0.000000
Drone 2: 0 102 170 138 0 61 103 40 153 0 179 185 0 90 148 0 20 136 0 11 50 0 |Drone Time: 4043.586107|4043.586107,0.000000,0.000000,0.000000
Drone 3: 0 5 32 119 0 114 67 1 0 172 145 174 53 0 54 109 162 55 48 35 0 65 198 0 38 180 0 |Drone Time: 4030.311597|4030.311597,0.000000,0.000000,0.000000
Drone 4: 0 44 165 93 71 81 0 39 0 141 23 77 84 64 0 47 200 0 194 195 0 |Drone Time: 4014.003477|4014.003477,0.000000,0.000000,0.000000
Total validation: Makespan=4043.586107, Deadline violation=0.000000, Energy violation=0.000000, Capacity violation=0.000000
