INSTANCE_FILE: big_instance/200.20.2.txt
INSTANCE_BASE: 200.20.2
SOLVER: light
TRAFFIC: light
SIGMA: 0.9,0.7,0.8,0.9,0.7,0.8,0.9,0.7,0.8,0.9,0.7,0.8
RUN: 3
---SOLVER OUTPUT---
Initial solution cost: 17425.702742
Improved solution cost: 7751.625817
Worst solution cost: 7751.625817
Mean solution cost: 7751.625817
Mean elapsed time: 1567.275421 seconds
Final solution feasibility: FEASIBLE
Solution Details:
Truck Routes:
Truck 1: 0 200 113 145 79 98 155 130 110 0 99 187 104 197 176 17 183 10 48 134 0 |Truck Time: 7683.140346|7683.140346,0.000000,0.000000,0.000000
Truck 2: 0 36 52 107 77 71 160 119 140 64 172 3 41 0 151 179 43 8 171 105 83 175 148 181 0 |Truck Time: 7689.585516|7689.585516,0.000000,0.000000,0.000000
Truck 3: 0 93 199 196 117 157 15 51 0 91 114 174 96 164 26 195 131 87 25 137 0 153 94 159 139 191 190 59 142 0 |Truck Time: 7682.739844|7682.739844,0.000000,0.000000,0.000000
Truck 4: 0 126 111 97 178 78 45 165 47 184 76 0 54 56 122 118 21 73 156 166 57 39 185 0 |Truck Time: 7741.621677|7741.621677,0.000000,0.000000,0.000000
Truck 5: 0 32 120 50 89 34 189 168 123 12 124 27 40 192 0 132 11 24 143 121 182 125 74 147 72 0 |Truck Time: 7721.704747|7721.704747,0.000000,0.000000,0.000000
Truck 6: 0 31 62 101 128 84 144 68 194 0 106 42 29 112 55 146 49 0 |Truck Time: 7728.573058|7728.573058,0.000000,0.000000,0.000000
Drone Routes:
Drone 1: 0 1 44 177 0 69 170 129 28 0 92 138 152 37 61 67 0 80 163 0 13 188 161 0 53 193 0 115 4 0 |Drone Time: 7722.928137|7722.928137,0.000000,0.000000,0.000000
Drone 2: 0 167 65 95 0 198 136 85 88 0 75 6 63 0 149 109 46 0 82 0 5 154 0 |Drone Time: 7730.902333|7730.902333,0.000000,0.000000,0.000000
Drone 3: 0 141 90 9 0 169 180 33 0 2 0 60 30 116 0 102 100 0 22 35 0 70 0 |Drone Time: 7716.881938|7716.881938,0.000000,0.000000,0.000000
Drone 4: 0 162 133 135 158 0 38 108 173 103 58 0 7 14 23 0 66 150 18 16 127 86 0 81 186 0 20 19 0 |Drone Time: 7751.625817|7751.625817,0.000000,0.000000,0.000000
Total validation: Makespan=7751.625817, Deadline violation=0.000000, Energy violation=0.000000, Capacity violation=0.000000
