INSTANCE_FILE: big_instance/200.20.2.txt
INSTANCE_BASE: 200.20.2
SOLVER: heavy
TRAFFIC: heavy
SIGMA: 0.6,0.4,0.5,0.6,0.4,0.5,0.6,0.4,0.5,0.6,0.4,0.5
RUN: 5
---SOLVER OUTPUT---
Initial solution cost: 22835.540163
Improved solution cost: 12115.909150
Worst solution cost: 12115.909150
Mean solution cost: 12115.909150
Mean elapsed time: 1348.589724 seconds
Final solution feasibility: FEASIBLE
Solution Details:
Truck Routes:
Truck 1: 0 126 97 78 76 0 50 120 0 62 71 119 140 0 |Truck Time: 12105.242943|12105.242943,0.000000,0.000000,0.000000
Truck 2: 0 32 27 192 40 124 165 184 0 36 52 107 77 149 0 164 194 29 38 112 131 75 0 |Truck Time: 12112.715377|12112.715377,0.000000,0.000000,0.000000
Truck 3: 0 17 187 104 134 0 117 15 0 74 132 99 11 183 48 10 53 193 72 0 |Truck Time: 12087.926660|12087.926660,0.000000,0.000000,0.000000
Truck 4: 0 3 172 64 41 2 0 8 171 43 87 25 179 137 0 147 182 143 121 125 0 |Truck Time: 12075.940106|12075.940106,0.000000,0.000000,0.000000
Truck 5: 0 83 148 175 154 5 199 93 13 0 91 114 31 49 0 200 113 79 145 138 130 92 1 110 80 81 163 0 |Truck Time: 12110.859545|12110.859545,0.000000,0.000000,0.000000
Truck 6: 0 54 21 118 122 57 39 185 0 101 128 174 96 195 55 146 0 153 139 191 0 |Truck Time: 12115.909150|12115.909150,0.000000,0.000000,0.000000
Drone Routes:
Drone 1: 0 167 65 95 0 67 24 33 37 0 177 44 59 0 82 0 68 0 42 0 102 100 0 18 86 127 16 22 0 73 0 |Drone Time: 12058.368567|12058.368567,0.000000,0.000000,0.000000
Drone 2: 0 160 0 156 166 0 98 0 106 173 103 108 0 196 181 105 0 189 12 51 0 150 4 198 136 85 0 158 135 133 162 0 144 26 0 |Drone Time: 12111.875976|12111.875976,0.000000,0.000000,0.000000
Drone 3: 0 60 30 116 0 28 9 94 0 69 155 152 61 0 46 109 180 169 0 151 0 19 20 0 23 170 0 176 197 0 188 56 0 58 84 0 |Drone Time: 12081.401828|12081.401828,0.000000,0.000000,0.000000
Drone 4: 0 168 123 47 0 63 6 0 141 90 89 0 159 34 0 7 14 129 186 0 70 0 142 190 45 111 0 66 115 0 178 88 161 0 35 157 0 |Drone Time: 12083.980334|12083.980334,0.000000,0.000000,0.000000
Total validation: Makespan=12115.909150, Deadline violation=0.000000, Energy violation=0.000000, Capacity violation=0.000000
