INSTANCE_FILE: big_instance/200.30.2.txt
INSTANCE_BASE: 200.30.2
SOLVER: light
TRAFFIC: light
SIGMA: 0.9,0.7,0.8,0.9,0.7,0.8,0.9,0.7,0.8,0.9,0.7,0.8
RUN: 5
---SOLVER OUTPUT---
Initial solution cost: 27957.480651
Improved solution cost: 13335.583021
Worst solution cost: 13335.583021
Mean solution cost: 13335.583021
Mean elapsed time: 1649.375636 seconds
Final solution feasibility: FEASIBLE
Solution Details:
Truck Routes:
Truck 1: 0 23 99 185 44 0 151 2 29 111 0 154 24 12 119 0 |Truck Time: 13335.583021|13335.583021,0.000000,0.000000,0.000000
Truck 2: 0 132 186 32 39 136 43 162 54 177 0 146 74 16 130 122 0 34 11 194 4 102 26 30 158 171 75 0 |Truck Time: 13240.674807|13240.674807,0.000000,0.000000,0.000000
Truck 3: 0 18 169 184 51 80 47 150 142 0 21 63 45 129 82 125 182 134 65 172 0 140 66 192 62 98 161 0 |Truck Time: 13309.269340|13309.269340,0.000000,0.000000,0.000000
Truck 4: 0 86 174 138 72 180 131 77 135 89 0 69 79 68 198 0 167 193 53 6 164 160 100 61 0 |Truck Time: 13329.755404|13329.755404,0.000000,0.000000,0.000000
Truck 5: 0 147 20 133 85 48 103 92 76 0 126 58 170 114 190 96 0 91 78 108 5 73 33 0 183 187 10 0 |Truck Time: 13300.020057|13300.020057,0.000000,0.000000,0.000000
Truck 6: 0 101 153 156 38 175 90 19 0 139 60 14 52 31 197 196 0 3 188 27 176 115 83 149 113 0 |Truck Time: 13300.456089|13300.456089,0.000000,0.000000,0.000000
Drone Routes:
Drone 1: 0 81 42 159 0 148 28 137 0 8 106 36 0 50 178 0 127 200 0 93 95 0 105 109 0 |Drone Time: 13329.259121|13329.259121,0.000000,0.000000,0.000000
Drone 2: 0 35 120 166 143 64 0 56 0 40 155 104 168 0 46 49 67 0 181 199 123 0 173 37 0 145 59 0 |Drone Time: 13320.717511|13320.717511,0.000000,0.000000,0.000000
Drone 3: 0 165 87 41 84 0 121 163 88 0 128 97 0 117 7 0 144 22 0 110 94 0 157 71 0 |Drone Time: 13306.827350|13306.827350,0.000000,0.000000,0.000000
Drone 4: 0 112 25 141 0 118 116 55 0 17 152 70 0 195 107 179 13 57 0 1 15 9 0 124 0 191 189 0 |Drone Time: 13323.669844|13323.669844,0.000000,0.000000,0.000000
Total validation: Makespan=13335.583021, Deadline violation=0.000000, Energy violation=0.000000, Capacity violation=0.000000
