INSTANCE_FILE: big_instance/200.30.3.txt
INSTANCE_BASE: 200.30.3
SOLVER: light
TRAFFIC: light
SIGMA: 0.9,0.7,0.8,0.9,0.7,0.8,0.9,0.7,0.8,0.9,0.7,0.8
RUN: 4
---SOLVER OUTPUT---
Initial solution cost: 29620.988305
Improved solution cost: 14233.876979
Worst solution cost: 14233.876979
Mean solution cost: 14233.876979
Mean elapsed time: 1739.209990 seconds
Final solution feasibility: FEASIBLE
Solution Details:
Truck Routes:
Truck 1: 0 72 24 166 58 15 139 6 0 158 110 121 0 20 75 195 164 49 167 98 0 |Truck Time: 14233.876979|14233.876979,0.000000,0.000000,0.000000
Truck 2: 0 117 73 112 4 35 17 198 55 47 0 67 78 85 163 160 22 0 131 107 179 185 14 65 82 130 0 |Truck Time: 13984.042176|13984.042176,0.000000,0.000000,0.000000
Truck 3: 0 186 44 148 0 36 51 113 183 95 68 180 104 41 0 86 109 129 137 33 142 9 0 |Truck Time: 14192.840212|14192.840212,0.000000,0.000000,0.000000
Truck 4: 0 172 126 89 76 38 93 0 3 127 92 69 80 122 0 161 101 42 62 30 18 197 64 114 178 0 |Truck Time: 14180.552309|14180.552309,0.000000,0.000000,0.000000
Truck 5: 0 96 84 146 11 171 143 0 28 124 116 176 52 0 90 45 134 157 97 162 144 0 103 8 10 173 182 0 |Truck Time: 14231.599405|14231.599405,0.000000,0.000000,0.000000
Truck 6: 0 187 196 16 145 152 191 133 0 39 118 63 87 0 108 128 61 141 159 94 7 0 170 83 71 0 |Truck Time: 14227.393592|14227.393592,0.000000,0.000000,0.000000
Drone Routes:
Drone 1: 0 156 100 37 136 0 193 151 135 40 0 99 168 56 0 102 153 1 0 177 0 25 0 59 27 0 60 0 |Drone Time: 14191.136218|14191.136218,0.000000,0.000000,0.000000
Drone 2: 0 165 150 155 147 0 53 43 199 0 123 184 111 34 0 12 31 48 23 0 66 2 21 0 77 0 119 200 0 |Drone Time: 14060.834460|14060.834460,0.000000,0.000000,0.000000
Drone 3: 0 32 5 120 54 26 0 79 81 74 140 0 192 57 91 190 169 154 0 194 0 115 0 106 0 19 105 0 |Drone Time: 14164.563929|14164.563929,0.000000,0.000000,0.000000
Drone 4: 0 46 181 174 0 138 188 13 0 149 0 175 0 132 125 189 0 29 0 88 0 50 70 0 |Drone Time: 14088.980992|14088.980992,0.000000,0.000000,0.000000
Total validation: Makespan=14233.876979, Deadline violation=0.000000, Energy violation=0.000000, Capacity violation=0.000000
