INSTANCE_FILE: big_instance/200.20.4.txt
INSTANCE_BASE: 200.20.4
SOLVER: heavy
TRAFFIC: heavy
SIGMA: 0.6,0.4,0.5,0.6,0.4,0.5,0.6,0.4,0.5,0.6,0.4,0.5
RUN: 4
---SOLVER OUTPUT---
Initial solution cost: 22039.200037
Improved solution cost: 12272.501858
Worst solution cost: 12272.501858
Mean solution cost: 12272.501858
Mean elapsed time: 1169.111898 seconds
Final solution feasibility: FEASIBLE
Solution Details:
Truck Routes:
Truck 1: 0 178 138 0 39 40 190 172 0 59 123 184 113 0 |Truck Time: 12261.129619|12261.129619,0.000000,0.000000,0.000000
Truck 2: 0 57 74 89 65 28 1 0 169 35 131 166 193 0 99 56 152 199 121 49 32 72 145 0 |Truck Time: 12188.931000|12188.931000,0.000000,0.000000,0.000000
Truck 3: 0 177 78 116 106 148 97 95 0 149 142 118 185 0 137 189 88 150 81 46 124 0 |Truck Time: 12259.444812|12259.444812,0.000000,0.000000,0.000000
Truck 4: 0 45 33 108 126 107 11 92 0 73 196 164 0 62 151 2 128 192 85 191 0 |Truck Time: 12067.697028|12067.697028,0.000000,0.000000,0.000000
Truck 5: 0 83 54 157 160 0 43 119 111 91 80 0 181 105 103 58 17 25 44 75 22 0 |Truck Time: 12175.186985|12175.186985,0.000000,0.000000,0.000000
Truck 6: 0 162 50 12 0 71 64 186 14 94 30 0 27 167 110 125 136 60 122 34 29 0 |Truck Time: 12272.501858|12272.501858,0.000000,0.000000,0.000000
Drone Routes:
Drone 1: 0 165 77 21 0 70 16 3 66 154 146 0 69 84 163 0 168 0 100 130 0 133 179 0 129 159 0 141 140 0 9 68 0 |Drone Time: 12258.763880|12258.763880,0.000000,0.000000,0.000000
Drone 2: 0 47 93 82 0 182 109 155 0 170 55 198 0 132 187 13 0 139 101 197 86 0 79 38 0 10 0 24 15 0 143 0 19 42 0 |Drone Time: 12263.591414|12263.591414,0.000000,0.000000,0.000000
Drone 3: 0 96 127 0 183 52 0 67 37 176 120 0 76 144 90 0 104 194 0 102 0 175 20 0 114 188 0 134 171 0 180 0 23 0 |Drone Time: 12269.054191|12269.054191,0.000000,0.000000,0.000000
Drone 4: 0 5 36 0 173 41 117 4 18 0 115 7 153 0 158 195 156 51 0 112 98 87 53 0 48 161 147 0 6 26 0 31 174 61 0 135 200 0 8 63 0 |Drone Time: 12254.791847|12254.791847,0.000000,0.000000,0.000000
Total validation: Makespan=12272.501858, Deadline violation=0.000000, Energy violation=0.000000, Capacity violation=0.000000
