INSTANCE_FILE: big_instance/200.40.1.txt
INSTANCE_BASE: 200.40.1
SOLVER: light
TRAFFIC: light
SIGMA: 0.9,0.7,0.8,0.9,0.7,0.8,0.9,0.7,0.8,0.9,0.7,0.8
RUN: 4
---SOLVER OUTPUT---
Initial solution cost: 39283.903513
Improved solution cost: 19413.385417
Worst solution cost: 19413.385417
Mean solution cost: 19413.385417
Mean elapsed time: 1475.636484 seconds
Final solution feasibility: FEASIBLE
Solution Details:
Truck Routes:
Truck 1: 0 166 61 57 76 0 185 8 104 52 21 119 0 51 182 196 0 |Truck Time: 19392.421349|19392.421349,0.000000,0.000000,0.000000
Truck 2: 0 190 117 147 96 0 92 2 0 59 26 136 80 165 193 75 10 0 164 145 181 42 39 73 0 184 115 107 168 155 129 0 |Truck Time: 19351.763436|19351.763436,0.000000,0.000000,0.000000
Truck 3: 0 159 121 6 16 194 131 49 0 93 146 124 188 13 176 63 29 0 11 47 1 12 0 200 71 85 28 14 0 144 0 |Truck Time: 19077.926907|19077.926907,0.000000,0.000000,0.000000
Truck 4: 0 64 130 90 22 62 0 156 135 0 186 191 72 139 174 0 187 158 169 18 37 122 0 |Truck Time: 18694.162088|18694.162088,0.000000,0.000000,0.000000
Truck 5: 0 54 74 70 77 88 0 128 162 167 143 36 154 109 100 152 30 0 58 189 125 175 151 108 0 9 79 177 118 0 |Truck Time: 19352.449515|19352.449515,0.000000,0.000000,0.000000
Truck 6: 0 41 46 105 66 55 0 24 65 87 192 183 0 198 116 199 195 0 |Truck Time: 17424.148187|17424.148187,0.000000,0.000000,0.000000
Drone Routes:
Drone 1: 0 5 0 3 0 149 173 110 0 50 94 0 148 0 178 123 0 44 112 0 161 171 0 89 0 |Drone Time: 19387.801318|19387.801318,0.000000,0.000000,0.000000
Drone 2: 0 172 141 25 0 160 19 91 86 0 103 82 33 23 0 56 95 68 27 126 0 99 0 113 69 98 0 197 0 7 137 102 0 |Drone Time: 19405.298931|19405.298931,0.000000,0.000000,0.000000
Drone 3: 0 138 132 45 0 111 97 34 0 84 32 83 0 15 0 48 17 20 0 133 0 101 0 127 0 134 180 0 |Drone Time: 19407.819732|19407.819732,0.000000,0.000000,0.000000
Drone 4: 0 40 120 170 0 114 35 140 31 67 153 142 0 53 60 106 0 38 150 81 0 157 4 179 0 43 0 78 0 163 0 |Drone Time: 19413.385417|19413.385417,0.000000,0.000000,0.000000
Total validation: Makespan=19413.385417, Deadline violation=0.000000, Energy violation=0.000000, Capacity violation=0.000000
