INSTANCE_FILE: big_instance/200.20.2.txt
INSTANCE_BASE: 200.20.2
SOLVER: heavy
TRAFFIC: heavy
SIGMA: 0.6,0.4,0.5,0.6,0.4,0.5,0.6,0.4,0.5,0.6,0.4,0.5
RUN: 1
---SOLVER OUTPUT---
Initial solution cost: 22835.540163
Improved solution cost: 12131.274708
Worst solution cost: 12131.274708
Mean solution cost: 12131.274708
Mean elapsed time: 1351.953114 seconds
Final solution feasibility: FEASIBLE
Solution Details:
Truck Routes:
Truck 1: 0 122 118 21 57 39 185 0 54 56 97 78 111 165 0 35 0 |Truck Time: 12070.856606|12070.856606,0.000000,0.000000,0.000000
Truck 2: 0 157 148 175 83 5 199 93 117 22 0 2 53 67 0 29 84 58 194 112 131 179 0 |Truck Time: 12123.650908|12123.650908,0.000000,0.000000,0.000000
Truck 3: 0 71 119 140 0 55 195 164 26 146 0 77 107 10 48 134 52 36 0 |Truck Time: 12131.274708|12131.274708,0.000000,0.000000,0.000000
Truck 4: 0 187 17 183 99 132 74 147 72 0 51 76 15 0 113 200 182 143 121 125 0 |Truck Time: 12062.100508|12062.100508,0.000000,0.000000,0.000000
Truck 5: 0 192 40 27 0 8 171 43 87 25 137 0 1 138 79 145 130 92 110 80 81 0 |Truck Time: 12010.451216|12010.451216,0.000000,0.000000,0.000000
Truck 6: 0 151 96 174 101 114 91 0 34 89 120 50 32 191 139 94 153 0 3 172 41 64 31 49 0 |Truck Time: 12127.414287|12127.414287,0.000000,0.000000,0.000000
Drone Routes:
Drone 1: 0 167 65 95 0 159 60 116 186 0 158 133 135 75 0 6 63 181 0 66 86 156 18 0 61 152 155 69 0 82 0 108 68 0 98 0 |Drone Time: 12011.863075|12011.863075,0.000000,0.000000,0.000000
Drone 2: 0 103 173 106 0 44 189 123 0 126 0 141 90 9 0 30 14 7 0 149 0 105 0 73 0 19 20 0 38 144 0 |Drone Time: 12128.148794|12128.148794,0.000000,0.000000,0.000000
Drone 3: 0 129 170 23 0 28 190 178 188 0 62 162 128 0 150 177 59 0 45 168 12 0 142 124 163 0 197 176 109 46 0 4 115 0 198 136 85 88 0 |Drone Time: 12113.579957|12113.579957,0.000000,0.000000,0.000000
Drone 4: 0 166 102 16 0 154 100 127 0 196 13 161 47 0 169 180 11 0 160 0 42 0 104 0 184 0 193 37 24 33 0 70 0 |Drone Time: 12118.214024|12118.214024,0.000000,0.000000,0.000000
Total validation: Makespan=12131.274708, Deadline violation=0.000000, Energy violation=0.000000, Capacity violation=0.000000
