INSTANCE_FILE: big_instance/200.30.1.txt
INSTANCE_BASE: 200.30.1
SOLVER: heavy
TRAFFIC: heavy
SIGMA: 0.6,0.4,0.5,0.6,0.4,0.5,0.6,0.4,0.5,0.6,0.4,0.5
RUN: 4
---SOLVER OUTPUT---
Initial solution cost: 36633.914305
Improved solution cost: 22316.848563
Worst solution cost: 22316.848563
Mean solution cost: 22316.848563
Mean elapsed time: 1052.620470 seconds
Final solution feasibility: FEASIBLE
Solution Details:
Truck Routes:
Truck 1: 0 168 173 0 130 163 187 84 0 196 115 190 87 0 85 1 54 0 |Truck Time: 22167.571960|22167.571960,0.000000,0.000000,0.000000
Truck 2: 0 197 179 0 157 152 42 103 0 147 195 136 0 96 66 15 158 0 |Truck Time: 22282.911287|22282.911287,0.000000,0.000000,0.000000
Truck 3: 0 186 139 132 113 0 164 177 47 200 44 82 0 124 0 79 143 9 0 |Truck Time: 21952.656169|21952.656169,0.000000,0.000000,0.000000
Truck 4: 0 100 16 0 64 7 128 28 90 33 129 0 135 3 94 119 114 0 59 181 198 106 0 67 183 77 120 175 172 69 0 |Truck Time: 22282.396618|22282.396618,0.000000,0.000000,0.000000
Truck 5: 0 118 68 80 170 0 26 97 0 65 72 76 98 0 112 39 150 0 58 176 185 0 |Truck Time: 22316.848563|22316.848563,0.000000,0.000000,0.000000
Truck 6: 0 123 24 166 19 0 83 154 194 46 0 107 144 192 0 99 23 27 137 0 |Truck Time: 22017.984158|22017.984158,0.000000,0.000000,0.000000
Drone Routes:
Drone 1: 0 131 45 21 0 48 0 91 171 122 0 161 0 165 0 92 0 32 0 126 88 0 109 188 0 20 81 0 41 117 0 145 12 0 125 37 0 |Drone Time: 22304.008425|22304.008425,0.000000,0.000000,0.000000
Drone 2: 0 127 0 10 104 0 162 155 184 0 146 25 62 0 167 75 73 0 153 0 38 0 55 0 61 0 111 151 0 14 0 4 0 191 31 0 13 159 0 174 156 0 |Drone Time: 22296.759983|22296.759983,0.000000,0.000000,0.000000
Drone 3: 0 134 0 110 29 0 5 60 0 50 141 0 70 6 0 148 138 93 57 34 43 0 102 199 0 52 0 142 2 180 169 0 40 89 0 149 101 0 8 35 0 |Drone Time: 22314.544298|22314.544298,0.000000,0.000000,0.000000
Drone 4: 0 160 51 108 95 0 36 86 0 121 140 30 133 22 0 49 74 193 0 189 182 63 56 0 11 105 0 78 0 18 0 71 178 0 53 17 0 116 0 |Drone Time: 22287.291366|22287.291366,0.000000,0.000000,0.000000
Total validation: Makespan=22316.848563, Deadline violation=0.000000, Energy violation=0.000000, Capacity violation=0.000000
