trucks_count 1
drones_count 1
customers 100
depot 0 0
Coordinate X Coordinate Y Dronable Demand
X Y Dronable Demand Drone_service Truck_service Lw
-2371.485 -1586.778 1 1.03 60 60 3600
1324.139 701.650 1 1.52 60 60 3600
-4153.716 -3417.168 1 1.60 60 60 3600
2150.187 -3518.168 1 1.98 60 60 3600
-1652.376 1540.980 1 1.35 60 60 3600
-1150.554 -680.566 1 0.90 60 60 3600
-3401.683 2876.397 1 1.88 60 60 3600
-914.135 1584.262 1 1.76 60 60 3600
870.632 2872.713 1 0.30 60 60 3600
-3569.636 2320.521 1 1.54 60 60 3600
450.629 955.348 1 0.37 60 60 3600
-4427.974 -2747.589 1 1.80 60 60 3600
1670.069 2900.515 1 0.54 60 60 3600
-993.746 -1658.473 1 0.68 60 60 3600
774.127 1860.135 1 1.49 60 60 3600
-2501.781 2181.761 1 1.70 60 60 3600
-1912.261 3331.752 1 1.15 60 60 3600
-4596.956 1445.190 1 0.61 60 60 3600
-2298.104 2860.000 1 1.38 60 60 3600
1783.374 -3990.054 1 0.95 60 60 3600
-1286.737 -3247.639 1 1.30 60 60 3600
3024.965 -4630.545 1 0.50 60 60 3600
-4412.125 -4008.488 1 0.36 60 60 3600
-3185.457 945.396 1 0.80 60 60 3600
-4956.557 2979.146 1 1.32 60 60 3600
-3137.994 -70.243 1 0.55 60 60 3600
2670.883 -1435.393 1 0.25 60 60 3600
-2186.509 973.237 1 0.53 60 60 3600
-3233.169 3854.366 1 0.88 60 60 3600
391.049 -4873.723 1 1.78 60 60 3600
-2921.893 3277.060 1 1.82 60 60 3600
-4252.954 -660.974 1 0.76 60 60 3600
-2941.940 -3469.121 1 1.74 60 60 3600
679.451 -423.439 1 0.60 60 60 3600
725.251 -1084.390 1 0.61 60 60 3600
-4275.807 217.185 1 1.11 60 60 3600
2525.180 -4036.719 1 1.73 60 60 3600
-3787.505 3880.393 1 1.89 60 60 3600
4546.659 -2293.919 1 1.62 60 60 3600
642.859 -1664.178 1 0.87 60 60 3600
2472.677 -3087.104 1 1.66 60 60 3600
1005.048 -3563.175 1 0.58 60 60 3600
2021.518 -656.821 1 1.71 60 60 3600
-277.095 -1386.212 1 0.61 60 60 3600
-956.858 359.831 1 1.78 60 60 3600
1592.380 -3438.474 1 0.35 60 60 3600
2118.199 -1528.513 1 0.37 60 60 3600
1243.483 2519.172 1 0.85 60 60 3600
-4167.901 1932.092 1 1.54 60 60 3600
-4736.600 2201.999 1 0.21 60 60 3600
-3219.492 -4851.081 1 1.76 60 60 3600
4686.975 -3822.606 1 0.21 60 60 3600
-4961.680 -2520.485 1 0.73 60 60 3600
438.356 -2956.926 1 0.93 60 60 3600
-461.469 1015.205 1 1.20 60 60 3600
-1527.354 4264.413 1 0.87 60 60 3600
-2476.054 -2577.526 1 0.78 60 60 3600
2151.071 778.071 1 1.92 60 60 3600
-901.903 2219.487 1 0.28 60 60 3600
-66.917 -376.952 1 1.80 60 60 3600
174.293 2340.514 1 0.60 60 60 3600
-3122.208 1969.340 1 1.62 60 60 3600
-2998.319 4624.600 1 0.39 60 60 3600
-1854.822 2132.413 1 0.58 60 60 3600
3033.799 -2952.474 1 1.29 60 60 3600
-2818.898 2701.670 1 0.88 60 60 3600
-1718.779 -1048.345 1 1.24 60 60 3600
-1842.372 589.473 1 1.93 60 60 3600
-4844.838 4112.651 1 1.29 60 60 3600
4899.679 -4446.510 1 1.07 60 60 3600
-4126.227 4615.127 1 0.87 60 60 3600
1416.747 -51.374 1 1.53 60 60 3600
1195.605 -1620.318 1 1.65 60 60 3600
-4024.932 720.040 1 1.21 60 60 3600
4046.881 -4142.139 1 1.59 60 60 3600
-1587.548 -314.279 1 1.82 60 60 3600
-850.938 -2555.896 1 1.03 60 60 3600
2981.161 -3647.177 1 1.84 60 60 3600
2167.522 -161.715 1 0.26 60 60 3600
1472.430 1500.928 1 1.44 60 60 3600
1055.171 -4237.284 1 0.98 60 60 3600
-629.214 -3028.104 1 0.53 60 60 3600
-2942.470 445.814 1 0.92 60 60 3600
-2490.469 4808.824 1 1.32 60 60 3600
-639.398 -999.142 1 1.60 60 60 3600
1262.211 -1112.888 1 0.30 60 60 3600
-2615.376 -350.380 1 1.59 60 60 3600
-1552.722 4838.335 1 1.28 60 60 3600
3571.060 -3041.518 1 0.67 60 60 3600
-168.764 -2413.963 1 1.58 60 60 3600
2329.136 -4941.216 1 0.78 60 60 3600
-1951.160 3913.132 1 1.77 60 60 3600
-2833.712 -1340.560 1 1.43 60 60 3600
-3595.160 -2522.801 1 1.31 60 60 3600
-3860.024 -2066.845 1 0.27 60 60 3600
-432.027 363.382 1 0.36 60 60 3600
406.918 -4251.066 1 1.82 60 60 3600
3481.934 -1922.719 1 1.90 60 60 3600
-3183.513 -2011.141 1 0.46 60 60 3600
-4125.978 -1573.931 1 0.98 60 60 3600
