INSTANCE_FILE: big_instance/200.30.3.txt
INSTANCE_BASE: 200.30.3
SOLVER: light
TRAFFIC: light
SIGMA: 0.9,0.7,0.8,0.9,0.7,0.8,0.9,0.7,0.8,0.9,0.7,0.8
RUN: 1
---SOLVER OUTPUT---
Initial solution cost: 29620.988305
Improved solution cost: 14084.354419
Worst solution cost: 14084.354419
Mean solution cost: 14084.354419
Mean elapsed time: 1704.307615 seconds
Final solution feasibility: FEASIBLE
Solution Details:
Truck Routes:
Truck 1: 0 92 69 63 87 0 36 39 95 183 51 113 89 76 38 0 131 107 185 14 82 130 0 |Truck Time: 14033.578692|14033.578692,0.000000,0.000000,0.000000
Truck 2: 0 20 75 195 164 49 52 0 170 179 35 65 0 3 80 112 73 117 4 17 198 55 147 83 71 0 |Truck Time: 14083.696380|14083.696380,0.000000,0.000000,0.000000
Truck 3: 0 103 176 181 162 167 67 98 174 144 0 22 85 78 163 160 143 0 172 125 126 159 141 61 128 0 |Truck Time: 13935.658958|13935.658958,0.000000,0.000000,0.000000
Truck 4: 0 161 101 110 121 178 28 0 166 24 58 194 196 16 145 152 186 191 0 90 157 134 45 13 154 108 7 0 |Truck Time: 14082.794664|14082.794664,0.000000,0.000000,0.000000
Truck 5: 0 188 115 97 0 140 42 62 30 18 197 64 184 0 158 109 86 137 33 142 193 9 8 10 173 0 |Truck Time: 14084.354419|14084.354419,0.000000,0.000000,0.000000
Truck 6: 0 200 114 34 96 84 11 171 116 124 0 127 41 68 180 104 47 0 72 136 175 1 149 153 60 133 0 |Truck Time: 13993.951972|13993.951972,0.000000,0.000000,0.000000
Drone Routes:
Drone 1: 0 148 0 93 57 91 169 190 0 66 187 102 0 135 151 48 31 0 146 0 177 0 12 2 0 43 37 0 |Drone Time: 14079.574362|14079.574362,0.000000,0.000000,0.000000
Drone 2: 0 88 0 119 0 32 118 0 182 0 106 0 44 0 189 122 0 111 129 0 |Drone Time: 14069.138422|14069.138422,0.000000,0.000000,0.000000
Drone 3: 0 56 168 99 0 53 100 156 19 165 0 79 81 74 40 0 21 15 139 0 25 23 0 105 0 138 123 0 |Drone Time: 14064.924570|14064.924570,0.000000,0.000000,0.000000
Drone 4: 0 54 120 5 132 50 0 29 0 155 150 0 27 59 46 0 199 6 0 77 0 26 70 0 192 94 0 |Drone Time: 13990.146560|13990.146560,0.000000,0.000000,0.000000
Total validation: Makespan=14084.354419, Deadline violation=0.000000, Energy violation=0.000000, Capacity violation=0.000000
