INSTANCE_FILE: big_instance/200.10.4.txt
INSTANCE_BASE: 200.10.4
SOLVER: heavy
TRAFFIC: heavy
SIGMA: 0.6,0.4,0.5,0.6,0.4,0.5,0.6,0.4,0.5,0.6,0.4,0.5
RUN: 1
---SOLVER OUTPUT---
Initial solution cost: 11313.625343
Improved solution cost: 5200.014913
Worst solution cost: 5200.014913
Mean solution cost: 5200.014913
Mean elapsed time: 1570.988545 seconds
Final solution feasibility: FEASIBLE
Solution Details:
Truck Routes:
Truck 1: 0 118 138 64 167 174 130 194 8 175 63 49 72 70 37 112 90 1 30 0 24 104 115 99 0 |Truck Time: 5156.451259|5156.451259,0.000000,0.000000,0.000000
Truck 2: 0 188 92 45 154 156 25 127 39 137 151 171 131 36 120 163 21 0 158 101 189 0 |Truck Time: 5104.830582|5104.830582,0.000000,0.000000,0.000000
Truck 3: 0 48 52 108 110 119 185 198 79 46 0 169 85 125 168 184 166 114 40 145 0 |Truck Time: 5160.493963|5160.493963,0.000000,0.000000,0.000000
Truck 4: 0 17 126 117 47 180 14 124 113 55 170 195 82 53 57 28 13 0 140 200 96 42 0 |Truck Time: 5153.672002|5153.672002,0.000000,0.000000,0.000000
Truck 5: 0 77 157 84 87 59 136 41 176 26 148 35 0 43 100 186 128 160 153 5 182 196 0 |Truck Time: 5187.091854|5187.091854,0.000000,0.000000,0.000000
Truck 6: 0 86 9 141 60 80 61 33 94 193 111 197 81 73 78 181 0 20 183 34 68 97 23 0 |Truck Time: 5199.588857|5199.588857,0.000000,0.000000,0.000000
Drone Routes:
Drone 1: 0 149 27 135 0 161 178 3 0 123 192 2 4 147 0 103 15 164 0 102 0 105 0 12 187 0 74 38 51 0 |Drone Time: 5184.029801|5184.029801,0.000000,0.000000,0.000000
Drone 2: 0 83 134 29 0 31 107 89 0 122 152 159 142 0 172 10 190 0 162 69 0 6 143 0 91 199 22 0 54 93 0 |Drone Time: 5187.541188|5187.541188,0.000000,0.000000,0.000000
Drone 3: 0 62 19 155 0 11 133 67 177 56 0 7 32 121 116 0 58 0 106 0 179 165 0 98 144 0 |Drone Time: 5172.399209|5172.399209,0.000000,0.000000,0.000000
Drone 4: 0 132 76 50 0 146 191 71 0 65 66 88 0 109 18 129 0 173 150 44 0 75 139 0 16 95 0 |Drone Time: 5200.014913|5200.014913,0.000000,0.000000,0.000000
Total validation: Makespan=5200.014913, Deadline violation=0.000000, Energy violation=0.000000, Capacity violation=0.000000
