trucks_count 1
drones_count 1
customers 100
depot 0 0
Coordinate X Coordinate Y Dronable Demand
X Y Dronable Demand Drone_service Truck_service Lw
-6331.265 1534.537 1 0.49 60 60 3600
-5434.207 -4822.171 1 0.45 60 60 3600
-4736.600 2201.999 1 1.85 60 60 3600
-4211.654 -2265.006 1 0.87 60 60 3600
-1020.190 -102.314 1 1.46 60 60 3600
-2833.712 -1340.560 1 1.84 60 60 3600
-277.095 -1386.212 1 1.37 60 60 3600
-2521.376 2700.434 1 1.10 60 60 3600
-7217.871 4317.312 1 0.69 60 60 3600
642.859 -1664.178 1 1.30 60 60 3600
-3266.924 164.353 1 1.76 60 60 3600
-7143.897 3558.572 1 1.82 60 60 3600
-6912.041 -5292.231 1 1.57 60 60 3600
2548.199 -2827.316 1 0.22 60 60 3600
1429.582 2746.075 1 1.78 60 60 3600
1099.256 706.437 1 1.01 60 60 3600
-1854.822 2132.413 1 0.57 60 60 3600
-5270.958 6757.480 1 0.88 60 60 3600
-3947.227 -83.791 1 0.35 60 60 3600
53.989 -196.458 1 1.34 60 60 3600
6918.027 -2654.169 1 0.23 60 60 3600
-5628.900 1653.670 1 0.59 60 60 3600
1783.374 -3990.054 1 0.40 60 60 3600
407.292 1543.530 1 1.81 60 60 3600
2525.180 -4036.719 1 0.43 60 60 3600
-4610.227 3060.855 1 0.34 60 60 3600
-738.106 -2070.697 1 1.45 60 60 3600
450.629 955.348 1 1.86 60 60 3600
1242.247 1238.012 1 0.46 60 60 3600
-6612.789 -6767.243 1 1.02 60 60 3600
-2688.830 4126.065 1 0.67 60 60 3600
4138.252 -1482.192 1 0.79 60 60 3600
-5812.234 -3421.810 1 1.27 60 60 3600
-2691.917 804.126 1 0.63 60 60 3600
-5924.868 5463.151 1 1.67 60 60 3600
-1664.670 5667.468 1 0.90 60 60 3600
-3007.641 4850.491 1 0.54 60 60 3600
-3768.767 4826.245 1 1.77 60 60 3600
5162.827 -2857.918 1 0.55 60 60 3600
4667.884 -1372.175 1 1.65 60 60 3600
-1856.713 967.293 1 1.95 60 60 3600
-3949.108 1193.762 1 0.61 60 60 3600
768.317 -3615.690 1 0.83 60 60 3600
-2921.893 3277.060 1 0.22 60 60 3600
5544.502 -4016.014 1 0.66 60 60 3600
-1075.967 2435.314 1 1.80 60 60 3600
515.572 2813.168 1 1.48 60 60 3600
1904.758 911.388 1 0.28 60 60 3600
-3953.681 -3712.266 1 1.23 60 60 3600
3481.934 -1922.719 1 1.18 60 60 3600
-3323.823 -5153.916 1 1.92 60 60 3600
-6135.679 -4693.964 1 0.63 60 60 3600
-5566.306 -449.677 1 0.81 60 60 3600
-4258.233 6947.904 1 1.35 60 60 3600
-6091.958 -4183.205 1 0.73 60 60 3600
7053.264 -1785.361 1 0.94 60 60 3600
-2105.676 -1181.350 1 1.70 60 60 3600
-6953.434 397.568 1 0.53 60 60 3600
5419.803 -240.774 1 1.85 60 60 3600
-4.583 561.654 1 0.96 60 60 3600
1974.367 3001.666 1 0.31 60 60 3600
-5550.758 3115.735 1 1.34 60 60 3600
93.179 2045.883 1 0.35 60 60 3600
-4077.071 6208.495 1 1.93 60 60 3600
7143.721 -932.116 1 1.97 60 60 3600
3705.130 -4132.443 1 1.17 60 60 3600
-7327.772 794.613 1 0.31 60 60 3600
6197.827 -2233.413 1 0.65 60 60 3600
-3036.480 -4668.460 1 1.12 60 60 3600
-3026.192 7010.455 1 1.98 60 60 3600
-5727.098 4305.245 1 1.54 60 60 3600
-3120.992 -3347.326 1 1.10 60 60 3600
-4844.838 4112.651 1 0.93 60 60 3600
464.784 -1106.087 1 1.85 60 60 3600
-1672.647 6281.014 1 0.91 60 60 3600
-2476.054 -2577.526 1 1.78 60 60 3600
-6109.158 -6726.166 1 0.27 60 60 3600
-5876.781 6019.829 1 0.99 60 60 3600
-3122.208 1969.340 1 1.32 60 60 3600
1001.276 -647.983 1 1.19 60 60 3600
1900.726 2182.362 1 1.64 60 60 3600
-4873.303 -4230.995 1 0.91 60 60 3600
-1527.354 4264.413 1 0.88 60 60 3600
-6080.703 4749.958 1 0.97 60 60 3600
-6375.382 -2644.206 1 1.07 60 60 3600
-3137.579 -2345.535 1 1.10 60 60 3600
-5109.358 2819.435 1 1.69 60 60 3600
-5065.215 5138.280 1 0.90 60 60 3600
6573.682 -106.511 1 1.77 60 60 3600
1451.624 -1781.988 1 1.16 60 60 3600
-5764.248 2533.068 1 0.50 60 60 3600
1555.352 -2918.532 1 1.11 60 60 3600
-4919.580 -1317.194 1 1.03 60 60 3600
-7335.078 7148.024 1 1.90 60 60 3600
2025.062 -386.269 1 1.85 60 60 3600
-4997.898 -5282.657 1 0.60 60 60 3600
-6389.521 7185.712 1 1.22 60 60 3600
-6985.848 1886.195 1 1.38 60 60 3600
-3522.548 3819.601 1 0.40 60 60 3600
599.793 2300.728 1 0.45 60 60 3600
