INSTANCE_FILE: big_instance/200.40.1.txt
INSTANCE_BASE: 200.40.1
SOLVER: heavy
TRAFFIC: heavy
SIGMA: 0.6,0.4,0.5,0.6,0.4,0.5,0.6,0.4,0.5,0.6,0.4,0.5
RUN: 2
---SOLVER OUTPUT---
Initial solution cost: 51853.030174
Improved solution cost: 36658.801926
Worst solution cost: 36658.801926
Mean solution cost: 36658.801926
Mean elapsed time: 7229.637421 seconds
Final solution feasibility: FEASIBLE
Solution Details:
Truck Routes:
Truck 1: 0 131 0 17 0 126 0 123 0 198 0 |Truck Time: 32889.578383|32889.578383,0.000000,0.000000,0.000000
Truck 2: 0 184 159 0 116 195 0 4 124 0 146 63 0 58 155 0 |Truck Time: 34775.910640|34775.910640,0.000000,0.000000,0.000000
Truck 3: 0 11 74 14 156 0 92 2 0 100 0 180 39 73 49 0 93 188 0 200 0 125 115 107 0 |Truck Time: 35186.906527|35186.906527,0.000000,0.000000,0.000000
Truck 4: 0 162 109 152 0 70 54 0 90 130 0 181 16 194 6 121 0 |Truck Time: 22843.004045|22843.004045,0.000000,0.000000,0.000000
Truck 5: 0 30 29 3 129 144 0 176 190 0 168 10 0 9 118 64 0 91 18 0 80 136 192 0 |Truck Time: 34269.347780|34269.347780,0.000000,0.000000,0.000000
Truck 6: 0 26 59 183 0 154 143 55 135 0 76 96 0 61 147 0 41 0 102 122 0 |Truck Time: 36152.044577|36152.044577,0.000000,0.000000,0.000000
Drone Routes:
Drone 1: 0 104 0 48 84 0 150 0 111 97 34 0 163 0 151 0 99 0 108 101 0 15 0 1 0 43 0 160 38 114 71 0 186 69 113 0 153 67 81 19 0 174 139 0 94 191 0 117 199 0 |Drone Time: 36654.440032|36654.440032,0.000000,0.000000,0.000000
Drone 2: 0 148 0 173 40 120 0 128 60 0 106 145 0 85 0 105 53 0 187 0 165 0 112 25 0 12 158 37 0 87 0 36 66 0 141 172 140 86 0 164 110 0 13 179 0 149 95 0 27 119 0 98 83 0 |Drone Time: 36631.293104|36631.293104,0.000000,0.000000,0.000000
Drone 3: 0 166 0 51 196 0 72 0 157 132 45 0 20 44 47 0 33 185 68 0 79 0 77 0 178 23 177 0 127 0 133 0 22 0 167 0 193 0 78 0 65 32 0 189 175 0 75 50 0 |Drone Time: 36534.259823|36534.259823,0.000000,0.000000,0.000000
Drone 4: 0 31 35 138 142 0 170 0 52 0 197 0 5 0 46 0 28 0 88 169 0 24 137 7 0 89 0 62 0 57 182 56 0 134 0 42 0 103 8 82 0 21 0 161 171 0 |Drone Time: 36658.801926|36658.801926,0.000000,0.000000,0.000000
Total validation: Makespan=36658.801926, Deadline violation=0.000000, Energy violation=0.000000, Capacity violation=0.000000
