INSTANCE_FILE: big_instance/200.20.3.txt
INSTANCE_BASE: 200.20.3
SOLVER: light
TRAFFIC: light
SIGMA: 0.9,0.7,0.8,0.9,0.7,0.8,0.9,0.7,0.8,0.9,0.7,0.8
RUN: 2
---SOLVER OUTPUT---
Initial solution cost: 17069.250257
Improved solution cost: 7684.651829
Worst solution cost: 7684.651829
Mean solution cost: 7684.651829
Mean elapsed time: 1722.912791 seconds
Final solution feasibility: FEASIBLE
Solution Details:
Truck Routes:
Truck 1: 0 181 178 40 195 187 185 146 77 4 0 100 15 71 28 78 94 117 36 33 0 |Truck Time: 7672.737081|7672.737081,0.000000,0.000000,0.000000
Truck 2: 0 109 53 6 45 171 3 25 26 124 105 0 79 38 192 91 27 88 18 138 50 22 125 137 64 87 0 |Truck Time: 7658.555240|7658.555240,0.000000,0.000000,0.000000
Truck 3: 0 159 183 111 43 11 108 198 130 115 151 62 0 191 139 29 81 2 80 188 169 54 0 |Truck Time: 7677.959012|7677.959012,0.000000,0.000000,0.000000
Truck 4: 0 196 167 31 200 59 106 0 104 165 10 66 128 160 113 60 101 158 135 121 69 76 0 |Truck Time: 7684.651829|7684.651829,0.000000,0.000000,0.000000
Truck 5: 0 95 152 8 13 186 157 55 150 5 16 112 140 0 83 86 172 46 168 154 93 141 173 149 0 |Truck Time: 7632.063325|7632.063325,0.000000,0.000000,0.000000
Truck 6: 0 42 155 129 98 63 147 179 189 34 90 0 92 144 182 116 166 123 20 1 24 17 99 32 197 0 |Truck Time: 7672.116243|7672.116243,0.000000,0.000000,0.000000
Drone Routes:
Drone 1: 0 164 193 118 131 0 134 174 162 0 176 14 0 145 0 163 126 68 0 47 48 0 103 0 |Drone Time: 7665.360036|7665.360036,0.000000,0.000000,0.000000
Drone 2: 0 12 37 170 0 21 132 0 44 73 0 49 65 161 175 19 0 133 57 0 153 190 0 74 119 0 |Drone Time: 7676.505973|7676.505973,0.000000,0.000000,0.000000
Drone 3: 0 107 30 180 56 136 39 0 184 0 127 0 85 148 0 72 199 0 97 61 67 0 |Drone Time: 7531.222080|7531.222080,0.000000,0.000000,0.000000
Drone 4: 0 41 7 96 35 102 52 0 177 110 58 194 156 142 0 89 70 84 0 82 75 9 114 122 23 0 143 0 120 0 51 0 |Drone Time: 7679.147678|7679.147678,0.000000,0.000000,0.000000
Total validation: Makespan=7684.651829, Deadline violation=0.000000, Energy violation=0.000000, Capacity violation=0.000000
