INSTANCE_FILE: big_instance/200.10.4.txt
INSTANCE_BASE: 200.10.4
SOLVER: light
TRAFFIC: light
SIGMA: 0.9,0.7,0.8,0.9,0.7,0.8,0.9,0.7,0.8,0.9,0.7,0.8
RUN: 3
---SOLVER OUTPUT---
Initial solution cost: 7653.980454
Improved solution cost: 3885.053652
Worst solution cost: 3885.053652
Mean solution cost: 3885.053652
Mean elapsed time: 1872.963967 seconds
Final solution feasibility: FEASIBLE
Solution Details:
Truck Routes:
Truck 1: 0 17 126 117 47 180 134 14 132 185 119 124 113 55 76 165 170 195 82 110 108 52 48 99 0 |Truck Time: 3657.711021|3657.711021,0.000000,0.000000,0.000000
Truck 2: 0 196 160 186 187 105 0 140 86 65 9 141 33 60 80 61 94 193 81 73 42 0 |Truck Time: 3844.499567|3844.499567,0.000000,0.000000,0.000000
Truck 3: 0 153 188 92 45 22 199 154 156 25 127 39 58 137 27 151 171 19 131 36 120 129 163 100 0 77 0 |Truck Time: 3880.063668|3880.063668,0.000000,0.000000,0.000000
Truck 4: 0 138 7 64 167 174 130 194 8 175 63 49 178 54 72 70 37 112 71 102 68 34 97 10 172 190 0 24 106 0 |Truck Time: 3835.743423|3835.743423,0.000000,0.000000,0.000000
Truck 5: 0 189 21 40 114 166 184 168 125 85 169 145 101 0 142 23 183 30 3 93 90 1 118 20 51 0 |Truck Time: 3885.053652|3885.053652,0.000000,0.000000,0.000000
Truck 6: 0 96 200 143 111 78 181 0 157 84 148 26 177 41 136 176 59 87 28 57 79 46 0 |Truck Time: 3878.681440|3878.681440,0.000000,0.000000,0.000000
Drone Routes:
Drone 1: 0 122 152 50 179 0 91 139 12 0 62 149 0 115 0 128 5 0 144 98 0 |Drone Time: 3876.962076|3876.962076,0.000000,0.000000,0.000000
Drone 2: 0 53 56 159 0 197 15 164 95 0 103 2 29 198 0 155 18 135 0 35 74 0 |Drone Time: 3824.016931|3824.016931,0.000000,0.000000,0.000000
Drone 3: 0 16 0 44 191 161 146 0 11 67 173 150 0 43 0 83 147 4 6 0 104 0 75 158 0 |Drone Time: 3881.706551|3881.706551,0.000000,0.000000,0.000000
Drone 4: 0 182 0 38 116 32 121 109 0 13 133 0 123 66 88 192 0 69 162 0 31 107 89 0 |Drone Time: 3839.076993|3839.076993,0.000000,0.000000,0.000000
Total validation: Makespan=3885.053652, Deadline violation=0.000000, Energy violation=0.000000, Capacity violation=0.000000
