INSTANCE_FILE: big_instance/200.10.1.txt
INSTANCE_BASE: 200.10.1
SOLVER: heavy
TRAFFIC: heavy
SIGMA: 0.6,0.4,0.5,0.6,0.4,0.5,0.6,0.4,0.5,0.6,0.4,0.5
RUN: 5
---SOLVER OUTPUT---
Initial solution cost: 11150.534892
Improved solution cost: 5602.428725
Worst solution cost: 5602.428725
Mean solution cost: 5602.428725
Mean elapsed time: 1611.731791 seconds
Final solution feasibility: FEASIBLE
Solution Details:
Truck Routes:
Truck 1: 0 151 41 39 2 157 181 196 24 0 156 159 12 27 133 92 97 0 |Truck Time: 5580.593280|5580.593280,0.000000,0.000000,0.000000
Truck 2: 0 130 175 117 189 22 137 13 102 69 34 147 124 0 105 178 190 176 145 46 140 18 0 |Truck Time: 5602.428725|5602.428725,0.000000,0.000000,0.000000
Truck 3: 0 135 158 187 74 128 188 113 100 75 0 131 108 109 19 163 120 16 177 154 0 |Truck Time: 5577.645381|5577.645381,0.000000,0.000000,0.000000
Truck 4: 0 57 4 70 142 186 112 59 125 115 65 198 52 49 143 60 0 86 62 53 183 180 56 0 |Truck Time: 5578.855383|5578.855383,0.000000,0.000000,0.000000
Truck 5: 0 51 126 197 33 168 9 111 122 78 30 73 139 167 29 0 173 14 146 5 32 119 58 166 194 3 0 |Truck Time: 5594.063019|5594.063019,0.000000,0.000000,0.000000
Truck 6: 0 72 104 76 17 107 160 95 171 0 35 155 94 149 98 45 37 184 25 42 169 153 129 15 0 |Truck Time: 5568.719914|5568.719914,0.000000,0.000000,0.000000
Drone Routes:
Drone 1: 0 71 93 138 170 0 1 61 103 40 0 90 165 63 127 0 134 110 77 84 0 172 174 82 0 8 7 0 144 68 0 |Drone Time: 5598.565496|5598.565496,0.000000,0.000000,0.000000
Drone 2: 0 48 55 150 0 179 99 106 66 162 0 47 0 31 195 80 0 200 191 0 38 11 50 64 0 101 0 182 121 0 89 0 |Drone Time: 5573.727579|5573.727579,0.000000,0.000000,0.000000
Drone 3: 0 185 0 83 192 28 0 123 0 36 164 43 0 132 0 23 141 0 26 116 0 10 0 |Drone Time: 5593.533884|5593.533884,0.000000,0.000000,0.000000
Drone 4: 0 54 87 0 193 6 118 0 88 96 67 0 152 85 0 81 148 44 0 199 114 0 79 20 136 0 161 0 21 91 0 |Drone Time: 5561.723485|5561.723485,0.000000,0.000000,0.000000
Total validation: Makespan=5602.428725, Deadline violation=0.000000, Energy violation=0.000000, Capacity violation=0.000000
