INSTANCE_FILE: big_instance/200.30.1.txt
INSTANCE_BASE: 200.30.1
SOLVER: heavy
TRAFFIC: heavy
SIGMA: 0.6,0.4,0.5,0.6,0.4,0.5,0.6,0.4,0.5,0.6,0.4,0.5
RUN: 2
---SOLVER OUTPUT---
Initial solution cost: 36633.914305
Improved solution cost: 22703.827265
Worst solution cost: 22703.827265
Mean solution cost: 22703.827265
Mean elapsed time: 987.277633 seconds
Final solution feasibility: FEASIBLE
Solution Details:
Truck Routes:
Truck 1: 0 128 76 98 129 0 143 115 136 0 23 27 31 0 130 187 0 |Truck Time: 22680.773046|22680.773046,0.000000,0.000000,0.000000
Truck 2: 0 176 100 0 96 92 15 158 0 192 198 0 72 65 119 107 0 |Truck Time: 22337.661498|22337.661498,0.000000,0.000000,0.000000
Truck 3: 0 1 54 137 0 113 132 0 166 24 123 19 181 0 154 7 64 118 0 157 42 152 103 169 0 |Truck Time: 22685.147926|22685.147926,0.000000,0.000000,0.000000
Truck 4: 0 199 59 0 186 139 99 0 147 170 80 16 26 0 79 109 200 44 39 0 |Truck Time: 22703.827265|22703.827265,0.000000,0.000000,0.000000
Truck 5: 0 68 194 46 0 150 67 85 112 0 135 3 12 73 144 106 0 97 0 66 168 173 0 |Truck Time: 22649.487286|22649.487286,0.000000,0.000000,0.000000
Truck 6: 0 142 2 28 90 33 0 164 177 47 9 0 190 195 196 124 146 0 191 156 174 120 175 172 0 |Truck Time: 22697.615915|22697.615915,0.000000,0.000000,0.000000
Drone Routes:
Drone 1: 0 82 155 184 0 179 171 91 180 0 49 74 193 0 161 0 41 117 0 17 116 0 37 0 71 178 0 165 0 78 0 60 5 0 149 101 0 |Drone Time: 22417.987399|22417.987399,0.000000,0.000000,0.000000
Drone 2: 0 127 0 4 0 84 0 134 0 56 63 189 0 61 0 167 145 0 86 36 0 121 131 45 140 133 30 0 70 6 0 182 51 160 0 159 69 0 102 53 0 77 183 0 |Drone Time: 22632.492853|22632.492853,0.000000,0.000000,0.000000
Drone 3: 0 125 188 108 95 0 87 52 58 0 94 0 43 34 57 93 138 148 0 32 0 197 0 18 122 0 55 0 114 8 0 141 50 0 83 0 48 0 89 40 0 |Drone Time: 22602.245745|22602.245745,0.000000,0.000000,0.000000
Drone 4: 0 14 0 13 22 0 62 25 0 38 75 0 20 81 0 88 126 0 11 105 0 163 21 0 185 162 0 110 29 0 35 153 0 10 104 0 151 111 0 |Drone Time: 22658.666695|22658.666695,0.000000,0.000000,0.000000
Total validation: Makespan=22703.827265, Deadline violation=0.000000, Energy violation=0.000000, Capacity violation=0.000000
