INSTANCE_FILE: big_instance/200.30.4.txt
INSTANCE_BASE: 200.30.4
SOLVER: light
TRAFFIC: light
SIGMA: 0.9,0.7,0.8,0.9,0.7,0.8,0.9,0.7,0.8,0.9,0.7,0.8
RUN: 1
---SOLVER OUTPUT---
Initial solution cost: 28823.147714
Improved solution cost: 13624.883124
Worst solution cost: 13624.883124
Mean solution cost: 13624.883124
Mean elapsed time: 1702.499211 seconds
Final solution feasibility: FEASIBLE
Solution Details:
Truck Routes:
Truck 1: 0 53 77 23 0 119 28 163 154 170 71 84 31 0 141 152 105 9 66 126 0 |Truck Time: 13295.454102|13295.454102,0.000000,0.000000,0.000000
Truck 2: 0 40 64 149 39 104 195 50 0 19 29 112 79 56 49 134 156 0 46 47 191 180 0 |Truck Time: 13176.717181|13176.717181,0.000000,0.000000,0.000000
Truck 3: 0 18 17 120 117 12 60 158 185 0 100 13 11 196 45 14 0 96 85 176 27 189 16 8 0 |Truck Time: 13526.954755|13526.954755,0.000000,0.000000,0.000000
Truck 4: 0 118 179 72 6 139 173 150 33 0 161 94 167 140 30 116 24 0 174 136 164 36 107 0 |Truck Time: 13624.883124|13624.883124,0.000000,0.000000,0.000000
Truck 5: 0 123 122 138 43 37 198 101 73 0 194 114 54 22 168 41 67 175 124 190 4 200 0 97 135 172 68 159 10 184 0 |Truck Time: 13133.532482|13133.532482,0.000000,0.000000,0.000000
Truck 6: 0 131 102 62 109 177 199 80 197 26 0 61 166 0 25 155 83 186 38 20 125 143 157 89 0 74 99 42 48 145 98 65 0 |Truck Time: 13619.713268|13619.713268,0.000000,0.000000,0.000000
Drone Routes:
Drone 1: 0 171 0 88 69 90 0 169 130 103 57 0 86 59 148 0 82 127 0 44 147 0 51 32 0 |Drone Time: 13354.951748|13354.951748,0.000000,0.000000,0.000000
Drone 2: 0 58 178 110 0 63 182 0 1 92 70 0 93 0 128 0 21 0 144 0 160 95 0 |Drone Time: 13596.022066|13596.022066,0.000000,0.000000,0.000000
Drone 3: 0 87 0 188 153 0 132 113 15 0 2 181 75 0 76 0 129 35 5 0 106 0 7 81 0 151 0 |Drone Time: 13422.515865|13422.515865,0.000000,0.000000,0.000000
Drone 4: 0 165 193 34 146 0 183 78 91 0 108 115 111 192 0 52 142 55 121 0 137 0 133 187 0 3 0 162 0 |Drone Time: 13286.504341|13286.504341,0.000000,0.000000,0.000000
Total validation: Makespan=13624.883124, Deadline violation=0.000000, Energy violation=0.000000, Capacity violation=0.000000
