INSTANCE_FILE: big_instance/200.10.3.txt
INSTANCE_BASE: 200.10.3
SOLVER: light
TRAFFIC: light
SIGMA: 0.9,0.7,0.8,0.9,0.7,0.8,0.9,0.7,0.8,0.9,0.7,0.8
RUN: 4
---SOLVER OUTPUT---
Initial solution cost: 8028.301096
Improved solution cost: 3504.847361
Worst solution cost: 3504.847361
Mean solution cost: 3504.847361
Mean elapsed time: 1813.842217 seconds
Final solution feasibility: FEASIBLE
Solution Details:
Truck Routes:
Truck 1: 0 76 96 193 194 104 169 98 107 15 6 70 33 21 124 40 199 182 58 160 17 0 137 79 0 |Truck Time: 3474.710427|3474.710427,0.000000,0.000000,0.000000
Truck 2: 0 172 108 55 121 136 175 87 90 129 181 54 168 10 74 34 126 99 110 127 86 26 93 0 27 0 |Truck Time: 3476.839598|3476.839598,0.000000,0.000000,0.000000
Truck 3: 0 148 69 78 111 13 133 1 14 184 84 103 140 80 82 83 117 120 161 122 118 97 132 0 |Truck Time: 3504.847361|3504.847361,0.000000,0.000000,0.000000
Truck 4: 0 23 5 18 2 65 190 100 42 73 31 171 130 29 68 112 170 188 36 47 3 186 0 |Truck Time: 3492.933995|3492.933995,0.000000,0.000000,0.000000
Truck 5: 0 154 62 101 114 71 88 157 166 72 92 56 85 8 180 75 144 162 52 41 125 46 16 0 |Truck Time: 3488.394339|3488.394339,0.000000,0.000000,0.000000
Truck 6: 0 149 150 102 91 185 200 66 50 7 143 25 89 128 35 191 38 197 95 198 134 49 0 |Truck Time: 3494.909640|3494.909640,0.000000,0.000000,0.000000
Drone Routes:
Drone 1: 0 77 19 141 131 0 145 146 196 156 0 151 173 43 0 57 63 116 115 0 123 0 176 0 |Drone Time: 3498.138150|3498.138150,0.000000,0.000000,0.000000
Drone 2: 0 163 159 113 178 142 81 4 0 152 32 60 105 0 59 30 0 167 20 0 109 153 0 |Drone Time: 3477.869933|3477.869933,0.000000,0.000000,0.000000
Drone 3: 0 37 195 9 24 187 0 165 147 189 28 64 0 158 135 183 0 39 22 0 11 155 0 |Drone Time: 3474.498875|3474.498875,0.000000,0.000000,0.000000
Drone 4: 0 67 51 48 174 179 0 12 119 94 53 0 164 138 192 0 177 44 139 45 61 0 106 0 |Drone Time: 3504.827943|3504.827943,0.000000,0.000000,0.000000
Total validation: Makespan=3504.847361, Deadline violation=0.000000, Energy violation=0.000000, Capacity violation=0.000000
