INSTANCE_FILE: big_instance/200.30.1.txt
INSTANCE_BASE: 200.30.1
SOLVER: light
TRAFFIC: light
SIGMA: 0.9,0.7,0.8,0.9,0.7,0.8,0.9,0.7,0.8,0.9,0.7,0.8
RUN: 5
---SOLVER OUTPUT---
Initial solution cost: 28813.288766
Improved solution cost: 13183.470523
Worst solution cost: 13183.470523
Mean solution cost: 13183.470523
Mean elapsed time: 1534.259911 seconds
Final solution feasibility: FEASIBLE
Solution Details:
Truck Routes:
Truck 1: 0 96 53 116 19 0 143 79 5 188 109 60 0 33 28 128 90 129 0 |Truck Time: 12962.438782|12962.438782,0.000000,0.000000,0.000000
Truck 2: 0 59 197 179 18 0 187 163 130 74 88 84 126 159 175 183 0 119 65 4 8 76 118 0 |Truck Time: 13160.193429|13160.193429,0.000000,0.000000,0.000000
Truck 3: 0 157 152 42 69 172 77 150 0 176 185 101 52 153 29 46 7 0 144 75 12 3 94 38 167 0 |Truck Time: 13036.492912|13036.492912,0.000000,0.000000,0.000000
Truck 4: 0 186 139 48 61 137 0 168 92 66 15 17 158 181 0 142 105 11 2 0 |Truck Time: 13183.470523|13183.470523,0.000000,0.000000,0.000000
Truck 5: 0 1 191 156 174 13 193 120 54 0 31 151 27 23 99 132 113 67 85 0 154 148 83 117 134 194 100 0 |Truck Time: 13155.068563|13155.068563,0.000000,0.000000,0.000000
Truck 6: 0 64 80 14 195 196 136 26 0 73 135 166 24 123 173 55 102 198 106 0 124 190 115 9 47 177 200 127 97 0 |Truck Time: 13014.628490|13014.628490,0.000000,0.000000,0.000000
Drone Routes:
Drone 1: 0 32 0 160 51 108 39 0 114 107 192 0 78 0 50 141 0 71 178 0 121 140 21 45 0 |Drone Time: 13178.084099|13178.084099,0.000000,0.000000,0.000000
Drone 2: 0 122 91 171 49 0 62 25 95 0 169 103 180 0 36 86 68 0 40 89 0 147 170 0 87 145 72 0 16 0 |Drone Time: 13135.477550|13135.477550,0.000000,0.000000,0.000000
Drone 3: 0 30 133 6 0 41 138 93 10 0 104 57 34 0 162 155 184 58 0 44 164 82 0 35 98 146 112 0 125 111 131 0 |Drone Time: 13158.786100|13158.786100,0.000000,0.000000,0.000000
Drone 4: 0 22 70 0 56 63 182 189 0 149 110 43 0 199 0 165 0 161 0 20 81 0 37 0 |Drone Time: 13173.271033|13173.271033,0.000000,0.000000,0.000000
Total validation: Makespan=13183.470523, Deadline violation=0.000000, Energy violation=0.000000, Capacity violation=0.000000
