INSTANCE_FILE: big_instance/200.10.4.txt
INSTANCE_BASE: 200.10.4
SOLVER: light
TRAFFIC: light
SIGMA: 0.9,0.7,0.8,0.9,0.7,0.8,0.9,0.7,0.8,0.9,0.7,0.8
RUN: 4
---SOLVER OUTPUT---
Initial solution cost: 7653.980454
Improved solution cost: 3924.100298
Worst solution cost: 3924.100298
Mean solution cost: 3924.100298
Mean elapsed time: 1926.822512 seconds
Final solution feasibility: FEASIBLE
Solution Details:
Truck Routes:
Truck 1: 0 140 200 17 143 86 9 123 33 60 80 61 94 193 111 81 73 78 181 104 24 0 183 97 102 35 0 |Truck Time: 3916.069859|3916.069859,0.000000,0.000000,0.000000
Truck 2: 0 12 199 45 95 92 154 156 25 127 39 137 27 151 171 131 19 18 120 62 149 129 163 135 100 43 0 |Truck Time: 3878.563728|3878.563728,0.000000,0.000000,0.000000
Truck 3: 0 118 138 7 85 64 167 174 130 194 8 175 63 49 178 54 72 70 37 112 146 71 68 30 1 20 10 0 |Truck Time: 3879.779346|3879.779346,0.000000,0.000000,0.000000
Truck 4: 0 148 26 176 41 136 59 87 84 0 105 187 186 128 160 188 16 153 5 182 0 |Truck Time: 3924.100298|3924.100298,0.000000,0.000000,0.000000
Truck 5: 0 90 125 168 184 166 114 40 158 0 157 13 28 57 53 82 195 185 119 132 110 108 99 0 |Truck Time: 3918.670055|3918.670055,0.000000,0.000000,0.000000
Truck 6: 0 47 180 134 14 179 124 113 55 76 165 170 198 79 46 0 101 189 21 145 38 51 190 77 0 |Truck Time: 3923.227446|3923.227446,0.000000,0.000000,0.000000
Drone Routes:
Drone 1: 0 3 93 34 0 116 169 172 0 142 109 155 36 0 58 0 141 88 6 0 48 69 0 |Drone Time: 3921.187599|3921.187599,0.000000,0.000000,0.000000
Drone 2: 0 106 0 121 32 161 191 11 122 0 96 0 196 0 91 144 98 0 66 31 0 42 0 |Drone Time: 3916.850014|3916.850014,0.000000,0.000000,0.000000
Drone 3: 0 56 50 152 0 44 150 173 0 115 0 74 22 139 0 23 0 52 162 0 65 75 0 |Drone Time: 3893.504352|3893.504352,0.000000,0.000000,0.000000
Drone 4: 0 4 2 192 197 0 133 67 177 159 29 83 0 117 147 126 0 107 89 15 164 103 0 |Drone Time: 3905.028869|3905.028869,0.000000,0.000000,0.000000
Total validation: Makespan=3924.100298, Deadline violation=0.000000, Energy violation=0.000000, Capacity violation=0.000000
