INSTANCE_FILE: big_instance/200.20.2.txt
INSTANCE_BASE: 200.20.2
SOLVER: light
TRAFFIC: light
SIGMA: 0.9,0.7,0.8,0.9,0.7,0.8,0.9,0.7,0.8,0.9,0.7,0.8
RUN: 5
---SOLVER OUTPUT---
Initial solution cost: 17425.702742
Improved solution cost: 7711.917874
Worst solution cost: 7711.917874
Mean solution cost: 7711.917874
Mean elapsed time: 1655.241767 seconds
Final solution feasibility: FEASIBLE
Solution Details:
Truck Routes:
Truck 1: 0 191 50 120 189 168 123 12 124 27 40 192 0 52 104 187 180 107 10 48 36 0 |Truck Time: 7711.917874|7711.917874,0.000000,0.000000,0.000000
Truck 2: 0 99 183 17 176 197 70 24 143 121 182 125 81 0 32 89 34 90 141 82 28 139 0 |Truck Time: 7644.646309|7644.646309,0.000000,0.000000,0.000000
Truck 3: 0 172 77 71 160 119 140 64 41 3 2 0 42 8 87 25 35 151 76 0 |Truck Time: 7711.667781|7711.667781,0.000000,0.000000,0.000000
Truck 4: 0 153 0 112 29 84 144 68 108 38 131 75 137 0 179 43 171 105 83 175 148 181 117 0 |Truck Time: 7579.092993|7579.092993,0.000000,0.000000,0.000000
Truck 5: 0 157 57 122 118 21 102 73 156 166 127 18 39 161 185 0 31 62 114 101 174 96 164 194 195 55 146 91 0 |Truck Time: 7704.238320|7704.238320,0.000000,0.000000,0.000000
Truck 6: 0 184 126 54 56 88 97 178 111 78 45 165 0 132 200 113 138 145 79 155 98 130 92 0 |Truck Time: 7692.468337|7692.468337,0.000000,0.000000,0.000000
Drone Routes:
Drone 1: 0 30 14 7 0 199 86 16 150 47 0 128 26 0 4 115 0 94 163 72 0 5 66 0 142 190 59 0 |Drone Time: 7675.850217|7675.850217,0.000000,0.000000,0.000000
Drone 2: 0 134 109 11 19 69 0 100 154 0 198 136 85 188 0 51 22 15 0 110 0 74 0 103 173 0 |Drone Time: 7694.184713|7694.184713,0.000000,0.000000,0.000000
Drone 3: 0 95 65 167 0 61 193 58 106 0 46 33 149 67 0 169 37 20 0 63 6 0 |Drone Time: 7701.350924|7701.350924,0.000000,0.000000,0.000000
Drone 4: 0 162 133 135 158 0 129 23 170 152 0 186 116 60 0 159 9 44 177 0 196 13 93 0 1 147 0 80 0 53 49 0 |Drone Time: 7693.028462|7693.028462,0.000000,0.000000,0.000000
Total validation: Makespan=7711.917874, Deadline violation=0.000000, Energy violation=0.000000, Capacity violation=0.000000
