INSTANCE_FILE: big_instance/200.30.2.txt
INSTANCE_BASE: 200.30.2
SOLVER: light
TRAFFIC: light
SIGMA: 0.9,0.7,0.8,0.9,0.7,0.8,0.9,0.7,0.8,0.9,0.7,0.8
RUN: 2
---SOLVER OUTPUT---
Initial solution cost: 27957.480651
Improved solution cost: 13464.479598
Worst solution cost: 13464.479598
Mean solution cost: 13464.479598
Mean elapsed time: 1745.603713 seconds
Final solution feasibility: FEASIBLE
Solution Details:
Truck Routes:
Truck 1: 0 126 165 31 0 174 49 138 72 180 131 77 79 0 60 23 99 185 44 133 0 |Truck Time: 13441.747846|13441.747846,0.000000,0.000000,0.000000
Truck 2: 0 142 61 47 150 96 0 27 176 188 117 132 186 169 148 18 0 171 158 11 34 65 135 67 89 75 0 183 55 68 198 187 10 56 33 0 |Truck Time: 13397.854854|13397.854854,0.000000,0.000000,0.000000
Truck 3: 0 69 2 151 29 111 5 0 161 107 146 140 147 85 48 103 0 153 21 45 129 82 125 182 134 7 0 73 0 |Truck Time: 13323.593823|13323.593823,0.000000,0.000000,0.000000
Truck 4: 0 194 1 4 102 26 86 46 0 74 91 78 122 108 179 195 0 20 192 64 66 62 98 0 |Truck Time: 13453.093916|13453.093916,0.000000,0.000000,0.000000
Truck 5: 0 156 38 175 90 19 0 36 63 154 24 119 0 190 114 58 170 110 0 |Truck Time: 13464.479598|13464.479598,0.000000,0.000000,0.000000
Truck 6: 0 3 115 17 83 149 32 162 0 184 113 43 39 136 101 172 40 0 80 167 193 6 164 160 100 51 0 |Truck Time: 13454.132227|13454.132227,0.000000,0.000000,0.000000
Drone Routes:
Drone 1: 0 50 0 16 0 22 144 0 35 13 57 0 37 173 0 93 88 118 116 0 97 128 0 |Drone Time: 13374.565974|13374.565974,0.000000,0.000000,0.000000
Drone 2: 0 12 127 0 157 71 0 109 105 197 0 155 141 0 177 0 189 191 0 181 199 123 0 87 14 0 |Drone Time: 13381.885316|13381.885316,0.000000,0.000000,0.000000
Drone 3: 0 112 94 25 168 152 0 178 92 76 0 130 120 166 143 0 121 95 0 200 0 163 0 59 145 0 |Drone Time: 13423.049012|13423.049012,0.000000,0.000000,0.000000
Drone 4: 0 124 0 70 104 53 0 84 139 41 52 0 81 42 159 0 54 28 137 0 30 15 0 8 106 9 0 196 0 |Drone Time: 13446.364741|13446.364741,0.000000,0.000000,0.000000
Total validation: Makespan=13464.479598, Deadline violation=0.000000, Energy violation=0.000000, Capacity violation=0.000000
