INSTANCE_FILE: big_instance/200.30.4.txt
INSTANCE_BASE: 200.30.4
SOLVER: heavy
TRAFFIC: heavy
SIGMA: 0.6,0.4,0.5,0.6,0.4,0.5,0.6,0.4,0.5,0.6,0.4,0.5
RUN: 4
---SOLVER OUTPUT---
Initial solution cost: 40167.507379
Improved solution cost: 23921.150575
Worst solution cost: 23921.150575
Mean solution cost: 23921.150575
Mean elapsed time: 1304.911268 seconds
Final solution feasibility: FEASIBLE
Solution Details:
Truck Routes:
Truck 1: 0 135 0 48 145 98 0 191 8 0 154 155 0 |Truck Time: 23921.150575|23921.150575,0.000000,0.000000,0.000000
Truck 2: 0 64 104 0 149 114 124 4 0 86 28 120 17 5 0 61 0 43 138 122 37 159 184 0 |Truck Time: 23827.995630|23827.995630,0.000000,0.000000,0.000000
Truck 3: 0 89 166 185 3 26 0 137 195 194 151 192 0 140 196 168 41 67 200 0 83 186 38 143 0 25 119 71 170 88 0 |Truck Time: 23883.751465|23883.751465,0.000000,0.000000,0.000000
Truck 4: 0 174 36 0 77 60 18 84 31 0 96 0 35 171 182 53 23 0 |Truck Time: 23884.733709|23884.733709,0.000000,0.000000,0.000000
Truck 5: 0 173 121 40 50 197 0 87 10 0 179 72 118 33 0 101 198 73 80 0 19 29 47 113 132 46 0 |Truck Time: 23913.555075|23913.555075,0.000000,0.000000,0.000000
Truck 6: 0 131 102 62 0 199 177 0 22 13 11 54 0 56 95 0 190 175 161 24 20 125 157 0 |Truck Time: 23879.625483|23879.625483,0.000000,0.000000,0.000000
Drone Routes:
Drone 1: 0 79 0 134 0 68 0 2 82 0 16 0 180 0 144 0 106 0 39 100 0 49 0 99 0 111 30 0 153 0 85 51 44 0 7 81 0 |Drone Time: 23912.625846|23912.625846,0.000000,0.000000,0.000000
Drone 2: 0 58 178 110 0 126 156 0 117 0 45 0 97 123 1 0 116 0 27 32 189 0 146 34 112 160 0 65 0 93 0 92 107 0 70 136 0 6 0 9 0 12 0 |Drone Time: 23920.499885|23920.499885,0.000000,0.000000,0.000000
Drone 3: 0 128 0 188 163 0 169 130 103 57 0 139 55 52 108 115 0 75 66 0 94 0 193 0 69 90 0 158 141 0 176 0 105 148 0 133 164 0 |Drone Time: 23920.345661|23920.345661,0.000000,0.000000,0.000000
Drone 4: 0 109 42 74 150 0 142 78 91 0 167 0 187 15 0 63 165 0 14 0 183 21 0 129 59 0 152 181 0 162 0 76 0 172 147 0 127 0 |Drone Time: 23919.421681|23919.421681,0.000000,0.000000,0.000000
Total validation: Makespan=23921.150575, Deadline violation=0.000000, Energy violation=0.000000, Capacity violation=0.000000
