trucks_count 3
drones_count 3
customers 20
depot 0.0000 0.0000
Coordinate X         Coordinate Y         Dronable Demand
X	Y	Dronable	Demand	Drone_service	Truck_service	Lw
7837.3994	-4489.9976	1.0	1.6311	73.8	73.8	3600.0
7103.3821	-5897.8158	1.0	1.4265	46.1	46.1	3600.0
-2504.2257	-5782.4879	1.0	0.7465	57.4	57.4	3600.0
7779.9407	-4618.3399	1.0	0.3954	55.0	55.0	3600.0
-3237.7042	-3601.1390	1.0	1.9187	78.1	78.1	3600.0
4933.0594	-8231.5884	1.0	0.7395	75.5	75.5	3600.0
-1181.8910	-639.6104	1.0	0.2762	85.1	85.1	3600.0
-609.8247	-478.8054	1.0	0.2838	48.9	48.9	3600.0
1157.4026	699.8069	1.0	1.7102	64.0	64.0	3600.0
-430.4915	-186.2783	1.0	1.2471	46.3	46.3	3600.0
5898.7725	-7364.9133	1.0	1.6335	54.8	54.8	3600.0
-972.0308	-624.2908	1.0	1.4865	67.7	67.7	3600.0
-2243.6198	-4638.0850	1.0	1.1188	46.2	46.2	3600.0
-827.5980	6.3763	1.0	1.9489	53.9	53.9	3600.0
996.1014	1267.6267	1.0	0.8192	74.2	74.2	3600.0
6381.1122	-6824.5660	1.0	1.1489	69.5	69.5	3600.0
1292.7190	1230.7949	1.0	1.6759	54.9	54.9	3600.0
-409.3762	78.3121	1.0	1.2752	71.5	71.5	3600.0
5977.1752	-7285.0218	1.0	1.7372	81.4	81.4	3600.0
6503.1621	-6673.2808	1.0	1.1970	45.3	45.3	3600.0
arc_sigma_start
0 1 0.9091 0.6250 0.8333 0.8000 0.8696 0.6667
0 2 0.9091 0.6250 0.8333 0.8000 0.8696 0.6667
0 3 0.9091 0.6250 0.8333 0.8000 0.8696 0.6667
0 4 0.9091 0.6250 0.8333 0.8000 0.8696 0.6667
0 5 0.9091 0.6250 0.8333 0.8000 0.8696 0.6667
0 6 0.9091 0.6250 0.8333 0.8000 0.8696 0.6667
0 7 0.9091 0.6250 0.8333 0.8000 0.8696 0.6667
0 8 0.9091 0.6250 0.8333 0.8000 0.8696 0.6667
0 9 0.9091 0.6250 0.8333 0.8000 0.8696 0.6667
0 10 0.9091 0.6250 0.8333 0.8000 0.8696 0.6667
0 11 0.9091 0.6250 0.8333 0.8000 0.8696 0.6667
0 12 0.9091 0.6250 0.8333 0.8000 0.8696 0.6667
0 13 0.9091 0.6250 0.8333 0.8000 0.8696 0.6667
0 14 0.9091 0.6250 0.8333 0.8000 0.8696 0.6667
0 15 0.9091 0.6250 0.8333 0.8000 0.8696 0.6667
0 16 0.9091 0.6250 0.8333 0.8000 0.8696 0.6667
0 17 0.9091 0.6250 0.8333 0.8000 0.8696 0.6667
0 18 0.9091 0.6250 0.8333 0.8000 0.8696 0.6667
0 19 0.9091 0.6250 0.8333 0.8000 0.8696 0.6667
0 20 0.9091 0.6250 0.8333 0.8000 0.8696 0.6667
1 0 0.9091 0.6250 0.8333 0.8000 0.8696 0.6667
1 2 0.9091 0.6250 0.8333 0.8000 0.8696 0.6667
1 3 0.9091 0.6250 0.8333 0.8000 0.8696 0.6667
1 4 0.9091 0.6250 0.8333 0.8000 0.8696 0.6667
1 5 0.9091 0.6250 0.8333 0.8000 0.8696 0.6667
1 6 0.9091 0.6250 0.8333 0.8000 0.8696 0.6667
1 7 0.9091 0.6250 0.8333 0.8000 0.8696 0.6667
1 8 0.9091 0.6250 0.8333 0.8000 0.8696 0.6667
1 9 0.9091 0.6250 0.8333 0.8000 0.8696 0.6667
1 10 0.9091 0.6250 0.8333 0.8000 0.8696 0.6667
1 11 0.9091 0.6250 0.8333 0.8000 0.8696 0.6667
1 12 0.9091 0.6250 0.8333 0.8000 0.8696 0.6667
1 13 0.9091 0.6250 0.8333 0.8000 0.8696 0.6667
1 14 0.9091 0.6250 0.8333 0.8000 0.8696 0.6667
1 15 0.9091 0.6250 0.8333 0.8000 0.8696 0.6667
1 16 0.9091 0.6250 0.8333 0.8000 0.8696 0.6667
1 17 0.9091 0.6250 0.8333 0.8000 0.8696 0.6667
1 18 0.9091 0.6250 0.8333 0.8000 0.8696 0.6667
1 19 0.9091 0.6250 0.8333 0.8000 0.8696 0.6667
1 20 0.9091 0.6250 0.8333 0.8000 0.8696 0.6667
2 0 0.9091 0.6250 0.8333 0.8000 0.8696 0.6667
2 1 0.9091 0.6250 0.8333 0.8000 0.8696 0.6667
2 3 0.9091 0.6250 0.8333 0.8000 0.8696 0.6667
2 4 0.9091 0.6250 0.8333 0.8000 0.8696 0.6667
2 5 0.9091 0.6250 0.8333 0.8000 0.8696 0.6667
2 6 0.9091 0.6250 0.8333 0.8000 0.8696 0.6667
2 7 0.9091 0.6250 0.8333 0.8000 0.8696 0.6667
2 8 0.9091 0.6250 0.8333 0.8000 0.8696 0.6667
2 9 0.9091 0.6250 0.8333 0.8000 0.8696 0.6667
2 10 0.9091 0.6250 0.8333 0.8000 0.8696 0.6667
2 11 0.9091 0.6250 0.8333 0.8000 0.8696 0.6667
2 12 0.9091 0.6250 0.8333 0.8000 0.8696 0.6667
2 13 0.9091 0.6250 0.8333 0.8000 0.8696 0.6667
2 14 0.9091 0.6250 0.8333 0.8000 0.8696 0.6667
2 15 0.9091 0.6250 0.8333 0.8000 0.8696 0.6667
2 16 0.9091 0.6250 0.8333 0.8000 0.8696 0.6667
2 17 0.9091 0.6250 0.8333 0.8000 0.8696 0.6667
2 18 0.9091 0.6250 0.8333 0.8000 0.8696 0.6667
2 19 0.9091 0.6250 0.8333 0.8000 0.8696 0.6667
2 20 0.9091 0.6250 0.8333 0.8000 0.8696 0.6667
3 0 0.9091 0.6250 0.8333 0.8000 0.8696 0.6667
3 1 0.9091 0.6250 0.8333 0.8000 0.8696 0.6667
3 2 0.9091 0.6250 0.8333 0.8000 0.8696 0.6667
3 4 0.9091 0.6250 0.8333 0.8000 0.8696 0.6667
3 5 0.9091 0.6250 0.8333 0.8000 0.8696 0.6667
3 6 0.9091 0.6250 0.8333 0.8000 0.8696 0.6667
3 7 0.9091 0.6250 0.8333 0.8000 0.8696 0.6667
3 8 0.9091 0.6250 0.8333 0.8000 0.8696 0.6667
3 9 0.9091 0.6250 0.8333 0.8000 0.8696 0.6667
3 10 0.9091 0.6250 0.8333 0.8000 0.8696 0.6667
3 11 0.9091 0.6250 0.8333 0.8000 0.8696 0.6667
3 12 0.9091 0.6250 0.8333 0.8000 0.8696 0.6667
3 13 0.9091 0.6250 0.8333 0.8000 0.8696 0.6667
3 14 0.9091 0.6250 0.8333 0.8000 0.8696 0.6667
3 15 0.9091 0.6250 0.8333 0.8000 0.8696 0.6667
3 16 0.9091 0.6250 0.8333 0.8000 0.8696 0.6667
3 17 0.9091 0.6250 0.8333 0.8000 0.8696 0.6667
3 18 0.9091 0.6250 0.8333 0.8000 0.8696 0.6667
3 19 0.9091 0.6250 0.8333 0.8000 0.8696 0.6667
3 20 0.9091 0.6250 0.8333 0.8000 0.8696 0.6667
4 0 0.9091 0.6250 0.8333 0.8000 0.8696 0.6667
4 1 0.9091 0.6250 0.8333 0.8000 0.8696 0.6667
4 2 0.9091 0.6250 0.8333 0.8000 0.8696 0.6667
4 3 0.9091 0.6250 0.8333 0.8000 0.8696 0.6667
4 5 0.9091 0.6250 0.8333 0.8000 0.8696 0.6667
4 6 0.9091 0.6250 0.8333 0.8000 0.8696 0.6667
4 7 0.9091 0.6250 0.8333 0.8000 0.8696 0.6667
4 8 0.9091 0.6250 0.8333 0.8000 0.8696 0.6667
4 9 0.9091 0.6250 0.8333 0.8000 0.8696 0.6667
4 10 0.9091 0.6250 0.8333 0.8000 0.8696 0.6667
4 11 0.9091 0.6250 0.8333 0.8000 0.8696 0.6667
4 12 0.9091 0.6250 0.8333 0.8000 0.8696 0.6667
4 13 0.9091 0.6250 0.8333 0.8000 0.8696 0.6667
4 14 0.9091 0.6250 0.8333 0.8000 0.8696 0.6667
4 15 0.9091 0.6250 0.8333 0.8000 0.8696 0.6667
4 16 0.9091 0.6250 0.8333 0.8000 0.8696 0.6667
4 17 0.9091 0.6250 0.8333 0.8000 0.8696 0.6667
4 18 0.9091 0.6250 0.8333 0.8000 0.8696 0.6667
4 19 0.9091 0.6250 0.8333 0.8000 0.8696 0.6667
4 20 0.9091 0.6250 0.8333 0.8000 0.8696 0.6667
5 0 0.9091 0.6250 0.8333 0.8000 0.8696 0.6667
5 1 0.9091 0.6250 0.8333 0.8000 0.8696 0.6667
5 2 0.9091 0.6250 0.8333 0.8000 0.8696 0.6667
5 3 0.9091 0.6250 0.8333 0.8000 0.8696 0.6667
5 4 0.9091 0.6250 0.8333 0.8000 0.8696 0.6667
5 6 0.9091 0.6250 0.8333 0.8000 0.8696 0.6667
5 7 0.9091 0.6250 0.8333 0.8000 0.8696 0.6667
5 8 0.9091 0.6250 0.8333 0.8000 0.8696 0.6667
5 9 0.9091 0.6250 0.8333 0.8000 0.8696 0.6667
5 10 0.9091 0.6250 0.8333 0.8000 0.8696 0.6667
5 11 0.9091 0.6250 0.8333 0.8000 0.8696 0.6667
5 12 0.9091 0.6250 0.8333 0.8000 0.8696 0.6667
5 13 0.9091 0.6250 0.8333 0.8000 0.8696 0.6667
5 14 0.9091 0.6250 0.8333 0.8000 0.8696 0.6667
5 15 0.9091 0.6250 0.8333 0.8000 0.8696 0.6667
5 16 0.9091 0.6250 0.8333 0.8000 0.8696 0.6667
5 17 0.9091 0.6250 0.8333 0.8000 0.8696 0.6667
5 18 0.9091 0.6250 0.8333 0.8000 0.8696 0.6667
5 19 0.9091 0.6250 0.8333 0.8000 0.8696 0.6667
5 20 0.9091 0.6250 0.8333 0.8000 0.8696 0.6667
6 0 0.9091 0.6250 0.8333 0.8000 0.8696 0.6667
6 1 0.9091 0.6250 0.8333 0.8000 0.8696 0.6667
6 2 0.9091 0.6250 0.8333 0.8000 0.8696 0.6667
6 3 0.9091 0.6250 0.8333 0.8000 0.8696 0.6667
6 4 0.9091 0.6250 0.8333 0.8000 0.8696 0.6667
6 5 0.9091 0.6250 0.8333 0.8000 0.8696 0.6667
6 7 0.9091 0.6250 0.8333 0.8000 0.8696 0.6667
6 8 0.9091 0.6250 0.8333 0.8000 0.8696 0.6667
6 9 0.9091 0.6250 0.8333 0.8000 0.8696 0.6667
6 10 0.9091 0.6250 0.8333 0.8000 0.8696 0.6667
6 11 0.9091 0.6250 0.8333 0.8000 0.8696 0.6667
6 12 0.9091 0.6250 0.8333 0.8000 0.8696 0.6667
6 13 0.9091 0.6250 0.8333 0.8000 0.8696 0.6667
6 14 0.9091 0.6250 0.8333 0.8000 0.8696 0.6667
6 15 0.9091 0.6250 0.8333 0.8000 0.8696 0.6667
6 16 0.9091 0.6250 0.8333 0.8000 0.8696 0.6667
6 17 0.9091 0.6250 0.8333 0.8000 0.8696 0.6667
6 18 0.9091 0.6250 0.8333 0.8000 0.8696 0.6667
6 19 0.9091 0.6250 0.8333 0.8000 0.8696 0.6667
6 20 0.9091 0.6250 0.8333 0.8000 0.8696 0.6667
7 0 0.9091 0.6250 0.8333 0.8000 0.8696 0.6667
7 1 0.9091 0.6250 0.8333 0.8000 0.8696 0.6667
7 2 0.9091 0.6250 0.8333 0.8000 0.8696 0.6667
7 3 0.9091 0.6250 0.8333 0.8000 0.8696 0.6667
7 4 0.9091 0.6250 0.8333 0.8000 0.8696 0.6667
7 5 0.9091 0.6250 0.8333 0.8000 0.8696 0.6667
7 6 0.9091 0.6250 0.8333 0.8000 0.8696 0.6667
7 8 0.9091 0.6250 0.8333 0.8000 0.8696 0.6667
7 9 0.9091 0.6250 0.8333 0.8000 0.8696 0.6667
7 10 0.9091 0.6250 0.8333 0.8000 0.8696 0.6667
7 11 0.9091 0.6250 0.8333 0.8000 0.8696 0.6667
7 12 0.9091 0.6250 0.8333 0.8000 0.8696 0.6667
7 13 0.9091 0.6250 0.8333 0.8000 0.8696 0.6667
7 14 0.9091 0.6250 0.8333 0.8000 0.8696 0.6667
7 15 0.9091 0.6250 0.8333 0.8000 0.8696 0.6667
7 16 0.9091 0.6250 0.8333 0.8000 0.8696 0.6667
7 17 0.9091 0.6250 0.8333 0.8000 0.8696 0.6667
7 18 0.9091 0.6250 0.8333 0.8000 0.8696 0.6667
7 19 0.9091 0.6250 0.8333 0.8000 0.8696 0.6667
7 20 0.9091 0.6250 0.8333 0.8000 0.8696 0.6667
8 0 0.9091 0.6250 0.8333 0.8000 0.8696 0.6667
8 1 0.9091 0.6250 0.8333 0.8000 0.8696 0.6667
8 2 0.9091 0.6250 0.8333 0.8000 0.8696 0.6667
8 3 0.9091 0.6250 0.8333 0.8000 0.8696 0.6667
8 4 0.9091 0.6250 0.8333 0.8000 0.8696 0.6667
8 5 0.9091 0.6250 0.8333 0.8000 0.8696 0.6667
8 6 0.9091 0.6250 0.8333 0.8000 0.8696 0.6667
8 7 0.9091 0.6250 0.8333 0.8000 0.8696 0.6667
8 9 0.9091 0.6250 0.8333 0.8000 0.8696 0.6667
8 10 0.9091 0.6250 0.8333 0.8000 0.8696 0.6667
8 11 0.9091 0.6250 0.8333 0.8000 0.8696 0.6667
8 12 0.9091 0.6250 0.8333 0.8000 0.8696 0.6667
8 13 0.9091 0.6250 0.8333 0.8000 0.8696 0.6667
8 14 0.9091 0.6250 0.8333 0.8000 0.8696 0.6667
8 15 0.9091 0.6250 0.8333 0.8000 0.8696 0.6667
8 16 0.9091 0.6250 0.8333 0.8000 0.8696 0.6667
8 17 0.9091 0.6250 0.8333 0.8000 0.8696 0.6667
8 18 0.9091 0.6250 0.8333 0.8000 0.8696 0.6667
8 19 0.9091 0.6250 0.8333 0.8000 0.8696 0.6667
8 20 0.9091 0.6250 0.8333 0.8000 0.8696 0.6667
9 0 0.9091 0.6250 0.8333 0.8000 0.8696 0.6667
9 1 0.9091 0.6250 0.8333 0.8000 0.8696 0.6667
9 2 0.9091 0.6250 0.8333 0.8000 0.8696 0.6667
9 3 0.9091 0.6250 0.8333 0.8000 0.8696 0.6667
9 4 0.9091 0.6250 0.8333 0.8000 0.8696 0.6667
9 5 0.9091 0.6250 0.8333 0.8000 0.8696 0.6667
9 6 0.9091 0.6250 0.8333 0.8000 0.8696 0.6667
9 7 0.9091 0.6250 0.8333 0.8000 0.8696 0.6667
9 8 0.9091 0.6250 0.8333 0.8000 0.8696 0.6667
9 10 0.9091 0.6250 0.8333 0.8000 0.8696 0.6667
9 11 0.9091 0.6250 0.8333 0.8000 0.8696 0.6667
9 12 0.9091 0.6250 0.8333 0.8000 0.8696 0.6667
9 13 0.9091 0.6250 0.8333 0.8000 0.8696 0.6667
9 14 0.9091 0.6250 0.8333 0.8000 0.8696 0.6667
9 15 0.9091 0.6250 0.8333 0.8000 0.8696 0.6667
9 16 0.9091 0.6250 0.8333 0.8000 0.8696 0.6667
9 17 0.9091 0.6250 0.8333 0.8000 0.8696 0.6667
9 18 0.9091 0.6250 0.8333 0.8000 0.8696 0.6667
9 19 0.9091 0.6250 0.8333 0.8000 0.8696 0.6667
9 20 0.9091 0.6250 0.8333 0.8000 0.8696 0.6667
10 0 0.9091 0.6250 0.8333 0.8000 0.8696 0.6667
10 1 0.9091 0.6250 0.8333 0.8000 0.8696 0.6667
10 2 0.9091 0.6250 0.8333 0.8000 0.8696 0.6667
10 3 0.9091 0.6250 0.8333 0.8000 0.8696 0.6667
10 4 0.9091 0.6250 0.8333 0.8000 0.8696 0.6667
10 5 0.9091 0.6250 0.8333 0.8000 0.8696 0.6667
10 6 0.9091 0.6250 0.8333 0.8000 0.8696 0.6667
10 7 0.9091 0.6250 0.8333 0.8000 0.8696 0.6667
10 8 0.9091 0.6250 0.8333 0.8000 0.8696 0.6667
10 9 0.9091 0.6250 0.8333 0.8000 0.8696 0.6667
10 11 0.9091 0.6250 0.8333 0.8000 0.8696 0.6667
10 12 0.9091 0.6250 0.8333 0.8000 0.8696 0.6667
10 13 0.9091 0.6250 0.8333 0.8000 0.8696 0.6667
10 14 0.9091 0.6250 0.8333 0.8000 0.8696 0.6667
10 15 0.9091 0.6250 0.8333 0.8000 0.8696 0.6667
10 16 0.9091 0.6250 0.8333 0.8000 0.8696 0.6667
10 17 0.9091 0.6250 0.8333 0.8000 0.8696 0.6667
10 18 0.9091 0.6250 0.8333 0.8000 0.8696 0.6667
10 19 0.9091 0.6250 0.8333 0.8000 0.8696 0.6667
10 20 0.9091 0.6250 0.8333 0.8000 0.8696 0.6667
11 0 0.9091 0.6250 0.8333 0.8000 0.8696 0.6667
11 1 0.9091 0.6250 0.8333 0.8000 0.8696 0.6667
11 2 0.9091 0.6250 0.8333 0.8000 0.8696 0.6667
11 3 0.9091 0.6250 0.8333 0.8000 0.8696 0.6667
11 4 0.9091 0.6250 0.8333 0.8000 0.8696 0.6667
11 5 0.9091 0.6250 0.8333 0.8000 0.8696 0.6667
11 6 0.9091 0.6250 0.8333 0.8000 0.8696 0.6667
11 7 0.9091 0.6250 0.8333 0.8000 0.8696 0.6667
11 8 0.9091 0.6250 0.8333 0.8000 0.8696 0.6667
11 9 0.9091 0.6250 0.8333 0.8000 0.8696 0.6667
11 10 0.9091 0.6250 0.8333 0.8000 0.8696 0.6667
11 12 0.9091 0.6250 0.8333 0.8000 0.8696 0.6667
11 13 0.9091 0.6250 0.8333 0.8000 0.8696 0.6667
11 14 0.9091 0.6250 0.8333 0.8000 0.8696 0.6667
11 15 0.9091 0.6250 0.8333 0.8000 0.8696 0.6667
11 16 0.9091 0.6250 0.8333 0.8000 0.8696 0.6667
11 17 0.9091 0.6250 0.8333 0.8000 0.8696 0.6667
11 18 0.9091 0.6250 0.8333 0.8000 0.8696 0.6667
11 19 0.9091 0.6250 0.8333 0.8000 0.8696 0.6667
11 20 0.9091 0.6250 0.8333 0.8000 0.8696 0.6667
12 0 0.9091 0.6250 0.8333 0.8000 0.8696 0.6667
12 1 0.9091 0.6250 0.8333 0.8000 0.8696 0.6667
12 2 0.9091 0.6250 0.8333 0.8000 0.8696 0.6667
12 3 0.9091 0.6250 0.8333 0.8000 0.8696 0.6667
12 4 0.9091 0.6250 0.8333 0.8000 0.8696 0.6667
12 5 0.9091 0.6250 0.8333 0.8000 0.8696 0.6667
12 6 0.9091 0.6250 0.8333 0.8000 0.8696 0.6667
12 7 0.9091 0.6250 0.8333 0.8000 0.8696 0.6667
12 8 0.9091 0.6250 0.8333 0.8000 0.8696 0.6667
12 9 0.9091 0.6250 0.8333 0.8000 0.8696 0.6667
12 10 0.9091 0.6250 0.8333 0.8000 0.8696 0.6667
12 11 0.9091 0.6250 0.8333 0.8000 0.8696 0.6667
12 13 0.9091 0.6250 0.8333 0.8000 0.8696 0.6667
12 14 0.9091 0.6250 0.8333 0.8000 0.8696 0.6667
12 15 0.9091 0.6250 0.8333 0.8000 0.8696 0.6667
12 16 0.9091 0.6250 0.8333 0.8000 0.8696 0.6667
12 17 0.9091 0.6250 0.8333 0.8000 0.8696 0.6667
12 18 0.9091 0.6250 0.8333 0.8000 0.8696 0.6667
12 19 0.9091 0.6250 0.8333 0.8000 0.8696 0.6667
12 20 0.9091 0.6250 0.8333 0.8000 0.8696 0.6667
13 0 0.9091 0.6250 0.8333 0.8000 0.8696 0.6667
13 1 0.9091 0.6250 0.8333 0.8000 0.8696 0.6667
13 2 0.9091 0.6250 0.8333 0.8000 0.8696 0.6667
13 3 0.9091 0.6250 0.8333 0.8000 0.8696 0.6667
13 4 0.9091 0.6250 0.8333 0.8000 0.8696 0.6667
13 5 0.9091 0.6250 0.8333 0.8000 0.8696 0.6667
13 6 0.9091 0.6250 0.8333 0.8000 0.8696 0.6667
13 7 0.9091 0.6250 0.8333 0.8000 0.8696 0.6667
13 8 0.9091 0.6250 0.8333 0.8000 0.8696 0.6667
13 9 0.9091 0.6250 0.8333 0.8000 0.8696 0.6667
13 10 0.9091 0.6250 0.8333 0.8000 0.8696 0.6667
13 11 0.9091 0.6250 0.8333 0.8000 0.8696 0.6667
13 12 0.9091 0.6250 0.8333 0.8000 0.8696 0.6667
13 14 0.9091 0.6250 0.8333 0.8000 0.8696 0.6667
13 15 0.9091 0.6250 0.8333 0.8000 0.8696 0.6667
13 16 0.9091 0.6250 0.8333 0.8000 0.8696 0.6667
13 17 0.9091 0.6250 0.8333 0.8000 0.8696 0.6667
13 18 0.9091 0.6250 0.8333 0.8000 0.8696 0.6667
13 19 0.9091 0.6250 0.8333 0.8000 0.8696 0.6667
13 20 0.9091 0.6250 0.8333 0.8000 0.8696 0.6667
14 0 0.9091 0.6250 0.8333 0.8000 0.8696 0.6667
14 1 0.9091 0.6250 0.8333 0.8000 0.8696 0.6667
14 2 0.9091 0.6250 0.8333 0.8000 0.8696 0.6667
14 3 0.9091 0.6250 0.8333 0.8000 0.8696 0.6667
14 4 0.9091 0.6250 0.8333 0.8000 0.8696 0.6667
14 5 0.9091 0.6250 0.8333 0.8000 0.8696 0.6667
14 6 0.9091 0.6250 0.8333 0.8000 0.8696 0.6667
14 7 0.9091 0.6250 0.8333 0.8000 0.8696 0.6667
14 8 0.9091 0.6250 0.8333 0.8000 0.8696 0.6667
14 9 0.9091 0.6250 0.8333 0.8000 0.8696 0.6667
14 10 0.9091 0.6250 0.8333 0.8000 0.8696 0.6667
14 11 0.9091 0.6250 0.8333 0.8000 0.8696 0.6667
14 12 0.9091 0.6250 0.8333 0.8000 0.8696 0.6667
14 13 0.9091 0.6250 0.8333 0.8000 0.8696 0.6667
14 15 0.9091 0.6250 0.8333 0.8000 0.8696 0.6667
14 16 0.9091 0.6250 0.8333 0.8000 0.8696 0.6667
14 17 0.9091 0.6250 0.8333 0.8000 0.8696 0.6667
14 18 0.9091 0.6250 0.8333 0.8000 0.8696 0.6667
14 19 0.9091 0.6250 0.8333 0.8000 0.8696 0.6667
14 20 0.9091 0.6250 0.8333 0.8000 0.8696 0.6667
15 0 0.9091 0.6250 0.8333 0.8000 0.8696 0.6667
15 1 0.9091 0.6250 0.8333 0.8000 0.8696 0.6667
15 2 0.9091 0.6250 0.8333 0.8000 0.8696 0.6667
15 3 0.9091 0.6250 0.8333 0.8000 0.8696 0.6667
15 4 0.9091 0.6250 0.8333 0.8000 0.8696 0.6667
15 5 0.9091 0.6250 0.8333 0.8000 0.8696 0.6667
15 6 0.9091 0.6250 0.8333 0.8000 0.8696 0.6667
15 7 0.9091 0.6250 0.8333 0.8000 0.8696 0.6667
15 8 0.9091 0.6250 0.8333 0.8000 0.8696 0.6667
15 9 0.9091 0.6250 0.8333 0.8000 0.8696 0.6667
15 10 0.9091 0.6250 0.8333 0.8000 0.8696 0.6667
15 11 0.9091 0.6250 0.8333 0.8000 0.8696 0.6667
15 12 0.9091 0.6250 0.8333 0.8000 0.8696 0.6667
15 13 0.9091 0.6250 0.8333 0.8000 0.8696 0.6667
15 14 0.9091 0.6250 0.8333 0.8000 0.8696 0.6667
15 16 0.9091 0.6250 0.8333 0.8000 0.8696 0.6667
15 17 0.9091 0.6250 0.8333 0.8000 0.8696 0.6667
15 18 0.9091 0.6250 0.8333 0.8000 0.8696 0.6667
15 19 0.9091 0.6250 0.8333 0.8000 0.8696 0.6667
15 20 0.9091 0.6250 0.8333 0.8000 0.8696 0.6667
16 0 0.9091 0.6250 0.8333 0.8000 0.8696 0.6667
16 1 0.9091 0.6250 0.8333 0.8000 0.8696 0.6667
16 2 0.9091 0.6250 0.8333 0.8000 0.8696 0.6667
16 3 0.9091 0.6250 0.8333 0.8000 0.8696 0.6667
16 4 0.9091 0.6250 0.8333 0.8000 0.8696 0.6667
16 5 0.9091 0.6250 0.8333 0.8000 0.8696 0.6667
16 6 0.9091 0.6250 0.8333 0.8000 0.8696 0.6667
16 7 0.9091 0.6250 0.8333 0.8000 0.8696 0.6667
16 8 0.9091 0.6250 0.8333 0.8000 0.8696 0.6667
16 9 0.9091 0.6250 0.8333 0.8000 0.8696 0.6667
16 10 0.9091 0.6250 0.8333 0.8000 0.8696 0.6667
16 11 0.9091 0.6250 0.8333 0.8000 0.8696 0.6667
16 12 0.9091 0.6250 0.8333 0.8000 0.8696 0.6667
16 13 0.9091 0.6250 0.8333 0.8000 0.8696 0.6667
16 14 0.9091 0.6250 0.8333 0.8000 0.8696 0.6667
16 15 0.9091 0.6250 0.8333 0.8000 0.8696 0.6667
16 17 0.9091 0.6250 0.8333 0.8000 0.8696 0.6667
16 18 0.9091 0.6250 0.8333 0.8000 0.8696 0.6667
16 19 0.9091 0.6250 0.8333 0.8000 0.8696 0.6667
16 20 0.9091 0.6250 0.8333 0.8000 0.8696 0.6667
17 0 0.9091 0.6250 0.8333 0.8000 0.8696 0.6667
17 1 0.9091 0.6250 0.8333 0.8000 0.8696 0.6667
17 2 0.9091 0.6250 0.8333 0.8000 0.8696 0.6667
17 3 0.9091 0.6250 0.8333 0.8000 0.8696 0.6667
17 4 0.9091 0.6250 0.8333 0.8000 0.8696 0.6667
17 5 0.9091 0.6250 0.8333 0.8000 0.8696 0.6667
17 6 0.9091 0.6250 0.8333 0.8000 0.8696 0.6667
17 7 0.9091 0.6250 0.8333 0.8000 0.8696 0.6667
17 8 0.9091 0.6250 0.8333 0.8000 0.8696 0.6667
17 9 0.9091 0.6250 0.8333 0.8000 0.8696 0.6667
17 10 0.9091 0.6250 0.8333 0.8000 0.8696 0.6667
17 11 0.9091 0.6250 0.8333 0.8000 0.8696 0.6667
17 12 0.9091 0.6250 0.8333 0.8000 0.8696 0.6667
17 13 0.9091 0.6250 0.8333 0.8000 0.8696 0.6667
17 14 0.9091 0.6250 0.8333 0.8000 0.8696 0.6667
17 15 0.9091 0.6250 0.8333 0.8000 0.8696 0.6667
17 16 0.9091 0.6250 0.8333 0.8000 0.8696 0.6667
17 18 0.9091 0.6250 0.8333 0.8000 0.8696 0.6667
17 19 0.9091 0.6250 0.8333 0.8000 0.8696 0.6667
17 20 0.9091 0.6250 0.8333 0.8000 0.8696 0.6667
18 0 0.9091 0.6250 0.8333 0.8000 0.8696 0.6667
18 1 0.9091 0.6250 0.8333 0.8000 0.8696 0.6667
18 2 0.9091 0.6250 0.8333 0.8000 0.8696 0.6667
18 3 0.9091 0.6250 0.8333 0.8000 0.8696 0.6667
18 4 0.9091 0.6250 0.8333 0.8000 0.8696 0.6667
18 5 0.9091 0.6250 0.8333 0.8000 0.8696 0.6667
18 6 0.9091 0.6250 0.8333 0.8000 0.8696 0.6667
18 7 0.9091 0.6250 0.8333 0.8000 0.8696 0.6667
18 8 0.9091 0.6250 0.8333 0.8000 0.8696 0.6667
18 9 0.9091 0.6250 0.8333 0.8000 0.8696 0.6667
18 10 0.9091 0.6250 0.8333 0.8000 0.8696 0.6667
18 11 0.9091 0.6250 0.8333 0.8000 0.8696 0.6667
18 12 0.9091 0.6250 0.8333 0.8000 0.8696 0.6667
18 13 0.9091 0.6250 0.8333 0.8000 0.8696 0.6667
18 14 0.9091 0.6250 0.8333 0.8000 0.8696 0.6667
18 15 0.9091 0.6250 0.8333 0.8000 0.8696 0.6667
18 16 0.9091 0.6250 0.8333 0.8000 0.8696 0.6667
18 17 0.9091 0.6250 0.8333 0.8000 0.8696 0.6667
18 19 0.9091 0.6250 0.8333 0.8000 0.8696 0.6667
18 20 0.9091 0.6250 0.8333 0.8000 0.8696 0.6667
19 0 0.9091 0.6250 0.8333 0.8000 0.8696 0.6667
19 1 0.9091 0.6250 0.8333 0.8000 0.8696 0.6667
19 2 0.9091 0.6250 0.8333 0.8000 0.8696 0.6667
19 3 0.9091 0.6250 0.8333 0.8000 0.8696 0.6667
19 4 0.9091 0.6250 0.8333 0.8000 0.8696 0.6667
19 5 0.9091 0.6250 0.8333 0.8000 0.8696 0.6667
19 6 0.9091 0.6250 0.8333 0.8000 0.8696 0.6667
19 7 0.9091 0.6250 0.8333 0.8000 0.8696 0.6667
19 8 0.9091 0.6250 0.8333 0.8000 0.8696 0.6667
19 9 0.9091 0.6250 0.8333 0.8000 0.8696 0.6667
19 10 0.9091 0.6250 0.8333 0.8000 0.8696 0.6667
19 11 0.9091 0.6250 0.8333 0.8000 0.8696 0.6667
19 12 0.9091 0.6250 0.8333 0.8000 0.8696 0.6667
19 13 0.9091 0.6250 0.8333 0.8000 0.8696 0.6667
19 14 0.9091 0.6250 0.8333 0.8000 0.8696 0.6667
19 15 0.9091 0.6250 0.8333 0.8000 0.8696 0.6667
19 16 0.9091 0.6250 0.8333 0.8000 0.8696 0.6667
19 17 0.9091 0.6250 0.8333 0.8000 0.8696 0.6667
19 18 0.9091 0.6250 0.8333 0.8000 0.8696 0.6667
19 20 0.9091 0.6250 0.8333 0.8000 0.8696 0.6667
20 0 0.9091 0.6250 0.8333 0.8000 0.8696 0.6667
20 1 0.9091 0.6250 0.8333 0.8000 0.8696 0.6667
20 2 0.9091 0.6250 0.8333 0.8000 0.8696 0.6667
20 3 0.9091 0.6250 0.8333 0.8000 0.8696 0.6667
20 4 0.9091 0.6250 0.8333 0.8000 0.8696 0.6667
20 5 0.9091 0.6250 0.8333 0.8000 0.8696 0.6667
20 6 0.9091 0.6250 0.8333 0.8000 0.8696 0.6667
20 7 0.9091 0.6250 0.8333 0.8000 0.8696 0.6667
20 8 0.9091 0.6250 0.8333 0.8000 0.8696 0.6667
20 9 0.9091 0.6250 0.8333 0.8000 0.8696 0.6667
20 10 0.9091 0.6250 0.8333 0.8000 0.8696 0.6667
20 11 0.9091 0.6250 0.8333 0.8000 0.8696 0.6667
20 12 0.9091 0.6250 0.8333 0.8000 0.8696 0.6667
20 13 0.9091 0.6250 0.8333 0.8000 0.8696 0.6667
20 14 0.9091 0.6250 0.8333 0.8000 0.8696 0.6667
20 15 0.9091 0.6250 0.8333 0.8000 0.8696 0.6667
20 16 0.9091 0.6250 0.8333 0.8000 0.8696 0.6667
20 17 0.9091 0.6250 0.8333 0.8000 0.8696 0.6667
20 18 0.9091 0.6250 0.8333 0.8000 0.8696 0.6667
20 19 0.9091 0.6250 0.8333 0.8000 0.8696 0.6667
arc_sigma_end
