INSTANCE_FILE: big_instance/200.20.1.txt
INSTANCE_BASE: 200.20.1
SOLVER: heavy
TRAFFIC: heavy
SIGMA: 0.6,0.4,0.5,0.6,0.4,0.5,0.6,0.4,0.5,0.6,0.4,0.5
RUN: 4
---SOLVER OUTPUT---
Initial solution cost: 23077.778929
Improved solution cost: 12652.260360
Worst solution cost: 12652.260360
Mean solution cost: 12652.260360
Mean elapsed time: 1246.985844 seconds
Final solution feasibility: FEASIBLE
Solution Details:
Truck Routes:
Truck 1: 0 94 141 86 82 0 157 147 13 145 33 105 178 0 122 144 152 10 0 |Truck Time: 12401.902003|12401.902003,0.000000,0.000000,0.000000
Truck 2: 0 176 159 38 41 87 166 35 0 137 29 69 173 20 48 0 49 31 135 61 64 97 73 66 0 |Truck Time: 12630.775807|12630.775807,0.000000,0.000000,0.000000
Truck 3: 0 40 44 151 6 0 53 3 2 200 92 0 182 158 14 101 36 0 |Truck Time: 12652.260360|12652.260360,0.000000,0.000000,0.000000
Truck 4: 0 165 110 21 60 187 0 83 34 30 98 139 0 124 156 180 63 170 115 0 |Truck Time: 12633.518864|12633.518864,0.000000,0.000000,0.000000
Truck 5: 0 19 23 179 85 46 130 100 161 42 51 193 0 79 9 7 169 106 95 128 0 164 99 54 26 111 76 24 28 163 118 0 |Truck Time: 12648.474096|12648.474096,0.000000,0.000000,0.000000
Truck 6: 0 65 121 160 81 22 154 45 0 32 132 174 12 129 0 56 117 192 148 143 107 59 190 0 |Truck Time: 12594.029081|12594.029081,0.000000,0.000000,0.000000
Drone Routes:
Drone 1: 0 136 75 189 70 0 171 131 195 0 108 153 77 119 138 0 84 196 8 0 15 39 113 0 183 0 186 0 72 0 194 0 |Drone Time: 12642.324450|12642.324450,0.000000,0.000000,0.000000
Drone 2: 0 43 16 52 0 17 0 18 0 116 0 1 177 58 197 0 103 74 0 57 0 133 120 0 168 0 78 93 0 |Drone Time: 12646.913023|12646.913023,0.000000,0.000000,0.000000
Drone 3: 0 142 0 104 55 198 0 181 50 68 191 0 25 109 140 185 0 155 172 199 0 11 0 125 175 37 0 4 149 96 0 62 127 0 |Drone Time: 12630.017556|12630.017556,0.000000,0.000000,0.000000
Drone 4: 0 90 150 0 80 0 27 47 0 134 184 112 0 89 0 88 91 0 126 0 123 102 5 0 146 67 0 162 114 0 167 0 188 71 0 |Drone Time: 12640.047930|12640.047930,0.000000,0.000000,0.000000
Total validation: Makespan=12652.260360, Deadline violation=0.000000, Energy violation=0.000000, Capacity violation=0.000000
