INSTANCE_FILE: big_instance/200.40.2.txt
INSTANCE_BASE: 200.40.2
SOLVER: light
TRAFFIC: light
SIGMA: 0.9,0.7,0.8,0.9,0.7,0.8,0.9,0.7,0.8,0.9,0.7,0.8
RUN: 3
---SOLVER OUTPUT---
Initial solution cost: 41852.247064
Improved solution cost: 22396.392217
Worst solution cost: 22396.392217
Mean solution cost: 22396.392217
Mean elapsed time: 1417.155744 seconds
Final solution feasibility: FEASIBLE
Solution Details:
Truck Routes:
Truck 1: 0 157 10 172 24 0 67 130 0 31 84 132 186 0 95 0 56 102 105 0 |Truck Time: 22385.017946|22385.017946,0.000000,0.000000,0.000000
Truck 2: 0 59 46 63 0 127 188 107 14 25 94 0 17 194 131 187 47 0 68 30 140 145 116 0 54 92 34 0 |Truck Time: 22258.777587|22258.777587,0.000000,0.000000,0.000000
Truck 3: 0 197 125 190 44 0 112 165 109 37 96 0 55 106 159 0 198 177 163 0 |Truck Time: 22370.988766|22370.988766,0.000000,0.000000,0.000000
Truck 4: 0 168 89 98 0 166 180 128 139 72 29 170 0 78 175 153 148 40 133 42 0 122 12 183 20 110 43 0 |Truck Time: 22362.705290|22362.705290,0.000000,0.000000,0.000000
Truck 5: 0 48 88 3 179 0 108 161 173 101 39 0 164 15 114 0 38 51 16 200 8 70 134 0 99 167 123 6 11 19 0 |Truck Time: 22357.532043|22357.532043,0.000000,0.000000,0.000000
Truck 6: 0 2 174 52 5 69 0 97 151 22 9 0 87 60 100 135 41 192 0 93 184 115 0 23 0 |Truck Time: 22266.625631|22266.625631,0.000000,0.000000,0.000000
Drone Routes:
Drone 1: 0 178 7 176 0 126 90 80 0 103 104 0 143 0 81 144 0 162 0 181 0 189 169 0 32 0 64 27 0 |Drone Time: 22362.285869|22362.285869,0.000000,0.000000,0.000000
Drone 2: 0 76 120 0 136 50 191 0 36 152 0 86 185 0 35 137 0 142 45 0 77 65 0 154 74 0 28 49 0 199 83 0 |Drone Time: 22388.419203|22388.419203,0.000000,0.000000,0.000000
Drone 3: 0 33 138 146 75 182 0 195 71 150 26 0 1 79 141 156 0 111 0 113 0 119 124 0 13 62 0 155 0 193 129 0 91 73 0 |Drone Time: 22396.392217|22396.392217,0.000000,0.000000,0.000000
Drone 4: 0 85 0 57 53 66 0 118 4 21 171 0 196 18 158 0 82 0 149 0 160 0 117 61 0 121 58 0 147 0 |Drone Time: 22386.324858|22386.324858,0.000000,0.000000,0.000000
Total validation: Makespan=22396.392217, Deadline violation=0.000000, Energy violation=0.000000, Capacity violation=0.000000
