INSTANCE_FILE: big_instance/200.20.3.txt
INSTANCE_BASE: 200.20.3
SOLVER: light
TRAFFIC: light
SIGMA: 0.9,0.7,0.8,0.9,0.7,0.8,0.9,0.7,0.8,0.9,0.7,0.8
RUN: 4
---SOLVER OUTPUT---
Initial solution cost: 17069.250257
Improved solution cost: 7817.646493
Worst solution cost: 7817.646493
Mean solution cost: 7817.646493
Mean elapsed time: 1708.989631 seconds
Final solution feasibility: FEASIBLE
Solution Details:
Truck Routes:
Truck 1: 0 134 189 179 63 98 162 65 115 151 0 80 81 29 166 123 20 1 24 17 99 32 0 |Truck Time: 7817.646493|7817.646493,0.000000,0.000000,0.000000
Truck 2: 0 86 22 138 18 88 48 119 64 169 0 111 43 129 42 183 49 159 28 78 92 0 |Truck Time: 7801.622436|7801.622436,0.000000,0.000000,0.000000
Truck 3: 0 15 90 100 127 103 77 106 4 14 107 0 79 83 38 192 91 75 27 50 125 137 44 188 0 |Truck Time: 7800.320367|7800.320367,0.000000,0.000000,0.000000
Truck 4: 0 160 113 60 84 101 70 158 135 10 26 0 187 195 40 178 200 59 177 0 |Truck Time: 7817.219027|7817.219027,0.000000,0.000000,0.000000
Truck 5: 0 104 165 128 66 121 69 132 45 6 53 5 16 109 171 3 25 105 0 73 172 168 93 141 163 126 198 130 94 0 |Truck Time: 7804.633520|7804.633520,0.000000,0.000000,0.000000
Truck 6: 0 62 117 149 36 190 33 54 144 0 196 167 186 157 55 150 112 51 0 57 95 152 97 8 140 0 |Truck Time: 7781.901793|7781.901793,0.000000,0.000000,0.000000
Drone Routes:
Drone 1: 0 67 58 56 0 31 142 110 0 11 108 0 147 174 0 12 21 0 76 0 |Drone Time: 7796.518868|7796.518868,0.000000,0.000000,0.000000
Drone 2: 0 124 133 13 61 176 0 122 9 114 102 23 0 19 175 161 155 0 47 173 87 0 30 143 153 0 184 82 0 |Drone Time: 7744.270810|7744.270810,0.000000,0.000000,0.000000
Drone 3: 0 89 170 37 72 0 74 46 154 0 197 199 0 145 0 2 96 164 0 85 148 0 185 39 0 |Drone Time: 7795.535931|7795.535931,0.000000,0.000000,0.000000
Drone 4: 0 180 136 146 0 131 118 193 0 120 0 68 71 34 0 182 0 52 191 139 35 7 41 0 194 156 181 0 116 0 |Drone Time: 7795.455254|7795.455254,0.000000,0.000000,0.000000
Total validation: Makespan=7817.646493, Deadline violation=0.000000, Energy violation=0.000000, Capacity violation=0.000000
